,User,RMSE,CRA,ModelVersion,TimeStamp,Queries,Neighbors,Predictions
0,374831,0.263,0.417,0,2025-02-23 07:21:42.939341,"['32224', '32231', '32240', '32243', '32246', '32248', '32251', '32262', '32263', '32266', '32269', '32275', '32283', '32286', '32287']","[3255, 3063, 4725, 5522, 216, 734, 295, 2668, 2072, 5801, 3474, 5256, 5692, 3593, 756, 1164, 4184, 1117, 1268, 5245, 2620, 1098, 342, 5065, 5402, 1103, 4459, 4396, 2943, 391, 3084, 3572, 1316, 668, 2843, 2246]","[0.29, 0.83, 0.77, 0.3, 0.85, 0.83, 0.32, 0.48, 0.22, 0.23, 0.75, 0.7, 0.32, 0.89, 0.57, 0.72, 0.16, 1.0, 0.76, 0.65, 0.56, 0.87, 0.23, 0.78, 0.75, 0.75, 1.0, 0.92, 0.38, 0.75, 0.84, 0.29, 0.25, 0.36, 1.0, 0.15, 0.86, 1.0, 0.24, 0.76, 0.83, 0.84, 0.84, 0.93, 0.74, 0.77, 0.87, 0.26, 1.0, 0.75, 0.28, 0.42, 0.0, 0.83, 0.08, 1.0, 0.41, 0.93, 0.09, 0.2, 0.4, 0.0, 0.74, 0.24, 0.65, 0.24, 0.83, 0.71, 0.79, 0.25, 0.77, 0.25, 0.5, 0.0, 0.67]"
1,60370,0.357,0.167,0,2025-02-23 07:21:43.076233,"['32214', '32217', '32218', '32225', '32226', '32236', '32239', '32244', '32245', '32261', '32264', '32266', '32269', '32287', '32288']","[4003, 3052, 4226, 5760, 4319, 4723, 2586, 5675, 4119, 4033, 5195, 1331, 539, 3720, 3158, 930, 650, 637, 5888, 5385, 1929, 253, 2551, 2547, 2378, 4701, 3703, 882, 4975, 557, 449, 277, 5098, 3998, 1868, 506]","[0.0, 0.47, 0.71, 1.0, 0.0, 0.36, 0.18, 0.24, 0.51, 0.48, 0.33, 1.0, 1.0, 0.69, 0.18, 0.61, 0.48, 0.28, 0.65, 0.61, 0.2, 0.79, 1.0, 0.74, 0.28, 0.75, 0.25, 0.66, 0.7, 0.81, 1.0, 0.75, 0.21, 0.77, 0.55, 0.57, 0.71, 0.32, 0.44, 0.43, 0.55, 0.48, 0.5, 0.69, 0.79, 0.58, 0.6, 1.0, 0.18, 0.61, 1.0, 0.45, 1.0, 0.72, 0.22, 0.75, 0.69, 0.6, 0.23, 0.41, 0.49, 0.77, 0.37, 0.35, 0.71, 0.43, 0.51, 0.39, 0.69, 0.43, 0.59, 0.45, 0.58, 1.0, 0.75]"
2,683779,0.339,0.167,0,2025-02-23 07:21:43.216093,"['32214', '32228', '32231', '32234', '32238', '32246', '32247', '32251', '32261', '32262', '32263', '32265', '32269', '32281', '32287']","[2943, 342, 5692, 2664, 1316, 5594, 2112, 4757, 2498, 4322, 4520, 3500, 981, 1538, 3706, 5110, 3029, 5256, 4412, 3406, 712, 2843, 5460, 4184, 2640, 1176, 5238, 2761, 145, 114, 5065, 2331, 3249, 2756, 1098, 5003]","[1.0, 0.77, 0.73, 0.51, 0.84, 0.7, 0.3, 0.44, 0.33, 0.19, 0.52, 0.66, 0.34, 0.87, 0.0, 0.77, 0.15, 0.75, 0.8, 0.72, 1.0, 0.92, 0.27, 0.8, 0.75, 0.67, 0.56, 0.88, 0.53, 0.67, 0.78, 0.33, 0.75, 0.25, 0.64, 0.16, 0.82, 0.75, 0.26, 0.74, 0.8, 0.81, 0.79, 0.91, 0.84, 0.83, 0.85, 0.0, 0.75, 0.25, 0.31, 0.75, 0.74, 0.79, 0.04, 1.0, 0.58, 0.91, 0.05, 0.1, 0.45, 0.54, 0.67, 0.19, 0.72, 0.25, 0.8, 0.75, 0.78, 0.42, 0.74, 0.29, 0.51, 0.75, 0.64]"
3,65021,0.252,0.306,0,2025-02-23 07:21:43.354810,"['32224', '32228', '32243', '32245', '32246', '32248', '32251', '32262', '32263', '32266', '32269', '32275', '32283', '32286', '32288']","[1164, 391, 806, 3310, 5256, 2072, 4459, 734, 1268, 4807, 3273, 5402, 5692, 214, 5696, 1117, 3063, 2246, 668, 3084, 1183, 2980, 5134, 5045, 5290, 535, 2253, 2172, 4371, 4500, 3124, 133, 3474, 3406, 4639, 5301]","[0.24, 0.87, 0.78, 0.22, 0.88, 0.88, 0.34, 0.51, 0.18, 0.23, 0.75, 0.73, 0.3, 0.9, 0.25, 0.71, 0.14, 0.69, 0.75, 0.63, 0.58, 0.85, 0.2, 0.78, 0.8, 0.79, 0.79, 0.93, 0.32, 0.0, 0.87, 0.0, 0.75, 0.31, 0.25, 0.13, 0.88, 0.75, 0.22, 0.78, 0.85, 0.86, 0.86, 0.94, 0.7, 0.76, 0.89, 0.25, 0.75, 0.25, 0.25, 0.35, 0.75, 0.84, 0.09, 0.75, 0.34, 0.95, 0.1, 0.23, 0.38, 0.0, 0.78, 0.26, 0.62, 0.23, 0.85, 0.75, 0.8, 0.5, 0.79, 0.23, 0.5, 0.32, 1.0]"
4,1085933,0.282,0.278,0,2025-02-23 07:21:43.492984,"['32231', '32242', '32243', '32245', '32246', '32247', '32261', '32263', '32266', '32269', '32273', '32275', '32276', '32283', '32288']","[4000, 2668, 2072, 3263, 2943, 3063, 1268, 1164, 3255, 5541, 391, 1273, 216, 5045, 4459, 734, 2270, 2468, 835, 2172, 5256, 3593, 668, 3406, 4161, 5700, 1293, 5402, 576, 3124, 2246, 5692, 214, 2339, 712, 4396]","[0.27, 0.81, 0.77, 0.26, 0.81, 0.81, 0.3, 0.44, 0.22, 0.3, 0.46, 0.67, 0.35, 0.86, 0.47, 0.67, 0.2, 0.25, 0.72, 0.61, 0.47, 0.83, 0.28, 0.77, 0.71, 0.72, 0.71, 0.9, 0.0, 1.0, 0.81, 0.0, 1.0, 0.0, 0.48, 0.2, 0.85, 0.47, 0.27, 0.7, 0.8, 0.8, 0.81, 0.91, 0.7, 0.71, 0.85, 0.75, 0.48, 0.25, 0.33, 0.33, 0.0, 0.82, 0.13, 0.75, 0.39, 0.92, 0.13, 0.0, 0.4, 0.17, 0.83, 0.29, 0.63, 0.27, 0.79, 0.68, 0.78, 0.25, 0.75, 0.27, 0.51, 0.37, 0.5]"
5,1348327,0.31,0.139,5,2025-02-23 07:21:43.740992,"['32214', '32219', '32224', '32231', '32238', '32240', '32242', '32247', '32251', '32263', '32265', '32269', '32275', '32286', '32287']","[342, 5460, 1316, 5065, 2498, 1538, 3706, 3500, 114, 5594, 2664, 5121, 4757, 1919, 1098, 2843, 2112, 981, 4322, 111, 4547, 4617, 2494, 5238, 1611, 4184, 5692, 2367, 5647, 2761, 2281, 145, 3474, 1932, 3493, 5256]","[1.0, 0.79, 0.73, 0.5, 0.86, 1.0, 0.33, 0.43, 0.29, 0.15, 1.0, 0.66, 0.3, 0.89, 0.65, 0.81, 0.14, 1.0, 0.79, 0.72, 0.64, 0.92, 0.24, 0.81, 1.0, 0.7, 1.0, 0.9, 1.0, 0.65, 0.82, 0.32, 0.72, 0.0, 0.66, 0.14, 0.83, 0.75, 0.26, 0.78, 0.81, 0.85, 0.82, 0.91, 0.86, 0.84, 0.87, 0.19, 0.67, 1.0, 0.27, 1.0, 0.78, 0.78, 0.03, 1.0, 0.56, 0.92, 0.04, 0.09, 0.43, 0.67, 0.71, 0.16, 0.73, 0.21, 0.8, 0.65, 0.79, 0.39, 0.77, 0.25, 0.5, 0.5, 0.68]"
6,802728,0.359,0.361,5,2025-02-23 07:21:43.862181,"['32217', '32219', '32225', '32226', '32236', '32239', '32248', '32249', '32253', '32259', '32264', '32269', '32273', '32276', '32281']","[3703, 3052, 539, 5195, 4003, 4723, 557, 4226, 4033, 2840, 2586, 506, 5658, 3326, 4600, 3720, 5760, 2612, 2744, 2378, 5782, 5385, 4846, 882, 637, 2740, 838, 4732, 3158, 5888, 1331, 3308, 3035, 835, 823, 2948]","[0.43, 0.5, 0.73, 0.0, 0.49, 0.75, 0.18, 0.24, 0.39, 0.5, 0.35, 0.25, 0.75, 0.71, 0.16, 0.6, 0.49, 0.28, 0.61, 0.55, 0.19, 0.73, 1.0, 0.7, 0.32, 0.75, 0.37, 0.72, 0.62, 0.73, 0.52, 0.72, 0.22, 0.74, 0.75, 1.0, 0.75, 0.34, 0.45, 0.75, 0.56, 0.51, 0.57, 0.7, 0.71, 0.75, 0.62, 0.69, 0.16, 0.61, 1.0, 0.3, 0.39, 0.72, 0.28, 0.25, 0.6, 0.66, 0.29, 0.25, 0.44, 0.67, 0.17, 0.4, 0.67, 0.43, 0.52, 0.75, 0.68, 0.47, 0.63, 0.41, 0.56, 0.58, 0.43]"
7,1003992,0.284,0.5,5,2025-02-23 07:21:43.982226,"['32219', '32221', '32224', '32228', '32242', '32243', '32246', '32247', '32251', '32263', '32264', '32266', '32269', '32283', '32286']","[1164, 3063, 4459, 806, 668, 5290, 4500, 2072, 734, 4807, 3255, 2246, 5402, 3080, 5747, 558, 2980, 3310, 5256, 5134, 2668, 535, 2341, 2253, 391, 2298, 5313, 5245, 214, 4444, 1316, 133, 1183, 3273, 756, 3474]","[0.23, 0.87, 0.79, 0.22, 0.89, 0.75, 0.35, 0.75, 0.15, 0.21, 0.0, 0.71, 0.27, 0.9, 1.0, 0.75, 0.14, 0.72, 0.74, 0.62, 0.6, 0.85, 0.19, 0.77, 0.8, 0.82, 0.8, 0.94, 0.0, 0.25, 0.88, 0.27, 1.0, 0.0, 0.46, 0.12, 0.88, 0.75, 0.23, 0.79, 0.85, 0.87, 0.87, 0.94, 0.69, 0.75, 0.9, 0.25, 0.61, 0.25, 0.0, 0.34, 0.75, 0.83, 0.08, 0.25, 0.31, 0.96, 0.08, 0.22, 0.35, 0.31, 0.79, 0.24, 0.63, 0.2, 0.85, 0.75, 0.8, 0.75, 0.81, 0.23, 0.5, 0.33, 0.73]"
8,1341367,0.277,0.111,5,2025-02-23 07:21:44.096212,"['32219', '32224', '32231', '32233', '32242', '32243', '32245', '32246', '32247', '32251', '32263', '32269', '32275', '32283', '32286']","[216, 734, 1103, 2072, 391, 835, 5256, 3255, 668, 1164, 3063, 1268, 5245, 2246, 539, 5045, 806, 4459, 2346, 1183, 2668, 5157, 4725, 5402, 2172, 1117, 5301, 2840, 5046, 5313, 117, 3474, 5522, 2753, 5742, 182]","[0.21, 0.83, 0.79, 0.2, 0.83, 1.0, 0.3, 0.42, 0.16, 0.31, 0.25, 0.66, 0.33, 0.87, 0.46, 0.69, 0.22, 1.0, 0.68, 1.0, 0.46, 0.78, 0.27, 0.74, 0.73, 0.78, 0.77, 0.92, 0.0, 0.25, 0.84, 0.0, 0.0, 0.0, 0.39, 0.19, 0.87, 0.75, 0.28, 0.72, 0.8, 0.81, 0.83, 0.91, 0.62, 0.65, 0.86, 0.39, 0.44, 1.0, 0.3, 0.24, 0.37, 0.82, 0.15, 0.25, 0.31, 0.93, 0.16, 0.38, 0.35, 0.0, 0.74, 0.32, 0.6, 0.26, 0.8, 0.71, 0.77, 0.0, 0.78, 0.27, 0.0, 0.37, 0.67]"
9,876748,0.336,0.278,5,2025-02-23 07:21:44.217071,"['32217', '32219', '32221', '32234', '32240', '32242', '32247', '32248', '32251', '32263', '32265', '32269', '32270', '32275', '32286']","[5256, 342, 3474, 3084, 3255, 5065, 1196, 3450, 2367, 1316, 1164, 668, 1538, 4184, 2843, 1787, 295, 214, 3310, 2498, 1183, 3113, 3376, 5692, 4547, 4725, 4396, 1611, 5402, 4257, 1098, 605, 1117, 3063, 981, 2044]","[0.38, 0.84, 0.75, 0.0, 0.89, 1.0, 0.36, 1.0, 0.22, 0.14, 0.62, 0.7, 0.27, 0.91, 0.7, 0.81, 0.12, 0.77, 0.79, 0.71, 1.0, 0.92, 0.19, 0.81, 0.76, 0.77, 1.0, 0.92, 0.75, 0.55, 0.87, 0.26, 0.76, 0.25, 1.0, 0.11, 0.86, 0.75, 0.23, 0.81, 0.85, 0.88, 0.86, 0.94, 0.83, 0.84, 0.89, 0.17, 0.71, 0.75, 0.22, 1.0, 0.74, 0.81, 0.03, 1.0, 1.0, 0.95, 0.04, 0.09, 0.4, 0.0, 0.77, 0.16, 0.71, 0.19, 0.84, 0.71, 0.81, 0.42, 0.8, 0.23, 0.25, 0.36, 0.72]"
10,299190,0.348,0.194,10,2025-02-23 07:21:44.458696,"['32215', '32218', '32222', '32223', '32226', '32236', '32239', '32248', '32249', '32252', '32253', '32256', '32269', '32273', '32274']","[3052, 5195, 4033, 4953, 3500, 4539, 4600, 4808, 4226, 637, 2050, 539, 506, 4003, 1359, 2505, 5760, 576, 2664, 1822, 3720, 4455, 4846, 3694, 5899, 3326, 823, 5647, 5567, 5918, 449, 814, 2378, 3094, 2112, 3285]","[0.56, 1.0, 0.72, 0.62, 1.0, 0.43, 0.23, 0.29, 1.0, 0.0, 0.44, 0.52, 0.75, 0.76, 0.3, 0.68, 0.34, 0.4, 0.72, 0.67, 0.33, 0.85, 0.75, 0.76, 0.39, 0.25, 0.31, 0.73, 0.67, 0.77, 0.56, 0.61, 0.37, 0.71, 0.25, 1.0, 0.76, 0.37, 0.0, 0.75, 0.64, 0.61, 0.25, 0.79, 0.83, 0.7, 0.68, 0.49, 0.32, 0.58, 0.56, 0.56, 0.63, 0.7, 0.11, 1.0, 0.68, 0.7, 0.14, 0.0, 0.0, 0.74, 0.43, 0.24, 0.73, 0.38, 0.59, 0.48, 0.71, 0.42, 0.61, 0.4, 0.54, 0.52, 0.46]"
11,1417370,0.328,0.472,10,2025-02-23 07:21:44.573258,"['32217', '32231', '32236', '32238', '32239', '32243', '32245', '32247', '32248', '32266', '32275', '32276', '32283', '32286', '32288']","[216, 5195, 2943, 4600, 5541, 3255, 539, 2840, 835, 5692, 2620, 2050, 3951, 2664, 2753, 3474, 2640, 4322, 117, 5256, 3063, 2761, 506, 4033, 2668, 712, 1382, 889, 734, 1268, 5460, 391, 3406, 1273, 1787, 5700]","[0.3, 0.79, 0.78, 0.0, 0.79, 0.76, 0.3, 0.4, 0.25, 0.31, 0.48, 0.64, 0.38, 0.86, 0.43, 0.69, 0.22, 0.75, 0.72, 0.62, 0.45, 0.82, 0.75, 0.76, 1.0, 0.75, 0.65, 0.89, 0.42, 0.75, 0.79, 0.25, 0.54, 0.25, 1.0, 0.23, 0.86, 0.45, 0.31, 0.67, 0.77, 0.78, 0.8, 0.9, 0.72, 0.71, 0.83, 0.38, 0.45, 0.51, 0.37, 0.35, 0.25, 0.77, 0.12, 0.63, 0.42, 0.89, 0.15, 0.3, 0.4, 0.5, 0.83, 0.26, 0.64, 0.29, 0.75, 0.66, 0.76, 0.25, 0.72, 0.3, 0.25, 0.4, 0.25]"
12,1209677,0.286,0.417,10,2025-02-23 07:21:44.692314,"['32214', '32218', '32236', '32240', '32245', '32248', '32261', '32264', '32269', '32275', '32276', '32283', '32286', '32287', '32288']","[5195, 539, 117, 2753, 2840, 506, 216, 889, 3052, 637, 2943, 4600, 835, 4033, 5541, 5758, 2664, 3263, 576, 2761, 4003, 1098, 4322, 3255, 1273, 4065, 712, 4723, 2612, 1077, 5692, 5535, 3596, 2505, 3951, 1553]","[0.25, 0.72, 0.77, 0.35, 1.0, 0.67, 0.27, 0.36, 0.3, 0.36, 0.44, 0.59, 0.42, 0.83, 0.34, 0.66, 0.28, 0.46, 0.69, 0.61, 0.37, 0.8, 1.0, 0.74, 0.58, 0.61, 1.0, 0.85, 0.48, 0.59, 0.71, 0.75, 0.44, 0.57, 0.75, 0.31, 0.83, 0.41, 0.35, 0.59, 0.72, 0.71, 0.74, 0.87, 0.72, 0.66, 0.78, 0.75, 0.35, 0.54, 0.0, 0.35, 0.45, 0.75, 0.15, 0.75, 0.48, 0.84, 0.18, 0.35, 0.42, 0.67, 0.83, 0.28, 0.65, 0.33, 0.7, 0.6, 0.74, 0.25, 0.68, 0.33, 0.25, 0.0, 0.5]"
13,256082,0.345,0.056,10,2025-02-23 07:21:44.811851,"['32227', '32229', '32236', '32241', '32248', '32254', '32257', '32259', '32266', '32269', '32273', '32279', '32280', '32284', '32285']","[4319, 4927, 5915, 5771, 3998, 1569, 4780, 2910, 5385, 5114, 525, 1204, 4554, 2011, 3128, 2586, 2609, 1585, 2547, 1596, 5562, 5521, 4804, 715, 2273, 690, 4991, 5624, 4012, 3089, 2693, 5192, 4988, 3349, 5326, 2338]","[0.74, 0.18, 0.65, 0.81, 0.19, 0.09, 0.11, 0.13, 0.74, 0.64, 0.24, 0.29, 0.7, 0.0, 0.05, 0.0, 0.75, 0.08, 0.59, 0.61, 0.06, 0.73, 1.0, 0.68, 0.08, 0.17, 0.06, 0.0, 0.87, 0.92, 0.15, 0.91, 0.06, 0.94, 1.0, 0.85, 0.56, 0.19, 0.65, 0.18, 0.25, 0.21, 0.25, 0.0, 0.84, 0.25, 0.28, 0.85, 0.04, 0.73, 0.87, 0.51, 1.0, 0.58, 0.37, 0.0, 0.86, 0.2, 0.41, 0.25, 0.59, 0.94, 0.12, 0.4, 0.75, 1.0, 0.0, 0.22, 0.58, 0.37, 0.5, 0.5, 0.6, 0.72, 0.21]"
14,1341526,0.216,0.667,10,2025-02-23 07:21:44.930113,"['32224', '32231', '32234', '32236', '32240', '32243', '32245', '32247', '32248', '32262', '32263', '32275', '32276', '32283', '32286']","[216, 835, 5256, 1164, 391, 5541, 4322, 2943, 3255, 3406, 734, 1268, 2640, 2072, 3951, 2664, 668, 5692, 5700, 2620, 2761, 2668, 5402, 3593, 712, 1942, 3063, 5045, 5535, 1316, 2840, 1103, 3474, 2753, 539, 5744]","[0.28, 0.82, 0.79, 0.28, 0.83, 0.8, 0.32, 0.43, 0.23, 0.28, 0.75, 0.66, 0.35, 0.88, 0.48, 0.71, 0.18, 0.75, 0.73, 0.63, 0.75, 0.83, 0.25, 0.76, 0.72, 0.72, 0.75, 0.91, 0.38, 0.25, 0.82, 0.25, 0.6, 0.25, 0.75, 0.19, 0.87, 0.47, 0.28, 0.71, 0.8, 0.81, 0.83, 0.92, 0.71, 0.73, 0.86, 0.34, 0.25, 0.75, 0.32, 0.36, 0.47, 0.78, 0.1, 0.66, 0.39, 0.92, 0.13, 0.27, 0.38, 0.33, 0.67, 0.24, 0.64, 0.27, 0.79, 0.69, 0.77, 0.5, 0.74, 0.28, 0.5, 0.38, 0.62]"
15,1466992,0.356,0.306,15,2025-02-23 07:21:45.181932,"['32215', '32217', '32218', '32223', '32226', '32230', '32239', '32244', '32249', '32253', '32255', '32259', '32280', '32281', '32288']","[3703, 882, 5385, 2744, 539, 4723, 2740, 5195, 557, 5371, 2586, 4033, 5658, 5782, 5760, 823, 3052, 277, 2378, 4226, 2839, 3308, 2840, 4732, 4319, 2612, 3383, 4003, 825, 3035, 3885, 2499, 1788, 506, 5237, 838]","[0.36, 0.75, 0.72, 0.0, 0.0, 0.48, 0.17, 0.24, 0.38, 0.75, 0.31, 0.42, 0.75, 0.72, 0.14, 0.52, 1.0, 0.22, 0.6, 0.53, 0.15, 0.62, 0.66, 0.67, 0.35, 0.75, 0.4, 0.69, 0.61, 0.68, 0.25, 0.76, 0.17, 0.73, 0.4, 0.75, 0.76, 0.3, 0.47, 0.0, 0.55, 1.0, 0.55, 0.68, 0.66, 1.0, 0.58, 0.75, 0.09, 0.63, 0.64, 0.22, 0.29, 0.73, 0.36, 0.33, 0.54, 0.61, 0.42, 0.65, 0.44, 0.71, 0.4, 0.47, 0.64, 0.53, 1.0, 0.25, 0.7, 0.49, 0.61, 0.44, 0.6, 0.61, 0.0]"
16,1324598,0.283,0.028,15,2025-02-23 07:21:45.306116,"['32224', '32231', '32238', '32239', '32245', '32247', '32261', '32269', '32270', '32273', '32275', '32283', '32286', '32287', '32288']","[835, 1268, 712, 117, 2840, 216, 5045, 3406, 539, 3255, 5541, 2943, 734, 5195, 1942, 4033, 5692, 5216, 5700, 4161, 2640, 4322, 4176, 1786, 4600, 3263, 1098, 4814, 3951, 1164, 2050, 2664, 391, 406, 3052, 2072]","[0.31, 0.79, 0.75, 0.32, 0.78, 0.76, 0.28, 0.41, 0.25, 0.29, 0.75, 0.6, 0.37, 0.86, 0.45, 0.68, 0.23, 1.0, 0.72, 0.63, 0.45, 0.8, 0.33, 0.75, 0.75, 0.75, 0.67, 0.88, 0.43, 0.56, 0.78, 1.0, 0.55, 0.75, 0.48, 0.23, 0.84, 0.47, 0.29, 0.68, 0.78, 0.77, 0.79, 0.88, 0.73, 0.69, 0.81, 0.75, 0.41, 0.51, 0.36, 0.36, 0.49, 0.8, 0.11, 0.75, 0.0, 0.88, 0.14, 0.0, 0.39, 0.33, 0.67, 0.27, 0.65, 0.32, 0.78, 0.64, 0.8, 0.75, 0.73, 0.32, 0.5, 0.0, 0.75]"
17,1009939,0.338,0.278,15,2025-02-23 07:21:45.424442,"['32221', '32224', '32228', '32234', '32239', '32243', '32251', '32261', '32262', '32263', '32270', '32275', '32283', '32286', '32287']","[734, 1164, 5256, 5402, 2072, 3063, 4396, 4807, 835, 1268, 2640, 3273, 4459, 535, 133, 2253, 216, 5696, 3310, 2246, 5541, 806, 3255, 5700, 391, 5742, 1103, 2980, 668, 1942, 4322, 5134, 4696, 5290, 3593, 214]","[0.22, 0.86, 0.77, 0.22, 0.85, 0.85, 0.31, 0.25, 0.18, 0.26, 0.75, 0.66, 0.32, 0.9, 0.75, 0.69, 0.19, 0.64, 0.73, 0.62, 0.75, 0.79, 0.25, 0.75, 0.77, 1.0, 0.78, 0.92, 0.33, 0.0, 0.85, 0.33, 0.64, 0.36, 0.43, 0.16, 0.87, 0.75, 0.25, 0.74, 0.83, 0.83, 0.85, 0.92, 0.68, 0.7, 0.86, 0.0, 0.0, 0.0, 0.29, 0.3, 0.44, 0.83, 0.1, 0.64, 0.25, 0.92, 0.13, 0.3, 0.36, 0.0, 0.75, 0.27, 0.61, 0.28, 0.84, 0.71, 0.83, 0.25, 0.77, 0.28, 0.5, 0.5, 0.67]"
18,1385778,0.371,0.333,15,2025-02-23 07:21:45.542281,"['32215', '32219', '32223', '32230', '32239', '32244', '32248', '32255', '32256', '32259', '32270', '32273', '32279', '32280', '32281']","[3703, 3052, 882, 4226, 823, 2586, 5760, 4033, 557, 5195, 2744, 506, 1553, 539, 5918, 2740, 3326, 4003, 4723, 2612, 3720, 4701, 2840, 2948, 5888, 4846, 5782, 2378, 835, 238, 637, 3094, 5385, 5658, 1359, 4732]","[0.44, 0.75, 0.72, 0.47, 0.48, 0.25, 0.18, 0.25, 0.41, 0.75, 0.35, 0.43, 0.53, 0.73, 0.19, 0.58, 0.75, 0.28, 0.64, 0.59, 0.2, 0.71, 0.61, 0.7, 0.36, 0.0, 0.37, 0.7, 0.64, 0.73, 0.0, 0.72, 0.22, 0.72, 0.0, 0.57, 0.76, 0.33, 0.44, 0.45, 0.58, 1.0, 1.0, 0.7, 0.74, 1.0, 0.61, 0.67, 0.15, 0.62, 0.61, 0.33, 0.41, 0.73, 0.25, 0.44, 1.0, 0.63, 0.29, 0.75, 0.46, 0.72, 0.41, 0.39, 0.69, 0.33, 0.67, 0.5, 0.71, 0.45, 0.61, 0.43, 0.58, 0.6, 0.42]"
19,1593674,0.248,0.167,15,2025-02-23 07:21:45.660369,"['32221', '32224', '32239', '32243', '32245', '32248', '32251', '32262', '32263', '32265', '32266', '32275', '32283', '32286', '32287']","[734, 1164, 5256, 5402, 5245, 668, 1575, 2072, 1196, 2446, 4725, 3255, 5696, 2868, 558, 535, 4543, 806, 3273, 3975, 2253, 2975, 1926, 1783, 5301, 2278, 1430, 3063, 3064, 133, 182, 4423, 4484, 5144, 5134, 5157]","[0.21, 0.89, 0.77, 0.22, 0.9, 0.89, 0.35, 0.0, 0.16, 0.2, 1.0, 0.71, 0.28, 0.92, 0.63, 0.74, 0.14, 0.73, 0.77, 0.65, 0.64, 0.83, 0.19, 0.77, 0.82, 1.0, 0.83, 0.94, 0.29, 0.0, 0.88, 0.0, 0.75, 0.3, 0.75, 0.1, 0.89, 0.75, 0.21, 0.8, 0.87, 0.88, 0.88, 0.94, 0.71, 0.77, 0.89, 0.22, 1.0, 1.0, 0.23, 0.0, 0.75, 0.84, 0.06, 0.73, 0.3, 0.95, 0.08, 0.2, 0.35, 0.0, 0.8, 0.21, 0.62, 0.23, 0.88, 0.75, 0.85, 0.75, 0.8, 0.25, 0.0, 0.0, 0.72]"
20,992676,0.24,0.25,20,2025-02-23 07:21:45.903262,"['32221', '32224', '32234', '32243', '32247', '32248', '32251', '32263', '32266', '32275', '32278', '32281', '32283', '32286', '32287']","[3063, 1164, 3255, 4459, 2072, 4725, 734, 1787, 5609, 5256, 206, 214, 391, 806, 3273, 2668, 5801, 3829, 4396, 5134, 3593, 4500, 3572, 1750, 4807, 2246, 1926, 3310, 2754, 4696, 2715, 1268, 535, 2980, 3095, 3084]","[0.2, 0.87, 0.8, 0.21, 0.91, 0.89, 0.36, 0.75, 0.16, 0.22, 0.75, 0.75, 0.28, 0.93, 0.64, 0.74, 0.1, 0.75, 0.75, 0.65, 1.0, 0.85, 0.2, 0.76, 0.82, 0.82, 0.83, 0.94, 0.29, 0.25, 0.89, 0.21, 0.73, 0.0, 0.75, 0.11, 0.89, 0.75, 0.21, 0.79, 0.87, 0.89, 0.88, 0.94, 0.69, 0.77, 0.92, 0.24, 0.64, 0.25, 0.25, 0.38, 0.25, 0.83, 0.06, 0.73, 0.27, 0.96, 0.1, 0.18, 0.35, 0.17, 0.8, 0.22, 0.67, 0.21, 0.86, 1.0, 0.8, 0.75, 0.81, 0.24, 0.5, 0.0, 0.72]"
21,451888,0.346,0.306,20,2025-02-23 07:21:46.027975,"['32214', '32217', '32219', '32222', '32226', '32229', '32230', '32232', '32256', '32260', '32268', '32279', '32281', '32283', '32285']","[905, 5385, 5884, 2839, 2011, 5915, 308, 1007, 3974, 5114, 5562, 1596, 5326, 4122, 277, 3128, 1071, 4554, 2566, 3383, 882, 2338, 1204, 3115, 1788, 1178, 2009, 4643, 2762, 846, 2707, 2744, 2879, 1883, 1964, 4927]","[0.25, 0.29, 0.73, 0.0, 0.23, 0.0, 0.14, 0.17, 1.0, 0.74, 0.22, 0.35, 0.75, 0.55, 0.06, 0.25, 1.0, 0.1, 1.0, 0.48, 0.05, 0.51, 0.81, 0.64, 0.15, 0.28, 0.2, 0.53, 0.7, 0.76, 0.26, 0.87, 0.05, 0.88, 0.35, 0.84, 0.66, 0.2, 0.59, 0.23, 0.37, 0.26, 0.75, 0.46, 0.63, 0.28, 0.0, 0.89, 0.04, 0.72, 0.84, 0.19, 0.19, 0.65, 1.0, 0.17, 0.64, 0.36, 0.66, 0.79, 0.47, 0.8, 0.22, 0.56, 0.65, 0.67, 0.35, 0.0, 0.6, 0.75, 0.48, 0.75, 0.67, 0.71, 0.3]"
22,111387,0.268,0.306,20,2025-02-23 07:21:46.157359,"['32231', '32240', '32242', '32243', '32246', '32247', '32248', '32251', '32263', '32265', '32270', '32281', '32283', '32286', '32287']","[342, 5460, 4184, 2498, 2664, 5065, 2761, 3500, 1316, 3474, 2112, 4757, 5692, 1611, 1098, 4322, 2843, 2281, 3706, 1538, 295, 1932, 4617, 2601, 114, 981, 863, 2756, 3255, 5256, 5647, 5594, 2943, 4412, 5121, 3084]","[0.42, 0.76, 0.75, 0.48, 0.84, 0.72, 0.32, 0.42, 0.31, 0.19, 0.57, 0.65, 0.35, 0.89, 0.59, 0.77, 0.14, 0.75, 0.78, 0.72, 0.58, 0.91, 0.29, 0.79, 0.66, 0.68, 1.0, 0.87, 1.0, 0.75, 0.79, 0.32, 1.0, 0.0, 0.75, 0.17, 0.83, 0.75, 0.28, 0.73, 0.8, 0.83, 0.8, 0.9, 0.84, 0.82, 0.87, 0.24, 0.61, 1.0, 0.34, 1.0, 0.71, 0.77, 0.04, 0.78, 0.75, 0.9, 0.06, 0.11, 0.44, 0.48, 0.68, 0.18, 0.71, 0.23, 0.78, 1.0, 0.79, 0.5, 0.75, 0.28, 0.5, 0.5, 0.65]"
23,466723,0.407,0.139,20,2025-02-23 07:21:46.281178,"['32218', '32222', '32225', '32236', '32248', '32252', '32254', '32259', '32260', '32265', '32271', '32273', '32274', '32279', '32281']","[2586, 3052, 5760, 3158, 4119, 3720, 4319, 5758, 4226, 4033, 4003, 814, 1868, 374, 1331, 4954, 5555, 5195, 3266, 4557, 3900, 449, 4120, 5899, 930, 5918, 4953, 5675, 4600, 1533, 5098, 1929, 4846, 4455, 4062, 4622]","[0.6, 0.43, 0.71, 0.66, 0.0, 0.33, 0.21, 0.24, 0.75, 0.4, 0.4, 0.25, 0.54, 0.73, 0.24, 0.65, 0.43, 0.31, 0.69, 0.66, 0.24, 0.83, 1.0, 0.75, 0.28, 0.38, 0.22, 0.63, 0.74, 0.83, 0.44, 0.69, 0.24, 0.79, 0.75, 0.55, 0.7, 0.32, 1.0, 0.45, 0.25, 0.51, 0.53, 0.68, 0.85, 0.25, 1.0, 0.57, 0.23, 0.62, 0.66, 1.0, 0.6, 0.67, 0.14, 0.55, 0.73, 1.0, 0.19, 0.0, 0.17, 0.76, 0.37, 0.29, 0.75, 0.17, 0.52, 0.75, 0.7, 0.4, 0.58, 0.43, 0.6, 0.61, 0.44]"
24,190890,0.345,0.111,20,2025-02-23 07:21:46.402600,"['32217', '32224', '32231', '32236', '32240', '32242', '32246', '32247', '32251', '32261', '32263', '32265', '32270', '32281', '32286']","[2943, 4322, 1164, 5402, 857, 5654, 4000, 5541, 5692, 2664, 5460, 1316, 2640, 3273, 1382, 211, 342, 4396, 3500, 3474, 3406, 2498, 3593, 4520, 3249, 3310, 668, 49, 4184, 216, 4757, 5110, 5256, 2465, 5700, 4455]","[0.38, 0.76, 0.76, 0.25, 0.84, 0.73, 0.32, 0.41, 0.29, 0.21, 0.75, 0.65, 0.35, 0.89, 0.57, 0.75, 0.15, 0.75, 0.77, 0.7, 0.56, 0.89, 0.25, 0.78, 0.67, 0.69, 0.25, 0.87, 1.0, 0.62, 0.79, 0.32, 1.0, 0.25, 0.59, 0.18, 0.83, 0.0, 0.28, 0.73, 0.8, 0.83, 0.8, 0.9, 0.82, 0.8, 0.87, 0.0, 0.58, 0.0, 0.34, 0.75, 0.66, 0.78, 0.05, 0.76, 0.25, 0.9, 0.07, 0.13, 0.43, 0.46, 0.68, 0.19, 0.69, 0.24, 0.78, 0.75, 0.78, 0.43, 0.75, 0.28, 0.5, 0.4, 0.65]"
25,1360431,0.339,0.278,25,2025-02-23 07:21:46.647819,"['32215', '32219', '32222', '32223', '32225', '32236', '32248', '32249', '32261', '32265', '32266', '32280', '32281', '32287', '32288']","[3052, 5195, 3720, 4003, 4226, 4600, 5758, 4846, 5760, 3266, 4455, 449, 3326, 1553, 5888, 4954, 1176, 4033, 4119, 4622, 1359, 637, 1331, 506, 3158, 712, 2050, 4322, 3285, 3094, 4557, 2664, 2943, 539, 2586, 2948]","[0.57, 0.0, 0.72, 0.6, 0.57, 0.75, 0.21, 0.29, 0.25, 0.25, 0.42, 0.25, 0.52, 0.75, 0.26, 0.66, 0.38, 0.39, 0.71, 0.66, 0.28, 0.83, 0.75, 0.74, 0.35, 0.44, 0.31, 0.72, 0.68, 0.79, 0.56, 0.62, 0.31, 0.71, 0.75, 0.25, 0.74, 0.38, 0.43, 0.51, 0.63, 0.63, 0.6, 0.73, 0.83, 0.66, 0.68, 1.0, 0.26, 0.59, 0.56, 0.75, 1.0, 0.71, 0.15, 0.63, 0.67, 0.68, 0.13, 0.28, 0.46, 0.76, 0.43, 0.31, 0.72, 0.38, 1.0, 0.5, 0.69, 0.42, 0.61, 0.39, 0.56, 0.75, 0.5]"
26,350711,0.297,0.167,25,2025-02-23 07:21:46.766124,"['32219', '32221', '32242', '32243', '32245', '32246', '32248', '32251', '32263', '32265', '32266', '32270', '32275', '32283', '32286']","[1164, 1183, 5256, 1117, 5402, 4547, 214, 5290, 2498, 3124, 2044, 5747, 4396, 3310, 2980, 4257, 4500, 3273, 806, 2177, 2072, 2019, 3084, 1694, 1293, 3330, 342, 5276, 3474, 3376, 4807, 2298, 3984, 5027, 2367, 5208]","[0.32, 0.88, 0.77, 0.31, 0.9, 1.0, 0.36, 1.0, 0.19, 0.16, 0.63, 0.72, 0.3, 0.91, 0.69, 0.79, 0.11, 0.79, 0.8, 0.7, 0.68, 0.91, 0.18, 0.79, 0.81, 0.79, 0.78, 0.93, 0.0, 0.0, 0.89, 0.0, 1.0, 0.29, 0.0, 0.1, 0.88, 0.75, 0.22, 0.8, 0.87, 0.91, 0.88, 0.94, 0.8, 0.83, 0.92, 0.16, 0.73, 0.0, 0.23, 1.0, 1.0, 0.82, 0.04, 0.83, 0.75, 0.96, 0.04, 0.11, 0.37, 0.33, 0.77, 0.19, 0.67, 0.18, 0.87, 0.74, 0.82, 0.0, 0.78, 0.22, 0.5, 0.33, 0.76]"
27,183468,0.402,0.25,25,2025-02-23 07:21:46.881466,"['32214', '32219', '32223', '32226', '32236', '32238', '32239', '32240', '32253', '32261', '32264', '32276', '32281', '32287', '32288']","[3052, 3285, 4033, 3720, 4003, 4846, 5195, 1359, 2948, 5567, 1176, 5098, 3326, 3500, 5675, 449, 4954, 2664, 4226, 4600, 5647, 4455, 5760, 2058, 2378, 4953, 5899, 2050, 4120, 4299, 3961, 4539, 814, 5614, 2943, 4611]","[1.0, 0.56, 0.72, 0.6, 0.6, 0.75, 0.22, 0.3, 0.45, 0.0, 0.45, 0.5, 1.0, 0.77, 0.3, 0.68, 0.35, 0.43, 0.72, 0.67, 0.32, 0.84, 0.0, 0.75, 0.25, 1.0, 0.0, 0.73, 0.67, 0.79, 0.59, 0.59, 0.35, 0.69, 0.61, 0.42, 0.75, 0.4, 0.41, 0.75, 0.65, 0.66, 0.63, 0.76, 0.84, 0.69, 0.7, 0.25, 0.31, 0.58, 1.0, 0.57, 0.64, 0.72, 0.13, 0.66, 0.67, 0.72, 0.12, 0.25, 0.46, 0.75, 0.67, 0.29, 0.72, 0.36, 0.59, 0.25, 0.7, 0.41, 0.62, 0.37, 0.55, 1.0, 0.0]"
28,207542,0.289,0.389,25,2025-02-23 07:21:46.999570,"['32219', '32221', '32228', '32236', '32242', '32245', '32247', '32263', '32265', '32266', '32270', '32275', '32283', '32286', '32287']","[2498, 342, 4184, 5256, 5692, 1932, 5065, 2367, 2668, 981, 1538, 1611, 4257, 3406, 3450, 4396, 3474, 5460, 3255, 5208, 4547, 1942, 1117, 3029, 2664, 49, 1164, 3706, 2756, 214, 2494, 3084, 2640, 4757, 114, 1919]","[0.44, 0.81, 0.75, 0.46, 0.85, 0.75, 0.33, 1.0, 0.27, 0.18, 0.6, 0.66, 0.35, 0.89, 0.75, 0.78, 0.14, 0.73, 0.8, 0.72, 0.61, 0.91, 0.0, 0.79, 0.71, 0.7, 0.64, 0.88, 1.0, 0.63, 0.83, 0.0, 0.69, 0.0, 0.62, 0.15, 0.85, 0.55, 0.26, 0.76, 0.83, 0.87, 0.83, 0.91, 0.85, 0.83, 0.88, 0.2, 0.67, 0.75, 0.3, 1.0, 1.0, 0.78, 0.04, 0.83, 0.25, 0.92, 0.04, 0.1, 0.4, 0.33, 0.69, 0.19, 0.71, 0.22, 0.81, 0.66, 0.79, 0.25, 0.74, 0.26, 0.75, 0.75, 0.71]"
29,1107453,0.197,0.167,25,2025-02-23 07:21:47.117922,"['32219', '32221', '32224', '32228', '32243', '32245', '32246', '32248', '32251', '32263', '32265', '32266', '32275', '32283', '32286']","[2668, 1164, 3255, 5245, 5256, 1293, 668, 2980, 214, 3474, 4725, 1117, 2072, 3063, 756, 342, 535, 3273, 2253, 2986, 133, 1783, 391, 295, 1268, 1893, 5313, 3450, 5402, 3188, 3084, 4184, 4504, 3113, 4396, 734]","[0.29, 0.87, 0.77, 0.28, 0.88, 1.0, 0.34, 1.0, 0.19, 0.2, 1.0, 0.7, 0.32, 0.91, 1.0, 0.77, 0.13, 0.75, 0.77, 0.67, 0.62, 0.88, 0.21, 0.78, 0.79, 0.77, 0.78, 0.92, 0.35, 0.75, 0.87, 0.0, 1.0, 0.31, 0.75, 0.12, 0.88, 0.25, 0.24, 0.77, 0.86, 0.89, 0.86, 0.93, 0.76, 0.79, 0.91, 0.2, 0.66, 0.75, 0.25, 0.0, 0.75, 0.82, 0.06, 0.78, 0.37, 0.95, 0.06, 0.15, 0.37, 0.0, 0.76, 0.22, 0.64, 0.2, 0.85, 0.73, 0.81, 0.25, 0.77, 0.23, 0.25, 0.34, 0.74]"
30,288447,0.358,0.139,30,2025-02-23 07:21:47.389440,"['32224', '32231', '32234', '32238', '32243', '32245', '32246', '32247', '32253', '32263', '32266', '32269', '32276', '32283', '32286']","[835, 539, 5541, 2840, 506, 117, 3052, 2612, 3703, 889, 216, 5614, 3561, 5658, 5782, 391, 3951, 2420, 3263, 4065, 4723, 2753, 5700, 576, 1273, 4322, 264, 4701, 4796, 4442, 1706, 712, 4000, 2050, 4033, 734]","[0.22, 0.76, 0.77, 0.2, 0.68, 0.76, 0.26, 0.38, 0.2, 0.47, 1.0, 0.61, 0.43, 0.84, 0.28, 0.62, 0.34, 0.0, 0.59, 0.54, 0.0, 0.7, 0.41, 0.71, 1.0, 0.64, 0.65, 0.86, 0.39, 0.0, 0.74, 0.75, 1.0, 1.0, 0.36, 0.34, 0.85, 0.37, 0.34, 1.0, 0.71, 0.73, 0.76, 0.86, 0.59, 0.55, 0.8, 0.58, 0.26, 0.0, 0.41, 0.19, 0.0, 0.79, 0.23, 0.0, 0.37, 0.84, 0.24, 0.52, 0.37, 0.43, 0.83, 0.4, 0.57, 0.35, 0.76, 0.6, 0.74, 0.5, 0.71, 0.37, 0.75, 0.44, 0.57]"
31,1621431,0.184,0.444,30,2025-02-23 07:21:47.508654,"['32214', '32217', '32224', '32234', '32238', '32246', '32248', '32251', '32262', '32263', '32265', '32270', '32276', '32283', '32286']","[2664, 981, 4322, 2498, 5065, 342, 2112, 3706, 1538, 4757, 5460, 3500, 1666, 2281, 1932, 1316, 5110, 863, 5594, 2843, 4617, 4184, 3406, 111, 3151, 4412, 712, 1612, 5647, 114, 1176, 5692, 2367, 4547, 5121, 145]","[0.75, 0.74, 0.72, 0.75, 0.83, 0.66, 0.32, 0.42, 0.34, 0.2, 1.0, 0.65, 0.36, 0.87, 0.61, 0.81, 0.15, 0.69, 0.8, 0.75, 1.0, 0.92, 0.29, 0.81, 1.0, 0.66, 0.49, 0.86, 0.58, 0.69, 0.76, 0.33, 1.0, 0.48, 0.75, 0.18, 0.84, 0.75, 0.3, 0.74, 0.78, 0.83, 0.8, 0.91, 0.87, 0.85, 0.86, 0.21, 0.25, 0.25, 0.31, 1.0, 0.79, 0.76, 0.03, 0.83, 0.75, 0.89, 0.04, 0.07, 0.42, 0.57, 0.83, 0.15, 0.74, 0.26, 0.8, 0.64, 0.8, 0.25, 0.71, 0.27, 0.5, 0.44, 0.65]"
32,285606,0.318,0.278,30,2025-02-23 07:21:47.624638,"['32225', '32226', '32230', '32239', '32243', '32244', '32254', '32259', '32264', '32269', '32270', '32275', '32276', '32283', '32288']","[3703, 835, 539, 117, 2840, 5195, 3052, 216, 5658, 882, 4701, 2612, 3951, 506, 637, 5168, 5782, 2740, 2378, 4065, 4003, 4723, 5614, 3561, 238, 3883, 2753, 557, 2943, 889, 4033, 823, 712, 4038, 5535, 1249]","[0.26, 0.7, 0.76, 0.25, 0.6, 0.69, 0.23, 0.34, 0.24, 0.52, 0.36, 0.25, 0.25, 0.8, 0.23, 0.59, 1.0, 0.37, 0.57, 0.54, 0.25, 0.68, 0.49, 0.7, 0.54, 0.75, 0.56, 0.82, 0.45, 0.75, 1.0, 0.58, 0.34, 0.57, 0.37, 0.42, 0.82, 0.34, 0.38, 0.46, 1.0, 0.66, 0.7, 0.82, 0.61, 0.25, 0.74, 0.64, 0.21, 0.55, 0.25, 0.21, 0.27, 0.76, 0.28, 0.25, 0.25, 0.78, 0.29, 0.56, 0.39, 0.33, 0.5, 0.42, 0.59, 0.39, 0.7, 0.55, 0.72, 0.75, 0.68, 0.4, 0.54, 0.48, 0.5]"
33,649749,0.231,0.361,30,2025-02-23 07:21:47.741362,"['32217', '32224', '32242', '32248', '32251', '32261', '32262', '32263', '32265', '32270', '32275', '32276', '32283', '32286', '32288']","[3474, 216, 5692, 5256, 4757, 2843, 3255, 2664, 2943, 342, 5460, 1942, 4184, 4520, 1164, 3500, 5065, 4322, 4412, 5238, 2668, 2112, 5402, 2640, 49, 1098, 1382, 981, 3273, 2761, 5541, 5594, 2620, 3706, 2281, 3084]","[0.42, 0.78, 0.74, 0.25, 0.83, 0.73, 0.32, 0.44, 0.27, 0.24, 0.75, 0.66, 0.35, 0.88, 0.57, 0.78, 0.16, 0.67, 0.77, 0.71, 0.57, 0.89, 0.28, 0.79, 0.67, 0.69, 0.59, 0.88, 0.75, 0.6, 0.79, 0.33, 0.67, 0.44, 0.75, 0.19, 0.85, 0.25, 0.29, 0.72, 0.79, 0.84, 0.82, 0.91, 0.81, 0.8, 0.86, 0.0, 1.0, 0.75, 0.3, 0.75, 0.67, 0.78, 0.05, 0.76, 0.25, 0.9, 0.06, 0.13, 0.4, 0.33, 0.67, 0.19, 0.69, 0.26, 0.81, 0.66, 0.8, 0.0, 0.73, 0.28, 0.5, 0.41, 1.0]"
34,1136467,0.399,0.361,30,2025-02-23 07:21:47.858106,"['32217', '32223', '32224', '32228', '32238', '32246', '32247', '32253', '32261', '32262', '32265', '32270', '32276', '32281', '32286']","[2664, 4322, 3706, 2498, 4757, 5647, 1666, 5460, 5065, 342, 981, 2112, 2761, 3500, 1538, 4412, 1316, 863, 3406, 2843, 1919, 5003, 111, 5238, 2281, 576, 5121, 5844, 4184, 2494, 2640, 114, 1932, 5088, 4617, 145]","[0.55, 0.73, 0.72, 1.0, 0.82, 0.64, 0.31, 0.41, 0.35, 0.0, 1.0, 0.64, 0.37, 0.87, 1.0, 0.8, 0.16, 0.67, 0.8, 0.75, 0.58, 0.92, 0.3, 0.8, 1.0, 0.64, 0.47, 0.85, 0.59, 0.7, 0.75, 0.34, 1.0, 0.0, 0.67, 0.19, 0.83, 0.49, 0.3, 0.75, 0.77, 0.83, 0.79, 0.9, 0.86, 0.84, 0.85, 0.25, 0.25, 0.48, 0.32, 1.0, 0.78, 0.76, 0.03, 0.82, 0.75, 0.88, 0.04, 0.08, 0.43, 0.58, 0.33, 0.16, 0.73, 0.27, 0.79, 0.5, 0.79, 0.4, 0.7, 0.28, 0.5, 0.45, 0.64]"
35,758927,0.244,0.306,35,2025-02-23 07:21:48.106175,"['32221', '32224', '32228', '32234', '32240', '32243', '32246', '32248', '32251', '32253', '32263', '32265', '32283', '32286', '32288']","[1164, 734, 668, 3255, 3273, 5256, 535, 3063, 216, 2072, 2253, 2668, 133, 5313, 214, 4696, 4504, 3188, 4459, 1926, 1268, 4725, 3593, 3084, 391, 835, 3113, 4444, 5402, 1783, 5157, 1942, 3310, 5134, 1787, 4322]","[0.26, 0.85, 0.79, 0.24, 0.85, 0.85, 0.33, 0.25, 0.2, 0.28, 0.75, 0.71, 0.31, 0.89, 1.0, 0.73, 0.17, 0.67, 0.74, 0.64, 1.0, 0.83, 0.25, 0.76, 0.76, 0.77, 1.0, 0.92, 0.34, 0.25, 0.85, 0.29, 0.75, 0.34, 1.0, 0.13, 0.87, 0.25, 0.26, 0.75, 0.81, 0.86, 0.84, 0.93, 0.7, 0.74, 0.89, 0.28, 0.56, 1.0, 0.29, 0.0, 0.48, 0.8, 0.09, 0.7, 0.34, 0.94, 0.09, 0.22, 0.36, 0.37, 0.75, 0.24, 0.63, 0.26, 0.84, 0.72, 0.81, 0.75, 0.77, 0.27, 0.5, 0.34, 1.0]"
36,409029,0.39,0.222,35,2025-02-23 07:21:48.224769,"['32215', '32219', '32223', '32225', '32226', '32239', '32244', '32249', '32253', '32266', '32269', '32276', '32280', '32281', '32287']","[3052, 506, 4701, 882, 5195, 3703, 637, 4033, 1359, 4003, 4226, 539, 117, 2840, 2378, 2612, 835, 2943, 576, 3729, 823, 449, 889, 2948, 712, 480, 1553, 216, 4796, 2050, 5758, 5658, 1331, 3053, 4975, 5675]","[0.4, 0.75, 0.76, 0.4, 0.6, 0.0, 0.22, 0.32, 0.36, 0.75, 0.41, 0.75, 0.25, 0.77, 0.27, 0.64, 0.37, 0.38, 0.67, 0.62, 0.28, 0.76, 0.52, 0.72, 0.46, 0.25, 0.45, 0.79, 0.55, 0.65, 0.75, 0.6, 0.36, 0.62, 0.48, 0.0, 0.79, 0.37, 0.4, 0.25, 0.63, 0.66, 0.66, 0.79, 0.73, 0.6, 0.74, 0.55, 0.26, 0.56, 0.54, 0.35, 0.0, 0.73, 0.2, 0.75, 0.54, 0.77, 0.21, 0.39, 0.42, 0.62, 0.0, 0.33, 0.65, 0.41, 1.0, 0.75, 0.73, 0.46, 0.65, 0.39, 0.53, 0.0, 0.49]"
37,503727,0.434,0.139,35,2025-02-23 07:21:48.343636,"['32236', '32238', '32239', '32240', '32242', '32245', '32253', '32264', '32266', '32269', '32275', '32276', '32283', '32286', '32288']","[3703, 5658, 539, 882, 2840, 3052, 2612, 4033, 557, 4003, 4723, 506, 117, 5195, 637, 4701, 835, 2378, 216, 4226, 3383, 4838, 4038, 3689, 2499, 2740, 5782, 2263, 3326, 238, 4535, 5905, 4065, 823, 2744, 1396]","[0.33, 0.6, 0.77, 0.31, 0.5, 0.58, 0.2, 0.3, 0.33, 0.55, 0.35, 0.52, 0.51, 0.74, 0.18, 0.57, 0.47, 0.29, 0.6, 0.56, 0.19, 0.65, 0.0, 0.69, 0.0, 1.0, 1.0, 0.78, 1.0, 0.61, 0.57, 1.0, 0.26, 0.65, 0.39, 0.52, 0.79, 0.32, 0.45, 0.75, 0.57, 0.59, 0.62, 0.74, 0.64, 0.48, 0.7, 0.68, 0.15, 0.59, 0.25, 0.2, 0.0, 0.74, 0.33, 0.0, 0.48, 0.73, 0.33, 0.57, 0.41, 0.83, 0.17, 0.43, 0.6, 0.47, 0.6, 0.51, 0.71, 1.0, 0.62, 0.42, 0.75, 0.52, 0.25]"
38,1640641,0.322,0.222,35,2025-02-23 07:21:48.468107,"['32219', '32223', '32236', '32238', '32239', '32245', '32248', '32253', '32261', '32264', '32266', '32270', '32276', '32287', '32288']","[3052, 4003, 4033, 4322, 637, 1176, 4975, 5758, 5541, 2664, 712, 2378, 5647, 3285, 2761, 3500, 4412, 449, 2943, 506, 1786, 5899, 4747, 3263, 5195, 5614, 5675, 2050, 1359, 1612, 3706, 4455, 5264, 4120, 5654, 388]","[0.48, 0.66, 0.74, 0.5, 0.69, 1.0, 0.24, 0.34, 0.4, 0.0, 0.48, 0.57, 0.42, 0.8, 0.39, 0.7, 0.28, 0.48, 0.73, 0.67, 0.39, 0.84, 0.0, 0.76, 0.25, 0.75, 0.43, 0.81, 0.58, 0.69, 0.66, 1.0, 0.48, 0.59, 0.25, 0.31, 0.8, 0.43, 0.36, 0.25, 0.69, 0.72, 0.7, 0.83, 0.81, 0.71, 0.78, 0.25, 0.4, 0.54, 0.25, 0.52, 1.0, 0.73, 0.11, 0.67, 0.75, 0.81, 0.12, 0.23, 0.43, 0.63, 0.17, 0.24, 0.7, 0.35, 0.69, 0.57, 0.75, 0.42, 0.68, 0.36, 0.53, 0.5, 0.75]"
39,229656,0.308,0.194,35,2025-02-23 07:21:48.585022,"['32217', '32224', '32236', '32238', '32240', '32245', '32248', '32253', '32264', '32265', '32266', '32270', '32286', '32287', '32288']","[5195, 3052, 4033, 2943, 4600, 2664, 216, 576, 4757, 2050, 3474, 3500, 2761, 4322, 506, 539, 4412, 4003, 1359, 712, 835, 1612, 2620, 637, 5238, 4539, 5123, 2281, 3406, 114, 5541, 5820, 2112, 2060, 889, 3248]","[0.41, 0.72, 0.75, 0.0, 0.73, 0.66, 0.26, 0.37, 0.34, 0.34, 0.0, 0.6, 0.39, 0.82, 0.42, 0.71, 0.26, 0.53, 0.73, 0.66, 0.42, 0.84, 0.25, 0.75, 0.25, 0.62, 0.0, 0.84, 0.52, 0.63, 0.72, 0.0, 0.53, 0.53, 0.75, 0.27, 0.82, 0.45, 0.34, 1.0, 0.72, 0.76, 0.74, 0.86, 0.78, 0.71, 0.81, 0.37, 0.43, 0.52, 0.0, 0.25, 0.75, 0.75, 0.1, 0.67, 0.75, 0.85, 0.11, 0.23, 0.42, 0.57, 0.6, 0.24, 0.68, 0.33, 0.73, 0.61, 0.77, 0.44, 0.71, 0.33, 0.5, 0.25, 0.75]"
40,1012070,0.303,0.111,40,2025-02-23 07:21:48.832991,"['32225', '32231', '32238', '32243', '32247', '32248', '32261', '32263', '32273', '32275', '32276', '32281', '32283', '32286', '32288']","[1268, 2943, 216, 5045, 5541, 835, 734, 2072, 5256, 391, 117, 5692, 2640, 3255, 1942, 3951, 2620, 1117, 4161, 539, 668, 5195, 3063, 5216, 5313, 4322, 3406, 3474, 5700, 806, 3124, 2050, 3263, 1098, 2840, 2668]","[0.28, 0.81, 0.78, 0.27, 0.81, 0.77, 0.3, 0.42, 0.22, 0.32, 0.48, 0.75, 0.36, 0.88, 0.46, 0.7, 0.23, 0.75, 0.71, 0.61, 0.43, 0.82, 0.31, 0.76, 1.0, 0.69, 0.7, 0.88, 0.41, 0.75, 0.78, 0.39, 0.58, 0.25, 0.0, 0.21, 0.87, 0.44, 0.31, 0.67, 0.79, 0.8, 0.79, 0.89, 0.7, 0.69, 0.86, 0.75, 0.45, 0.75, 0.35, 0.35, 0.46, 0.8, 0.15, 0.63, 0.42, 0.9, 0.13, 0.0, 0.4, 0.0, 1.0, 0.29, 0.65, 0.29, 0.78, 0.0, 0.77, 0.5, 0.75, 0.31, 0.5, 0.38, 0.75]"
41,1497440,0.202,0.389,40,2025-02-23 07:21:48.954951,"['32221', '32224', '32234', '32242', '32245', '32248', '32251', '32253', '32263', '32265', '32270', '32275', '32281', '32283', '32286']","[342, 1164, 5692, 2668, 4396, 5256, 214, 3273, 598, 3310, 2498, 3029, 981, 3084, 3249, 3255, 4184, 2367, 3450, 3932, 4547, 5402, 1316, 3474, 5110, 3406, 2019, 4444, 3330, 4757, 133, 535, 668, 2943, 1293, 1611]","[0.39, 0.83, 0.76, 0.41, 0.89, 0.78, 0.36, 1.0, 0.27, 0.17, 0.75, 0.7, 0.31, 0.9, 0.68, 0.8, 0.12, 0.72, 0.8, 0.71, 1.0, 0.91, 0.23, 0.8, 0.72, 0.73, 0.67, 0.89, 0.75, 0.58, 0.83, 0.0, 0.74, 0.41, 0.75, 0.12, 0.87, 0.25, 0.26, 1.0, 0.85, 0.87, 0.84, 0.92, 0.83, 0.83, 0.9, 0.18, 0.69, 0.25, 0.25, 1.0, 0.72, 0.8, 0.05, 0.84, 0.25, 0.93, 0.04, 0.09, 0.41, 0.17, 0.76, 0.17, 0.72, 0.21, 0.81, 0.75, 0.81, 0.0, 0.78, 0.26, 0.5, 0.35, 0.71]"
42,418752,0.473,0.0,40,2025-02-23 07:21:49.072011,"['32217', '32218', '32222', '32225', '32226', '32230', '32248', '32252', '32253', '32254', '32260', '32266', '32269', '32271', '32279']","[4319, 374, 2586, 5385, 2547, 1533, 930, 3998, 1770, 4780, 4988, 4119, 4226, 3244, 2482, 1769, 3089, 5771, 914, 2609, 5655, 2338, 525, 5918, 5323, 5760, 1868, 1596, 2106, 4338, 2910, 2693, 1297, 5817, 4554, 5521]","[0.71, 0.3, 0.67, 0.75, 0.0, 0.16, 0.17, 0.18, 0.75, 0.5, 0.32, 0.25, 0.0, 0.59, 0.14, 0.61, 1.0, 0.18, 0.65, 0.64, 0.13, 0.82, 0.75, 0.73, 0.12, 0.25, 0.12, 0.5, 0.82, 0.89, 0.28, 0.82, 0.14, 0.89, 1.0, 0.71, 0.65, 0.27, 0.0, 0.0, 0.0, 0.34, 0.38, 0.53, 0.87, 0.57, 1.0, 0.69, 0.14, 0.67, 0.73, 0.61, 1.0, 0.62, 0.23, 1.0, 0.84, 0.0, 0.23, 0.35, 0.56, 0.87, 0.26, 0.35, 0.79, 1.0, 0.36, 0.26, 0.66, 0.37, 0.49, 0.5, 0.6, 0.68, 0.33]"
43,136807,0.282,0.278,40,2025-02-23 07:21:49.189658,"['32221', '32224', '32225', '32234', '32240', '32243', '32248', '32251', '32262', '32263', '32266', '32275', '32278', '32283', '32286']","[3063, 3829, 1164, 2980, 1480, 776, 2072, 206, 4500, 4459, 2481, 4807, 2010, 3255, 5657, 806, 1266, 4651, 5696, 1456, 4725, 4696, 440, 5459, 1750, 1067, 2172, 148, 5609, 2253, 3273, 2246, 535, 2341, 3494, 5276]","[0.17, 0.92, 0.81, 0.14, 0.92, 0.92, 0.39, 0.75, 0.12, 0.21, 1.0, 1.0, 0.25, 0.94, 0.68, 0.76, 0.11, 0.75, 0.76, 0.63, 1.0, 0.85, 0.16, 0.78, 0.87, 0.84, 1.0, 0.94, 0.24, 0.0, 0.91, 0.2, 0.81, 0.26, 0.25, 0.08, 0.92, 1.0, 0.23, 0.81, 0.89, 0.92, 0.9, 0.96, 0.65, 0.77, 0.94, 0.2, 1.0, 0.0, 0.19, 0.31, 0.0, 0.86, 0.08, 0.75, 0.25, 0.97, 0.07, 0.2, 0.34, 0.17, 0.84, 0.22, 0.67, 0.19, 0.89, 0.78, 0.82, 0.25, 0.84, 0.23, 0.25, 0.27, 0.76]"
44,352146,0.366,0.194,40,2025-02-23 07:21:49.307333,"['32218', '32225', '32226', '32231', '32238', '32239', '32240', '32244', '32245', '32248', '32253', '32259', '32264', '32283', '32286']","[3703, 5760, 3052, 4226, 2586, 4119, 557, 4003, 4033, 5195, 3326, 3720, 5658, 539, 882, 5385, 4319, 4846, 506, 4723, 1553, 4600, 5888, 3383, 4663, 4954, 2547, 277, 1072, 2840, 5905, 2740, 3139, 3035, 2744, 5918]","[0.49, 0.48, 0.72, 0.52, 0.25, 0.35, 0.2, 0.23, 0.46, 0.52, 0.33, 0.0, 1.0, 0.7, 0.17, 0.59, 0.53, 0.0, 0.62, 0.58, 0.16, 0.74, 0.64, 0.71, 0.0, 0.25, 1.0, 0.66, 0.67, 0.76, 0.0, 1.0, 0.21, 0.8, 0.75, 0.59, 0.74, 0.29, 0.47, 0.75, 0.55, 0.47, 0.5, 0.66, 0.75, 1.0, 0.6, 0.67, 0.16, 0.63, 0.25, 0.39, 0.44, 0.7, 0.3, 0.43, 0.67, 0.62, 0.3, 0.48, 0.49, 0.75, 0.38, 0.4, 0.71, 0.48, 0.51, 0.37, 0.68, 0.75, 0.58, 0.45, 0.25, 0.58, 0.4]"
45,809599,0.291,0.444,45,2025-02-23 07:21:49.550180,"['32215', '32219', '32222', '32225', '32226', '32236', '32244', '32248', '32253', '32261', '32265', '32269', '32274', '32281', '32288']","[3052, 4226, 4003, 5195, 2664, 3720, 5760, 2948, 4033, 5899, 4953, 1359, 814, 1553, 4600, 990, 3158, 3134, 5555, 2586, 506, 5647, 3500, 2505, 4455, 2840, 1077, 4412, 480, 4954, 3694, 1331, 4062, 3326, 5567, 2112]","[0.63, 0.75, 0.7, 0.64, 0.56, 0.25, 0.21, 0.28, 0.75, 0.37, 0.41, 0.25, 0.25, 0.74, 0.25, 0.68, 0.4, 0.34, 0.7, 0.68, 0.28, 0.84, 1.0, 0.75, 0.32, 0.42, 0.25, 0.69, 0.72, 0.81, 1.0, 0.67, 0.34, 0.74, 0.75, 0.46, 0.74, 0.35, 0.41, 0.75, 0.58, 0.55, 0.55, 0.75, 0.83, 0.69, 0.64, 0.75, 0.28, 0.61, 0.58, 0.75, 0.65, 0.7, 0.12, 1.0, 0.73, 0.65, 0.14, 0.26, 1.0, 0.77, 0.41, 0.25, 0.77, 0.42, 0.58, 0.25, 0.7, 0.38, 0.6, 0.43, 0.55, 0.57, 0.25]"
46,1654144,0.284,0.306,45,2025-02-23 07:21:49.668023,"['32226', '32236', '32238', '32240', '32245', '32246', '32248', '32261', '32264', '32269', '32270', '32276', '32286', '32287', '32288']","[3052, 539, 3703, 4033, 4701, 506, 2612, 637, 835, 5195, 2840, 117, 4003, 5658, 2943, 2378, 216, 4723, 3951, 882, 2050, 4065, 1786, 2753, 712, 1553, 3285, 2620, 889, 4322, 5541, 3729, 3094, 4796, 5888, 238]","[0.34, 0.65, 0.76, 0.32, 0.65, 0.64, 0.22, 0.34, 0.3, 0.44, 0.4, 0.55, 0.0, 0.8, 0.24, 0.63, 0.37, 0.38, 0.64, 0.58, 0.26, 0.74, 0.25, 0.73, 0.0, 0.58, 0.75, 0.8, 0.5, 0.59, 0.67, 1.0, 0.25, 0.61, 0.0, 0.37, 0.82, 0.36, 0.36, 0.57, 0.67, 0.65, 0.69, 0.83, 0.68, 0.59, 0.74, 0.75, 0.25, 0.59, 0.25, 0.3, 0.38, 0.76, 0.22, 1.0, 0.25, 0.79, 0.24, 0.45, 0.42, 0.59, 0.67, 0.34, 0.65, 0.39, 0.68, 0.56, 0.74, 0.48, 0.67, 0.39, 0.75, 0.5, 0.5]"
47,1014995,0.28,0.194,45,2025-02-23 07:21:49.784779,"['32221', '32224', '32225', '32228', '32243', '32245', '32248', '32251', '32253', '32263', '32265', '32275', '32276', '32283', '32286']","[342, 1611, 1316, 5256, 4184, 1164, 5065, 2367, 5460, 1893, 981, 295, 1293, 2668, 2498, 5692, 114, 4725, 5402, 3255, 67, 1117, 3406, 1196, 5459, 1538, 2640, 3474, 4396, 2072, 1932, 3376, 939, 3450, 4520, 3084]","[0.42, 0.84, 0.77, 0.41, 0.89, 0.8, 0.34, 1.0, 0.25, 0.16, 1.0, 0.25, 0.3, 0.91, 1.0, 0.81, 0.11, 0.77, 0.81, 0.73, 0.69, 0.92, 0.21, 0.8, 0.74, 0.77, 0.68, 0.91, 0.44, 0.75, 0.86, 0.0, 0.79, 0.35, 1.0, 0.1, 0.87, 1.0, 0.21, 1.0, 0.85, 0.87, 0.86, 0.94, 0.82, 0.86, 0.89, 0.16, 0.75, 0.75, 0.24, 1.0, 0.75, 0.8, 0.03, 0.84, 0.47, 0.94, 0.03, 0.08, 0.41, 0.0, 1.0, 0.14, 0.74, 0.2, 0.86, 0.7, 0.82, 0.5, 0.78, 0.24, 0.5, 0.34, 0.72]"
48,141512,0.268,0.083,45,2025-02-23 07:21:49.900285,"['32221', '32226', '32236', '32239', '32240', '32243', '32248', '32251', '32262', '32263', '32264', '32266', '32269', '32275', '32286']","[1164, 668, 3255, 5692, 5256, 734, 5402, 3474, 1787, 3063, 216, 1268, 5535, 1103, 5522, 1942, 3029, 2072, 835, 3310, 1117, 1316, 2943, 3406, 391, 3376, 4322, 3084, 2761, 756, 4725, 4547, 342, 133, 535, 5541]","[0.32, 0.82, 0.78, 0.31, 0.86, 0.81, 0.31, 0.25, 0.22, 0.23, 0.55, 0.66, 0.25, 0.89, 0.57, 0.76, 0.16, 0.68, 0.76, 0.67, 0.57, 0.86, 0.75, 0.78, 0.71, 0.75, 1.0, 0.9, 0.4, 0.25, 0.84, 0.3, 0.7, 0.38, 0.75, 0.14, 0.87, 0.75, 0.24, 0.77, 0.82, 0.83, 0.84, 0.93, 0.75, 0.78, 0.87, 0.26, 0.75, 0.75, 0.0, 0.46, 1.0, 0.8, 0.06, 0.75, 0.4, 0.93, 0.08, 0.18, 0.4, 0.0, 0.73, 0.21, 0.68, 0.24, 0.83, 0.69, 0.81, 0.47, 0.77, 0.27, 0.25, 0.36, 0.69]"
49,656165,0.325,0.306,45,2025-02-23 07:21:50.016770,"['32223', '32225', '32230', '32248', '32249', '32252', '32254', '32260', '32266', '32269', '32271', '32274', '32279', '32280', '32285']","[5385, 4226, 2586, 4319, 525, 2547, 4780, 4119, 2910, 5760, 292, 2482, 3720, 5918, 1769, 3052, 4338, 252, 557, 4988, 1770, 2338, 4953, 930, 4003, 715, 3998, 2879, 4554, 1533, 5326, 2693, 277, 1596, 3244, 3158]","[0.68, 0.32, 0.67, 0.7, 0.36, 0.22, 0.16, 0.21, 0.62, 0.0, 0.32, 0.0, 0.62, 0.63, 0.11, 0.59, 1.0, 0.18, 0.64, 0.64, 0.14, 0.79, 0.73, 0.73, 0.17, 0.28, 0.14, 0.55, 0.79, 0.86, 0.33, 0.82, 0.17, 0.85, 1.0, 1.0, 0.67, 0.27, 0.0, 0.37, 0.75, 0.38, 0.39, 0.59, 0.82, 0.57, 0.0, 0.71, 0.12, 0.67, 0.73, 0.54, 1.0, 0.64, 0.23, 0.25, 0.8, 0.75, 0.25, 0.4, 1.0, 0.86, 0.27, 0.32, 0.77, 1.0, 0.0, 0.33, 0.63, 0.37, 0.51, 0.5, 0.59, 0.67, 0.33]"
50,232982,0.31,0.278,50,2025-02-23 07:21:50.264133,"['32214', '32224', '32225', '32231', '32234', '32238', '32245', '32249', '32261', '32262', '32265', '32269', '32270', '32276', '32287']","[4322, 4455, 2664, 2761, 5647, 5460, 2943, 5541, 2060, 2640, 3706, 3406, 4757, 5238, 4000, 3500, 2050, 5692, 114, 3052, 5256, 2112, 990, 5264, 4003, 576, 2843, 1316, 1098, 4412, 3367, 5594, 712, 1442, 342, 3592]","[0.25, 0.75, 0.74, 0.49, 0.77, 0.64, 0.29, 0.39, 0.33, 0.24, 0.75, 0.25, 0.4, 0.86, 0.49, 0.76, 0.22, 1.0, 0.76, 0.7, 0.0, 0.88, 0.32, 0.78, 1.0, 0.62, 0.53, 0.85, 0.56, 0.68, 0.73, 0.25, 0.61, 0.53, 0.62, 0.0, 0.81, 0.46, 0.3, 0.72, 0.76, 0.77, 0.75, 0.89, 0.84, 0.79, 0.8, 0.25, 0.75, 0.53, 0.37, 1.0, 0.67, 0.77, 0.07, 0.75, 0.75, 0.87, 0.07, 0.14, 0.43, 0.59, 0.17, 0.22, 0.7, 0.28, 0.74, 0.6, 0.79, 0.44, 0.71, 0.33, 0.53, 0.5, 0.63]"
51,689633,0.218,0.389,50,2025-02-23 07:21:50.381381,"['32221', '32224', '32228', '32240', '32243', '32247', '32248', '32251', '32263', '32265', '32266', '32269', '32276', '32283', '32286']","[1164, 4725, 3255, 3063, 5256, 2072, 1196, 1117, 2668, 295, 4396, 756, 3113, 734, 1316, 5245, 2367, 5134, 1268, 2695, 5402, 4651, 3295, 5301, 2980, 535, 5157, 3084, 1750, 3273, 4459, 2253, 668, 391, 3376, 342]","[0.25, 0.9, 0.78, 0.24, 0.9, 0.87, 0.38, 1.0, 0.16, 0.18, 0.75, 0.75, 0.29, 0.92, 1.0, 0.78, 0.12, 0.77, 0.77, 0.67, 0.67, 0.88, 0.17, 0.78, 0.83, 0.81, 1.0, 0.94, 0.34, 0.25, 0.88, 0.19, 0.79, 0.0, 1.0, 0.09, 0.89, 1.0, 0.22, 0.83, 0.87, 0.89, 0.87, 0.95, 0.76, 0.83, 0.9, 0.19, 0.74, 0.75, 0.22, 0.25, 0.75, 0.83, 0.06, 0.75, 0.32, 0.96, 0.06, 0.13, 0.35, 0.34, 1.0, 0.2, 0.62, 0.19, 0.86, 0.75, 0.84, 0.5, 0.8, 0.24, 0.25, 0.34, 0.76]"
52,636693,0.433,0.0,50,2025-02-23 07:21:50.498629,"['32214', '32215', '32218', '32222', '32225', '32226', '32236', '32238', '32242', '32248', '32253', '32261', '32269', '32274', '32287']","[3052, 3720, 4953, 5760, 1822, 2948, 4226, 2316, 5195, 4846, 814, 5555, 4033, 3326, 4539, 4003, 5844, 3500, 2968, 5567, 3900, 4954, 4062, 188, 1359, 5647, 2664, 5899, 4808, 4557, 4368, 2189, 3961, 3694, 2281, 990]","[1.0, 1.0, 0.7, 0.71, 1.0, 0.32, 0.21, 0.27, 1.0, 0.34, 0.43, 0.0, 1.0, 0.74, 0.29, 0.72, 0.39, 0.39, 0.72, 0.7, 0.3, 0.87, 1.0, 0.76, 0.0, 0.39, 0.24, 0.68, 1.0, 0.84, 0.48, 0.63, 0.35, 0.76, 1.0, 0.44, 0.71, 0.35, 0.42, 1.0, 0.59, 0.57, 0.57, 0.74, 0.88, 0.71, 0.63, 0.0, 0.34, 0.61, 0.56, 0.66, 0.69, 0.7, 0.11, 0.25, 0.76, 0.66, 0.12, 0.2, 1.0, 0.79, 0.43, 0.26, 0.75, 0.4, 0.56, 0.42, 0.73, 0.38, 0.6, 0.44, 0.6, 0.0, 0.47]"
53,1097429,0.357,0.333,50,2025-02-23 07:21:50.618116,"['32218', '32231', '32238', '32240', '32242', '32245', '32248', '32261', '32264', '32269', '32270', '32273', '32275', '32283', '32287']","[539, 3052, 5195, 506, 216, 835, 3703, 117, 4600, 4033, 5541, 5045, 1268, 5614, 2840, 2943, 4442, 2847, 3094, 576, 4003, 4723, 2378, 4065, 2612, 3951, 2050, 406, 5700, 3720, 5658, 889, 3561, 1273, 5465, 3406]","[0.3, 0.72, 0.75, 0.29, 1.0, 0.65, 0.25, 0.35, 0.27, 0.4, 0.43, 0.6, 0.45, 0.81, 0.27, 0.64, 0.34, 0.0, 0.65, 0.59, 0.28, 0.74, 0.42, 0.73, 1.0, 0.6, 0.75, 0.83, 0.75, 0.56, 0.67, 0.0, 0.4, 0.59, 0.25, 0.36, 0.82, 0.38, 0.37, 0.58, 0.69, 0.67, 0.7, 0.84, 0.71, 0.61, 0.75, 1.0, 0.31, 0.57, 0.75, 0.28, 0.36, 0.77, 0.23, 0.25, 0.0, 0.83, 0.23, 0.0, 0.39, 1.0, 0.57, 0.36, 0.6, 0.36, 0.68, 0.58, 0.76, 0.25, 0.68, 0.38, 0.54, 0.5, 0.55]"
54,876820,0.392,0.0,50,2025-02-23 07:21:50.733034,"['32215', '32217', '32224', '32225', '32226', '32231', '32245', '32248', '32253', '32264', '32269', '32276', '32281', '32287', '32288']","[3406, 2050, 4322, 712, 2943, 4520, 2620, 4033, 5195, 2236, 2664, 2640, 1316, 5460, 1098, 4600, 5692, 5256, 3052, 3285, 5541, 5614, 5264, 4000, 216, 3593, 5402, 2498, 2761, 342, 386, 3951, 1942, 3255, 835, 1268]","[0.39, 1.0, 0.75, 0.0, 0.76, 0.67, 0.29, 0.39, 0.29, 0.27, 1.0, 0.0, 1.0, 0.85, 0.45, 0.73, 0.23, 1.0, 0.73, 0.67, 0.46, 0.85, 0.33, 0.77, 0.6, 0.64, 0.58, 0.86, 0.51, 0.62, 0.73, 0.0, 0.58, 0.52, 1.0, 0.23, 0.83, 0.45, 0.31, 1.0, 0.76, 0.76, 0.76, 0.89, 0.8, 0.75, 0.8, 0.35, 0.52, 0.53, 1.0, 0.49, 0.58, 0.78, 0.1, 1.0, 0.51, 0.88, 0.1, 0.2, 0.41, 0.55, 1.0, 0.25, 0.67, 0.29, 0.74, 0.5, 0.79, 0.47, 0.71, 0.33, 0.53, 0.5, 0.5]"
55,1266299,0.301,0.056,55,2025-02-23 07:21:50.978264,"['32225', '32236', '32238', '32239', '32248', '32249', '32253', '32264', '32266', '32269', '32270', '32276', '32283', '32286', '32288']","[3052, 539, 4003, 2840, 506, 5195, 4033, 637, 4226, 3703, 4723, 2948, 4701, 117, 5658, 4600, 3285, 2612, 2943, 557, 882, 1553, 835, 3326, 2761, 1359, 4975, 216, 3720, 1077, 5760, 2664, 2378, 576, 388, 4846]","[0.41, 0.63, 0.73, 0.42, 0.59, 0.56, 0.22, 0.31, 0.39, 0.43, 0.42, 1.0, 0.46, 0.78, 0.23, 0.64, 0.41, 0.38, 0.67, 0.61, 0.26, 0.75, 0.75, 0.73, 0.0, 0.75, 0.43, 0.8, 0.6, 0.67, 0.59, 0.57, 0.33, 0.67, 0.75, 0.0, 0.79, 0.38, 0.42, 0.75, 0.66, 0.6, 0.64, 0.78, 0.73, 0.6, 0.72, 0.56, 0.26, 0.57, 0.25, 0.36, 0.25, 0.74, 0.21, 0.25, 0.75, 0.78, 0.23, 0.4, 0.45, 0.65, 0.33, 0.35, 0.69, 0.35, 0.64, 0.54, 0.69, 0.75, 0.68, 0.39, 1.0, 0.55, 0.5]"
56,1110391,0.267,0.417,55,2025-02-23 07:21:51.092873,"['32218', '32222', '32224', '32225', '32226', '32236', '32239', '32248', '32264', '32265', '32266', '32274', '32281', '32286', '32288']","[3052, 5195, 4003, 4033, 5899, 2664, 4600, 3500, 4226, 5760, 3720, 506, 1359, 1077, 4808, 814, 5675, 449, 539, 4539, 637, 2943, 2112, 4299, 5555, 4455, 4975, 4883, 2761, 3285, 5758, 1822, 1176, 576, 4412, 4757]","[0.58, 0.57, 0.7, 0.62, 1.0, 0.43, 0.22, 0.3, 0.75, 0.34, 0.25, 0.75, 0.75, 0.77, 0.31, 0.69, 0.37, 0.43, 0.73, 0.68, 0.34, 0.85, 0.75, 0.76, 0.38, 0.75, 0.3, 0.75, 0.7, 0.79, 0.56, 0.56, 0.39, 0.7, 0.75, 0.42, 0.75, 0.4, 0.42, 0.55, 0.64, 0.62, 0.63, 0.77, 0.84, 0.7, 0.72, 0.45, 0.35, 0.56, 0.75, 1.0, 0.75, 0.71, 0.11, 0.67, 0.67, 0.73, 0.12, 0.22, 0.17, 0.73, 0.46, 0.26, 0.78, 0.33, 0.61, 0.25, 0.7, 0.41, 0.66, 0.38, 0.5, 0.55, 0.75]"
57,498192,0.404,0.0,55,2025-02-23 07:21:51.205404,"['32214', '32224', '32239', '32240', '32242', '32243', '32245', '32246', '32248', '32262', '32265', '32270', '32283', '32286', '32287']","[2664, 5647, 3052, 2112, 5844, 3500, 4322, 2281, 5594, 4757, 4033, 5238, 4539, 1612, 981, 3706, 5460, 1932, 857, 3406, 4412, 5195, 2494, 1666, 4000, 114, 406, 145, 5242, 2943, 4164, 2058, 2498, 5598, 3493, 5098]","[1.0, 0.67, 0.71, 0.59, 0.74, 0.54, 0.26, 0.36, 0.45, 0.26, 1.0, 0.57, 0.41, 0.82, 0.44, 0.74, 0.27, 0.55, 0.77, 0.7, 0.45, 0.88, 0.41, 0.78, 0.49, 1.0, 0.25, 0.82, 1.0, 1.0, 0.66, 0.0, 1.0, 0.62, 1.0, 0.3, 0.79, 0.45, 0.35, 0.65, 0.72, 0.72, 0.72, 0.85, 0.85, 0.77, 0.8, 0.33, 0.0, 0.52, 0.43, 1.0, 0.72, 0.73, 0.07, 0.75, 0.25, 0.84, 0.08, 0.14, 0.49, 0.67, 0.55, 0.21, 0.78, 0.27, 0.69, 0.55, 0.73, 1.0, 0.71, 0.33, 0.75, 0.25, 0.56]"
58,89078,0.393,0.083,55,2025-02-23 07:21:51.322227,"['32214', '32217', '32224', '32234', '32239', '32242', '32246', '32261', '32262', '32263', '32265', '32270', '32283', '32286', '32287']","[3052, 2664, 4322, 506, 5541, 576, 3285, 4846, 5647, 4033, 3706, 1098, 5264, 2847, 4757, 3500, 2620, 2943, 2761, 2112, 2060, 4539, 5614, 211, 4412, 4003, 4975, 406, 990, 3406, 2840, 2281, 5460, 2050, 4455, 5700]","[0.0, 0.69, 0.73, 0.75, 0.72, 0.6, 0.26, 0.36, 0.39, 0.31, 1.0, 0.58, 0.41, 0.83, 0.38, 0.71, 0.29, 0.52, 0.74, 0.66, 0.0, 0.84, 0.41, 0.76, 0.52, 1.0, 0.45, 0.83, 0.75, 0.68, 0.67, 0.46, 1.0, 0.6, 0.57, 0.31, 0.81, 0.44, 0.36, 0.63, 0.72, 0.7, 0.72, 0.85, 0.8, 0.71, 0.8, 0.0, 0.0, 0.75, 0.44, 0.75, 0.6, 0.75, 0.1, 0.67, 0.75, 0.85, 0.11, 0.22, 0.46, 0.62, 0.57, 0.26, 0.73, 0.28, 0.7, 0.58, 0.72, 0.5, 0.72, 0.34, 0.75, 0.0, 0.55]"
59,255825,0.226,0.361,55,2025-02-23 07:21:51.445611,"['32221', '32224', '32228', '32231', '32238', '32239', '32243', '32246', '32248', '32251', '32253', '32262', '32263', '32266', '32286']","[3063, 1164, 3255, 668, 2072, 4459, 734, 5256, 2668, 4725, 1268, 206, 1196, 4500, 391, 216, 3474, 5157, 1117, 806, 1787, 182, 2172, 3113, 1103, 342, 4396, 5535, 3310, 295, 1316, 2246, 3376, 5812, 5609, 1750]","[0.23, 0.88, 0.78, 0.23, 0.89, 0.88, 0.34, 0.75, 0.2, 0.22, 0.25, 0.73, 0.29, 0.92, 1.0, 0.75, 0.15, 1.0, 0.76, 0.64, 0.59, 0.84, 0.21, 0.77, 1.0, 0.75, 0.79, 0.94, 0.33, 0.25, 0.87, 0.22, 1.0, 0.32, 0.75, 0.11, 0.89, 0.75, 0.23, 0.75, 0.86, 0.86, 0.88, 0.95, 0.69, 0.75, 0.92, 0.24, 0.75, 1.0, 0.25, 0.36, 0.0, 0.82, 0.08, 0.7, 0.29, 0.96, 0.09, 0.2, 0.37, 0.35, 0.78, 0.24, 0.64, 0.18, 0.86, 0.75, 0.78, 0.54, 0.83, 0.25, 0.25, 0.37, 0.71]"
60,1226616,0.331,0.0,60,2025-02-23 07:21:51.687543,"['32217', '32225', '32226', '32236', '32239', '32240', '32245', '32264', '32269', '32276', '32281', '32283', '32286', '32287', '32288']","[3951, 5614, 539, 3052, 506, 5195, 4033, 5541, 835, 2050, 712, 3406, 216, 4003, 4322, 2943, 2640, 4442, 5045, 1268, 2664, 1786, 4723, 4600, 117, 2620, 3703, 2840, 5692, 3263, 1942, 5535, 2378, 3285, 2060, 5123]","[0.32, 0.74, 0.77, 0.25, 0.75, 0.71, 0.27, 0.39, 0.28, 0.39, 0.44, 0.25, 1.0, 0.83, 0.39, 0.67, 0.29, 0.47, 0.68, 0.61, 0.38, 0.77, 0.25, 0.72, 0.6, 0.75, 1.0, 0.86, 0.44, 0.56, 0.72, 0.25, 0.45, 0.55, 0.46, 0.3, 0.82, 0.43, 0.33, 0.64, 0.76, 0.7, 0.74, 0.88, 0.71, 0.62, 0.79, 0.44, 0.37, 0.53, 0.75, 0.35, 0.42, 0.78, 0.18, 0.75, 0.43, 0.85, 0.17, 0.34, 0.4, 0.52, 0.83, 0.3, 0.63, 0.33, 0.72, 0.5, 0.75, 0.5, 0.7, 0.31, 0.5, 0.75, 0.75]"
61,489818,0.305,0.194,60,2025-02-23 07:21:51.801064,"['32217', '32219', '32224', '32226', '32228', '32231', '32238', '32264', '32266', '32269', '32270', '32276', '32286', '32287', '32288']","[3052, 2664, 2620, 3500, 4033, 4322, 2943, 5541, 3285, 712, 2050, 5195, 4412, 5647, 5654, 2761, 637, 1176, 4975, 3706, 4003, 114, 4539, 5758, 216, 3406, 4747, 5593, 4600, 835, 506, 5460, 5256, 3367, 2112, 2840]","[0.44, 0.72, 0.75, 0.0, 0.77, 1.0, 0.28, 0.37, 0.35, 0.32, 1.0, 0.58, 0.25, 0.84, 0.25, 0.72, 0.26, 0.75, 0.73, 0.67, 0.45, 0.85, 0.37, 0.75, 0.0, 0.61, 0.53, 0.84, 0.52, 0.66, 0.71, 0.45, 0.51, 0.57, 0.56, 0.28, 0.81, 0.46, 0.31, 0.67, 0.75, 0.72, 0.73, 0.87, 0.8, 0.7, 0.8, 0.36, 0.45, 0.53, 0.25, 0.51, 1.0, 0.76, 0.1, 0.75, 1.0, 0.85, 0.1, 0.2, 0.43, 0.59, 0.67, 0.24, 0.69, 0.32, 0.72, 0.6, 0.75, 0.46, 0.69, 0.31, 0.5, 0.5, 0.5]"
62,146926,0.331,0.25,60,2025-02-23 07:21:51.918115,"['32217', '32229', '32230', '32232', '32244', '32254', '32256', '32260', '32268', '32269', '32271', '32277', '32281', '32283', '32284']","[5385, 3703, 2744, 882, 2586, 5237, 2740, 3484, 2879, 2839, 5562, 557, 3383, 5782, 277, 4319, 1761, 3885, 4119, 1020, 1596, 2011, 825, 1788, 525, 1760, 2499, 905, 1007, 1204, 1071, 2547, 122, 4226, 3308, 2910]","[0.47, 0.39, 0.74, 0.0, 0.36, 0.32, 0.16, 0.22, 0.48, 0.67, 0.25, 0.37, 0.64, 0.62, 0.1, 0.0, 1.0, 0.13, 1.0, 0.55, 0.1, 0.61, 0.72, 0.66, 0.24, 0.32, 0.26, 0.61, 0.65, 0.75, 0.0, 0.8, 0.11, 0.84, 0.41, 0.73, 0.68, 0.25, 0.54, 0.33, 0.75, 0.35, 0.0, 0.6, 0.68, 0.38, 0.75, 0.81, 0.07, 0.66, 0.74, 0.26, 0.28, 0.7, 0.25, 0.25, 0.63, 0.0, 0.45, 0.65, 0.48, 0.78, 0.32, 0.67, 0.65, 0.55, 0.42, 0.25, 0.62, 0.75, 0.75, 0.47, 0.59, 0.64, 0.35]"
63,1260370,0.472,0.056,60,2025-02-23 07:21:52.040773,"['32214', '32215', '32218', '32219', '32230', '32244', '32252', '32254', '32255', '32256', '32269', '32279', '32280', '32281', '32283']","[3703, 882, 838, 2744, 5782, 539, 4723, 2740, 3052, 2499, 1396, 823, 825, 5195, 506, 4701, 117, 3682, 3741, 637, 5371, 2612, 3094, 5658, 4732, 3383, 915, 835, 238, 2586, 1214, 4226, 4003, 1071, 5385, 557]","[0.0, 1.0, 0.76, 0.31, 1.0, 1.0, 0.2, 0.3, 0.33, 0.6, 0.3, 0.46, 0.55, 0.73, 0.17, 0.54, 1.0, 0.22, 0.56, 0.53, 0.16, 0.62, 0.59, 0.67, 0.41, 0.48, 0.47, 0.77, 0.5, 0.61, 0.0, 0.66, 0.2, 0.72, 0.37, 0.55, 0.77, 0.31, 0.0, 0.44, 1.0, 0.0, 1.0, 0.76, 0.61, 0.42, 0.65, 0.72, 0.13, 0.61, 0.61, 0.21, 0.25, 0.75, 0.41, 0.0, 0.46, 0.69, 0.39, 0.62, 0.42, 0.63, 0.47, 0.45, 0.59, 1.0, 0.0, 0.0, 0.68, 0.0, 0.61, 0.39, 0.54, 0.55, 0.44]"
64,1270823,0.286,0.333,60,2025-02-23 07:21:52.158685,"['32217', '32226', '32234', '32236', '32242', '32245', '32246', '32248', '32261', '32263', '32269', '32270', '32283', '32286', '32288']","[2664, 2761, 5460, 2943, 5541, 4033, 5195, 576, 4322, 3500, 4539, 712, 4184, 5256, 5065, 4003, 2281, 4600, 3406, 3052, 4000, 2843, 216, 2498, 4757, 3255, 3263, 2112, 2050, 2620, 3151, 5692, 3474, 1612, 1932, 3285]","[0.42, 0.76, 0.76, 0.25, 0.82, 0.69, 0.3, 0.41, 0.33, 0.28, 0.53, 0.61, 0.75, 0.86, 0.54, 0.75, 0.21, 0.6, 0.75, 0.69, 0.75, 0.87, 0.25, 0.76, 0.62, 0.66, 0.59, 0.87, 0.25, 0.62, 0.75, 0.25, 1.0, 0.51, 1.0, 0.22, 0.83, 0.49, 0.28, 0.72, 0.79, 0.77, 0.77, 0.9, 0.8, 0.74, 0.83, 0.25, 0.54, 0.75, 0.36, 0.54, 0.62, 0.77, 0.07, 0.75, 0.75, 0.88, 0.07, 0.16, 0.42, 0.54, 0.66, 0.21, 0.69, 0.28, 0.76, 0.64, 0.77, 0.25, 0.72, 0.29, 0.5, 0.44, 0.5]"
65,1087907,0.29,0.306,65,2025-02-23 07:21:52.404508,"['32225', '32231', '32238', '32239', '32243', '32245', '32246', '32247', '32248', '32263', '32269', '32275', '32281', '32283', '32286']","[734, 391, 216, 835, 1273, 2761, 5541, 506, 1268, 3063, 2943, 2072, 1164, 4459, 5906, 712, 3124, 3255, 3593, 3263, 2420, 889, 3406, 214, 5700, 5614, 5692, 4807, 806, 4000, 1787, 2172, 2270, 2246, 3273, 2753]","[0.21, 0.83, 0.8, 0.21, 0.83, 0.83, 0.29, 0.43, 0.18, 0.31, 0.48, 1.0, 0.34, 0.89, 0.45, 0.7, 0.2, 0.25, 0.69, 0.58, 0.46, 0.78, 0.29, 0.75, 0.75, 0.25, 0.76, 0.9, 0.35, 0.0, 0.82, 0.25, 0.75, 0.0, 0.25, 0.2, 0.86, 0.46, 0.27, 0.7, 0.82, 0.8, 0.82, 0.9, 0.66, 0.69, 0.86, 0.34, 0.48, 0.25, 0.32, 0.3, 0.39, 0.81, 0.14, 0.75, 0.31, 0.92, 0.17, 0.33, 0.36, 0.33, 0.73, 0.3, 0.59, 0.28, 0.82, 1.0, 0.79, 0.75, 0.77, 0.27, 0.75, 0.33, 0.64]"
66,1315257,0.35,0.306,65,2025-02-23 07:21:52.521812,"['32219', '32226', '32236', '32239', '32248', '32249', '32253', '32266', '32269', '32270', '32276', '32281', '32283', '32287', '32288']","[3052, 539, 5195, 3703, 2840, 4003, 506, 637, 4033, 4723, 4600, 882, 1553, 4226, 5658, 2664, 5758, 835, 3720, 2948, 2050, 2505, 3326, 117, 216, 2943, 2612, 1359, 5888, 5760, 3951, 2740, 5918, 557, 3285, 4701]","[0.42, 0.58, 0.75, 0.44, 0.58, 0.75, 0.2, 0.28, 0.36, 0.45, 0.37, 0.53, 0.0, 0.77, 0.24, 0.63, 0.4, 0.34, 0.65, 0.6, 0.26, 0.75, 1.0, 0.73, 0.41, 0.75, 0.41, 0.73, 0.6, 0.69, 0.56, 0.6, 0.28, 0.68, 0.75, 0.25, 0.76, 0.35, 0.41, 0.75, 0.63, 0.57, 0.63, 0.75, 0.74, 0.59, 0.68, 0.56, 0.25, 0.58, 0.55, 0.38, 0.25, 0.73, 0.21, 0.25, 1.0, 0.73, 0.24, 0.4, 0.45, 0.62, 0.33, 0.35, 0.67, 0.43, 0.59, 0.5, 0.72, 0.0, 0.63, 0.39, 0.55, 0.5, 0.25]"
67,907640,0.234,0.417,65,2025-02-23 07:21:52.644875,"['32219', '32231', '32238', '32239', '32240', '32242', '32247', '32248', '32263', '32266', '32270', '32275', '32283', '32286', '32288']","[5541, 216, 2943, 5692, 4322, 4033, 2620, 1176, 5195, 2664, 3052, 2050, 712, 2640, 1786, 5654, 539, 3406, 3500, 835, 1164, 3285, 1098, 4176, 5614, 3474, 2060, 5402, 3029, 5700, 1382, 1316, 5256, 3255, 4600, 2498]","[0.37, 0.76, 0.77, 0.39, 0.79, 1.0, 0.28, 0.39, 0.27, 0.28, 0.5, 0.65, 0.36, 0.87, 0.48, 0.72, 0.21, 1.0, 0.74, 0.66, 0.49, 0.84, 0.32, 0.77, 0.25, 0.75, 0.75, 0.85, 0.75, 0.6, 0.75, 0.38, 0.54, 0.75, 0.75, 0.24, 0.83, 0.46, 0.3, 0.67, 0.78, 0.77, 0.78, 0.87, 0.78, 0.74, 0.82, 0.31, 0.52, 0.25, 0.36, 0.48, 0.75, 0.78, 0.09, 0.69, 0.25, 0.89, 0.11, 0.21, 0.41, 0.33, 0.67, 0.25, 0.68, 0.3, 0.77, 0.62, 0.78, 0.25, 0.73, 0.3, 0.5, 0.39, 0.75]"
68,1548225,0.293,0.5,65,2025-02-23 07:21:52.770658,"['32223', '32225', '32229', '32232', '32239', '32241', '32248', '32256', '32268', '32273', '32274', '32277', '32283', '32284', '32285']","[5326, 1569, 4927, 5385, 2011, 2338, 1964, 4554, 1596, 5114, 5915, 1178, 905, 2273, 1020, 1585, 2839, 4122, 3484, 2762, 4438, 2879, 1497, 1204, 4643, 5562, 5884, 5192, 2586, 670, 122, 1760, 2707, 5624, 690, 5297]","[0.52, 0.25, 0.71, 0.54, 0.19, 0.17, 0.11, 0.14, 0.54, 0.75, 0.2, 0.0, 0.68, 0.53, 0.04, 0.0, 0.75, 0.08, 0.0, 0.52, 0.05, 0.54, 0.87, 0.65, 0.12, 0.25, 0.16, 0.25, 0.78, 0.81, 0.23, 0.88, 0.05, 0.9, 0.75, 0.85, 0.63, 0.19, 0.63, 0.22, 0.34, 0.22, 0.0, 0.42, 0.68, 0.3, 0.36, 0.88, 0.04, 0.71, 0.82, 0.25, 0.26, 0.64, 0.75, 0.19, 0.7, 0.31, 0.61, 1.0, 1.0, 0.82, 0.21, 0.67, 0.65, 0.66, 0.26, 0.27, 0.59, 0.5, 0.5, 0.5, 0.63, 0.66, 0.25]"
69,802845,0.244,0.361,65,2025-02-23 07:21:52.887256,"['32215', '32222', '32225', '32226', '32236', '32239', '32248', '32255', '32261', '32264', '32266', '32274', '32276', '32280', '32281']","[3052, 4003, 3720, 4033, 5195, 1359, 4954, 449, 5760, 2943, 2050, 576, 712, 4062, 2378, 5675, 3285, 480, 2664, 2058, 4322, 3266, 506, 4455, 2948, 5614, 5541, 1176, 4953, 4600, 786, 3500, 5899, 5098, 1331, 5567]","[0.54, 0.75, 0.73, 0.57, 0.65, 0.47, 0.23, 0.3, 0.25, 0.34, 0.45, 0.25, 0.75, 0.8, 0.36, 0.7, 0.31, 0.46, 0.73, 0.68, 0.37, 0.84, 0.25, 0.76, 0.43, 0.25, 0.36, 0.73, 0.64, 0.74, 0.59, 0.53, 0.38, 0.65, 0.75, 0.39, 0.76, 0.4, 0.38, 0.56, 0.67, 0.75, 0.66, 0.78, 0.83, 0.7, 0.72, 0.25, 0.39, 0.55, 0.75, 0.56, 1.0, 0.72, 0.1, 0.66, 0.63, 0.76, 0.13, 0.22, 0.83, 0.65, 0.67, 0.27, 0.73, 0.38, 0.5, 0.5, 0.73, 0.43, 0.64, 0.38, 0.55, 0.49, 0.51]"
70,420000,0.32,0.417,70,2025-02-23 07:21:53.125486,"['32217', '32224', '32234', '32238', '32240', '32242', '32248', '32251', '32253', '32263', '32265', '32266', '32270', '32275', '32288']","[2664, 3706, 3406, 2640, 2943, 1316, 712, 4322, 5692, 342, 4757, 3500, 981, 5065, 4184, 2843, 2112, 1098, 4412, 2498, 3285, 1932, 5256, 4547, 5594, 5402, 5460, 1538, 3151, 4520, 2281, 1164, 2761, 863, 5541, 295]","[0.48, 0.77, 0.75, 0.75, 0.84, 0.68, 0.31, 0.43, 0.35, 0.2, 1.0, 0.62, 0.33, 0.88, 0.61, 0.78, 0.17, 0.67, 0.79, 0.73, 0.75, 0.9, 0.28, 0.79, 0.75, 0.67, 0.75, 0.86, 0.25, 0.67, 0.79, 0.36, 0.66, 0.45, 0.75, 0.18, 0.84, 1.0, 0.28, 0.75, 0.78, 0.83, 0.79, 0.9, 0.85, 0.84, 0.83, 0.23, 0.64, 0.25, 0.33, 0.75, 0.75, 0.76, 0.04, 0.83, 0.75, 0.9, 0.05, 0.1, 0.43, 1.0, 0.69, 0.2, 0.72, 0.24, 0.79, 0.69, 0.83, 0.41, 0.75, 0.28, 0.47, 0.43, 1.0]"
71,1326268,0.333,0.333,70,2025-02-23 07:21:53.242835,"['32217', '32231', '32238', '32240', '32245', '32246', '32248', '32253', '32261', '32264', '32265', '32266', '32286', '32287', '32288']","[3052, 5195, 4033, 506, 2943, 2050, 4003, 539, 712, 4600, 5614, 1359, 2664, 4322, 216, 786, 2840, 2761, 576, 3285, 1553, 4455, 4723, 990, 1786, 835, 5541, 3500, 5675, 5760, 3053, 637, 2058, 2620, 4975, 3263]","[0.42, 0.66, 0.75, 0.25, 0.69, 0.58, 0.24, 0.34, 0.37, 0.36, 0.45, 0.54, 0.42, 0.81, 0.35, 0.68, 0.32, 0.25, 0.71, 0.65, 0.34, 0.81, 0.42, 0.75, 0.75, 0.56, 0.25, 0.8, 0.56, 0.67, 0.68, 0.75, 0.25, 0.57, 0.75, 0.36, 0.81, 0.4, 0.37, 0.75, 0.67, 0.69, 0.7, 0.82, 0.76, 0.69, 0.75, 0.0, 0.36, 0.55, 0.25, 0.25, 0.75, 0.74, 0.13, 0.62, 0.54, 0.81, 0.14, 0.28, 0.43, 0.6, 0.56, 0.3, 0.68, 0.33, 0.68, 0.6, 0.78, 0.44, 0.7, 0.34, 0.5, 0.75, 0.75]"
72,1278708,0.335,0.111,70,2025-02-23 07:21:53.357850,"['32215', '32219', '32224', '32225', '32226', '32238', '32239', '32248', '32249', '32253', '32261', '32264', '32266', '32269', '32286']","[4322, 712, 2640, 2943, 2664, 3406, 2060, 4520, 5541, 5614, 1316, 2236, 4455, 1098, 5264, 2050, 1942, 3052, 2620, 5256, 1531, 5110, 2498, 386, 5460, 114, 3706, 4345, 216, 3285, 2838, 4000, 4033, 835, 5195, 5700]","[0.41, 1.0, 0.75, 0.43, 0.79, 1.0, 0.28, 0.4, 0.33, 0.27, 1.0, 0.25, 0.25, 0.86, 0.5, 0.73, 0.22, 0.59, 0.75, 0.68, 0.47, 0.86, 0.33, 0.77, 1.0, 1.0, 0.55, 0.85, 0.51, 0.63, 0.76, 0.41, 0.58, 0.48, 0.75, 0.75, 0.84, 0.46, 0.31, 0.25, 0.74, 0.78, 0.77, 0.88, 0.79, 0.77, 0.81, 0.25, 0.52, 0.51, 1.0, 0.53, 1.0, 0.76, 0.08, 1.0, 0.51, 0.88, 0.08, 0.18, 0.42, 0.54, 0.65, 0.25, 0.69, 0.27, 0.76, 0.67, 0.81, 0.44, 0.74, 0.3, 0.25, 0.46, 0.6]"
73,514428,0.444,0.083,70,2025-02-23 07:21:53.480994,"['32217', '32219', '32225', '32226', '32230', '32248', '32249', '32252', '32253', '32261', '32266', '32269', '32270', '32283', '32288']","[2586, 3052, 4119, 5760, 4226, 277, 5385, 557, 4319, 3720, 882, 5918, 2740, 2948, 3703, 2338, 4338, 930, 4003, 3158, 2744, 5658, 5195, 4663, 2879, 2547, 1007, 2776, 4954, 3266, 2910, 3383, 2111, 3326, 1788, 374]","[0.55, 0.4, 0.71, 1.0, 0.41, 0.0, 0.17, 0.22, 0.55, 0.54, 0.34, 0.0, 0.25, 0.66, 0.15, 0.59, 1.0, 0.22, 0.63, 0.62, 0.15, 0.73, 0.66, 0.71, 0.22, 0.35, 0.21, 0.6, 0.72, 0.81, 0.42, 0.79, 0.18, 0.79, 1.0, 0.0, 0.71, 0.28, 0.75, 0.75, 0.48, 0.45, 0.48, 0.62, 0.77, 0.55, 0.55, 1.0, 0.14, 0.64, 0.7, 0.43, 0.0, 0.66, 0.27, 0.25, 0.75, 0.52, 0.29, 0.45, 0.48, 0.78, 0.33, 0.37, 0.7, 0.48, 0.47, 0.43, 0.7, 0.25, 0.58, 0.46, 0.56, 0.66, 0.5]"
74,1605125,0.307,0.222,70,2025-02-23 07:21:53.599547,"['32217', '32218', '32219', '32222', '32223', '32225', '32226', '32248', '32249', '32253', '32261', '32266', '32269', '32281', '32288']","[3052, 539, 3703, 2840, 5195, 637, 4723, 835, 216, 882, 3951, 506, 2753, 2612, 2378, 2050, 5658, 117, 3326, 2943, 4065, 3720, 238, 2948, 4033, 4038, 4003, 5888, 5614, 557, 1359, 5465, 4846, 4732, 823, 4226]","[0.35, 0.63, 0.75, 0.75, 0.75, 1.0, 0.21, 0.32, 0.0, 0.25, 0.39, 0.25, 0.25, 0.78, 0.25, 0.63, 0.41, 0.35, 0.65, 0.59, 0.24, 0.73, 0.48, 0.72, 0.43, 0.53, 0.46, 0.78, 0.54, 0.62, 0.63, 0.6, 0.34, 0.6, 0.75, 0.75, 0.81, 0.36, 0.41, 0.75, 0.62, 0.62, 0.66, 0.79, 0.67, 0.59, 0.71, 1.0, 0.24, 0.58, 0.55, 0.31, 0.25, 0.73, 0.23, 0.25, 0.5, 0.77, 0.24, 0.45, 0.41, 0.59, 0.52, 0.37, 0.64, 0.38, 0.64, 0.5, 0.76, 0.48, 0.68, 0.37, 0.53, 0.55, 0.5]"
75,969851,0.324,0.0,75,2025-02-23 07:21:53.837589,"['32224', '32225', '32228', '32238', '32239', '32242', '32246', '32248', '32261', '32262', '32263', '32265', '32266', '32275', '32286']","[4322, 5460, 5065, 5541, 3474, 2838, 4184, 5256, 3406, 342, 216, 2664, 2640, 2668, 1316, 1164, 406, 5700, 3706, 2281, 835, 4257, 2620, 3500, 2761, 1098, 3593, 4520, 4176, 114, 1942, 4757, 5594, 2367, 981, 2112]","[0.35, 0.79, 0.75, 0.36, 0.81, 0.75, 0.3, 0.42, 0.27, 0.28, 1.0, 1.0, 0.34, 0.88, 0.75, 0.73, 0.17, 0.65, 0.74, 0.66, 0.5, 0.88, 0.29, 0.78, 1.0, 0.75, 0.66, 0.88, 1.0, 0.56, 0.79, 0.36, 1.0, 0.45, 0.75, 0.21, 0.85, 0.5, 0.29, 0.71, 0.82, 0.81, 0.79, 0.89, 0.76, 0.77, 0.83, 0.0, 0.0, 1.0, 0.34, 0.0, 1.0, 0.79, 0.07, 0.71, 0.45, 0.9, 0.09, 0.2, 0.42, 0.33, 0.69, 0.23, 0.64, 0.28, 0.77, 0.65, 0.79, 0.48, 0.76, 0.3, 0.5, 0.41, 0.64]"
76,568896,0.235,0.444,75,2025-02-23 07:21:53.951055,"['32219', '32221', '32224', '32225', '32226', '32228', '32243', '32245', '32251', '32263', '32265', '32266', '32270', '32283', '32286']","[1164, 3406, 5256, 5402, 3310, 214, 1117, 342, 2640, 1316, 4396, 2498, 1611, 3273, 4547, 2072, 3029, 3084, 3932, 4257, 3376, 4184, 3063, 114, 4322, 4000, 5027, 3474, 5747, 668, 1893, 1942, 3255, 3608, 2019, 806]","[0.32, 0.86, 0.76, 0.35, 0.89, 1.0, 0.35, 0.75, 0.22, 0.2, 0.75, 0.25, 0.25, 0.92, 0.75, 0.79, 0.1, 0.77, 0.79, 0.69, 0.67, 0.91, 0.19, 0.8, 0.78, 0.75, 0.76, 0.92, 0.39, 0.0, 0.86, 0.0, 0.76, 0.33, 0.59, 0.12, 0.88, 0.75, 0.23, 0.8, 0.88, 0.88, 0.86, 0.93, 0.78, 0.84, 0.89, 0.18, 0.72, 0.25, 0.24, 1.0, 1.0, 0.81, 0.04, 0.8, 0.25, 0.94, 0.05, 0.12, 0.4, 0.37, 0.77, 0.17, 0.65, 0.22, 0.84, 0.72, 0.83, 0.5, 0.8, 0.26, 0.5, 0.34, 0.72]"
77,316314,0.386,0.194,75,2025-02-23 07:21:54.069472,"['32218', '32225', '32230', '32236', '32244', '32248', '32252', '32255', '32260', '32266', '32269', '32271', '32274', '32279', '32280']","[4119, 3052, 930, 5760, 4319, 2586, 4226, 2609, 1868, 3158, 374, 5385, 2547, 3720, 5899, 1770, 4338, 4988, 5817, 4003, 4954, 4953, 5555, 5918, 1929, 3998, 3900, 1533, 4062, 3694, 3863, 449, 701, 124, 5675, 2316]","[0.68, 0.37, 0.68, 0.73, 0.0, 0.24, 0.18, 0.24, 0.63, 0.44, 0.39, 0.75, 0.55, 0.67, 0.21, 0.65, 0.25, 0.29, 0.68, 0.66, 0.2, 0.85, 1.0, 0.75, 0.2, 0.3, 0.16, 0.54, 0.79, 0.86, 0.0, 0.75, 0.22, 0.82, 0.75, 0.62, 0.67, 0.31, 0.75, 0.41, 0.54, 0.25, 0.47, 0.6, 0.85, 0.65, 0.75, 0.61, 0.2, 0.62, 0.66, 0.63, 1.0, 0.67, 0.15, 1.0, 0.81, 0.25, 0.17, 0.29, 0.83, 0.83, 0.34, 0.31, 0.78, 0.17, 0.67, 0.36, 0.68, 0.37, 0.58, 0.46, 0.58, 0.65, 0.37]"
78,418866,0.228,0.111,75,2025-02-23 07:21:54.190310,"['32224', '32225', '32228', '32236', '32243', '32245', '32246', '32247', '32248', '32251', '32262', '32263', '32270', '32275', '32286']","[1164, 216, 5256, 3406, 2640, 3063, 5402, 734, 391, 2072, 5541, 1268, 4459, 3310, 3255, 3273, 4396, 668, 133, 535, 3084, 2943, 4322, 2253, 835, 4807, 1316, 712, 1787, 1117, 5742, 5700, 5134, 2668, 5522, 4696]","[0.25, 0.84, 0.77, 0.24, 0.84, 0.83, 0.32, 0.45, 0.2, 0.32, 0.75, 0.75, 0.31, 0.89, 1.0, 0.71, 0.17, 0.67, 0.72, 0.62, 0.5, 0.83, 0.0, 0.77, 0.74, 0.73, 0.77, 0.91, 0.37, 0.25, 0.83, 0.0, 0.25, 0.25, 0.75, 0.19, 0.88, 0.75, 0.27, 0.72, 0.85, 0.84, 0.82, 0.91, 0.68, 0.73, 0.86, 0.33, 0.0, 0.25, 0.31, 0.36, 0.47, 0.8, 0.11, 0.64, 0.25, 0.92, 0.12, 0.28, 0.39, 0.17, 0.73, 0.26, 0.57, 0.27, 0.8, 0.69, 0.8, 0.53, 0.78, 0.29, 0.5, 0.37, 0.67]"
79,1487857,0.284,0.25,75,2025-02-23 07:21:54.306983,"['32214', '32215', '32218', '32222', '32224', '32225', '32226', '32231', '32248', '32264', '32265', '32274', '32280', '32281', '32288']","[2664, 3052, 5195, 3500, 4322, 5647, 4539, 4600, 3285, 4033, 2112, 5238, 712, 2058, 5844, 2943, 4412, 4455, 3406, 4757, 3665, 2761, 990, 5460, 3706, 2281, 1176, 5541, 5758, 1822, 1612, 3720, 1359, 576, 2050, 3151]","[1.0, 0.75, 0.71, 0.59, 0.75, 0.53, 0.26, 0.36, 0.25, 0.29, 0.75, 0.25, 0.75, 0.82, 0.45, 0.74, 0.24, 0.75, 0.75, 0.69, 0.43, 0.9, 0.42, 0.78, 0.47, 0.52, 0.41, 0.77, 0.63, 0.74, 0.65, 0.49, 0.5, 0.61, 0.75, 0.32, 0.78, 0.45, 0.35, 0.63, 0.74, 0.72, 0.7, 0.81, 0.84, 0.77, 0.74, 0.35, 0.47, 0.54, 0.25, 1.0, 0.69, 0.74, 0.07, 0.73, 0.66, 0.8, 0.08, 0.17, 0.33, 0.65, 0.56, 0.22, 0.74, 0.33, 0.67, 0.5, 0.76, 0.4, 0.7, 0.36, 0.52, 0.5, 0.5]"
80,820844,0.282,0.5,80,2025-02-23 07:21:54.557299,"['32217', '32222', '32223', '32229', '32248', '32254', '32255', '32260', '32270', '32272', '32274', '32277', '32279', '32284', '32285']","[3703, 882, 2338, 2744, 277, 1007, 2586, 3484, 2879, 905, 1020, 2839, 5385, 4861, 5782, 4554, 5884, 557, 5237, 5114, 1071, 5371, 2408, 2011, 2499, 4319, 3885, 1596, 4723, 838, 5915, 5716, 1760, 174, 3035, 122]","[0.41, 0.35, 0.71, 0.25, 0.31, 0.31, 0.14, 0.21, 0.25, 1.0, 0.28, 0.39, 0.61, 0.64, 0.08, 0.75, 0.66, 0.15, 0.54, 0.52, 0.08, 0.61, 0.73, 0.68, 0.2, 0.3, 0.25, 0.63, 0.66, 0.76, 0.32, 0.8, 0.11, 0.85, 0.0, 0.76, 0.69, 0.26, 0.53, 0.28, 0.25, 0.25, 0.41, 0.56, 0.67, 0.39, 0.0, 0.82, 0.08, 0.67, 0.74, 0.24, 0.28, 0.7, 0.48, 0.26, 0.75, 0.46, 0.25, 0.66, 0.33, 0.76, 0.3, 0.83, 0.64, 0.83, 0.47, 0.38, 0.62, 0.49, 0.5, 0.75, 0.59, 0.63, 0.32]"
81,661890,0.333,0.25,80,2025-02-23 07:21:54.675835,"['32219', '32222', '32226', '32232', '32233', '32235', '32248', '32255', '32264', '32270', '32272', '32280', '32283', '32284', '32285']","[882, 5385, 2839, 3383, 2338, 1020, 2744, 1048, 5915, 5371, 5562, 3703, 2011, 2499, 5326, 277, 122, 1071, 3755, 905, 915, 4554, 2821, 4861, 1204, 5237, 3885, 2586, 1791, 1788, 5730, 5114, 1760, 3020, 3035, 1569]","[0.35, 0.35, 0.73, 0.41, 0.29, 0.25, 0.14, 0.2, 0.0, 0.7, 0.26, 0.39, 1.0, 0.62, 0.07, 0.44, 0.69, 0.13, 0.25, 0.75, 0.06, 1.0, 0.74, 0.66, 0.2, 0.29, 0.27, 0.63, 0.63, 0.73, 0.31, 0.81, 0.09, 0.85, 0.0, 0.78, 0.7, 0.25, 0.55, 0.26, 0.43, 0.0, 0.4, 0.55, 0.62, 0.34, 0.45, 0.85, 0.06, 0.68, 1.0, 0.18, 0.21, 0.71, 0.56, 0.2, 0.0, 0.45, 1.0, 0.74, 0.46, 0.74, 0.29, 0.57, 0.61, 0.55, 0.17, 0.38, 0.61, 0.5, 0.25, 0.75, 0.59, 0.63, 0.31]"
82,1001322,0.312,0.194,80,2025-02-23 07:21:54.794733,"['32214', '32215', '32217', '32219', '32224', '32239', '32240', '32247', '32248', '32265', '32266', '32270', '32275', '32281', '32286']","[2465, 3500, 2498, 5065, 2664, 4322, 1538, 1176, 3706, 1316, 5594, 981, 342, 5806, 1098, 5248, 5238, 5647, 4547, 5460, 2058, 4412, 2761, 114, 2112, 1666, 4184, 857, 3249, 863, 5844, 4345, 4757, 3406, 1932, 145]","[1.0, 1.0, 0.71, 0.75, 0.81, 1.0, 0.32, 0.41, 0.36, 0.2, 1.0, 0.62, 0.35, 0.88, 0.61, 0.78, 0.16, 0.67, 0.8, 0.74, 0.58, 0.93, 0.29, 0.79, 0.59, 0.0, 1.0, 0.86, 0.61, 0.73, 0.75, 0.34, 0.65, 0.0, 1.0, 0.18, 0.79, 0.53, 0.27, 0.73, 0.79, 0.83, 0.76, 0.88, 0.87, 0.83, 0.82, 0.23, 0.64, 0.49, 0.33, 1.0, 1.0, 0.77, 0.04, 0.82, 1.0, 0.86, 0.04, 0.08, 0.45, 0.67, 0.62, 0.18, 0.75, 0.26, 0.75, 0.75, 0.79, 0.37, 0.71, 0.3, 0.5, 0.44, 0.63]"
83,428327,0.313,0.389,80,2025-02-23 07:21:54.915046,"['32217', '32221', '32242', '32246', '32247', '32248', '32251', '32263', '32265', '32266', '32270', '32275', '32276', '32281', '32286']","[2498, 342, 4184, 4396, 1316, 1164, 5065, 5402, 5692, 1893, 3608, 5208, 4547, 1932, 3406, 3063, 5256, 1611, 2367, 4000, 67, 295, 3255, 3310, 214, 3084, 1538, 3932, 981, 5460, 3029, 1117, 3786, 3474, 2843, 2044]","[0.41, 0.83, 0.74, 0.25, 0.88, 0.76, 0.36, 1.0, 0.26, 0.17, 0.63, 0.69, 0.3, 0.92, 0.69, 0.79, 0.11, 0.74, 0.8, 0.72, 0.66, 0.93, 0.2, 0.79, 0.73, 0.74, 0.66, 0.91, 1.0, 0.6, 0.83, 0.24, 1.0, 0.0, 0.75, 0.11, 0.84, 1.0, 0.22, 0.79, 0.85, 0.88, 0.83, 0.92, 0.84, 0.84, 0.88, 0.18, 0.72, 0.0, 0.25, 1.0, 1.0, 0.81, 0.04, 0.83, 0.25, 0.92, 0.04, 0.08, 0.41, 0.67, 1.0, 0.17, 0.71, 0.22, 0.82, 0.75, 0.82, 0.41, 0.77, 0.26, 0.5, 0.37, 0.7]"
84,157754,0.363,0.25,80,2025-02-23 07:21:55.030002,"['32214', '32219', '32222', '32224', '32225', '32236', '32239', '32245', '32248', '32261', '32264', '32266', '32276', '32281', '32288']","[3052, 4033, 4003, 1359, 3285, 1176, 5675, 5195, 4975, 480, 2058, 4412, 5647, 4825, 3729, 628, 1612, 4640, 2948, 3720, 4322, 2943, 449, 3706, 4062, 4611, 712, 4600, 4890, 3961, 5238, 4539, 2664, 3500, 5899, 650]","[0.75, 0.59, 0.7, 0.6, 0.66, 0.25, 0.25, 0.33, 0.25, 0.32, 0.25, 0.75, 0.44, 0.82, 0.39, 0.7, 0.29, 0.47, 0.73, 0.69, 0.37, 0.88, 0.0, 0.76, 0.42, 0.75, 0.36, 0.78, 0.66, 0.77, 0.6, 0.75, 0.44, 0.67, 0.75, 0.36, 0.74, 0.44, 0.36, 0.59, 0.68, 0.69, 0.64, 0.79, 0.84, 0.73, 0.71, 0.0, 0.41, 0.55, 1.0, 0.59, 1.0, 0.74, 0.09, 0.68, 0.64, 0.74, 0.1, 0.18, 0.46, 0.69, 0.17, 0.26, 0.74, 0.34, 0.65, 0.75, 0.74, 0.39, 0.64, 0.37, 0.53, 0.52, 0.75]"
85,1497649,0.399,0.139,85,2025-02-23 07:21:55.272914,"['32219', '32223', '32226', '32238', '32239', '32253', '32259', '32261', '32273', '32275', '32276', '32281', '32283', '32287', '32288']","[539, 835, 2840, 216, 3703, 117, 2612, 3951, 4723, 3561, 5195, 506, 2753, 882, 3052, 5541, 734, 4033, 5614, 4065, 2943, 2050, 3574, 4701, 391, 1268, 5782, 4442, 2420, 5465, 238, 5045, 5700, 2620, 823, 1396]","[0.23, 0.74, 0.78, 0.21, 0.68, 1.0, 0.25, 0.37, 0.23, 0.75, 0.39, 0.61, 0.25, 0.81, 0.31, 0.58, 0.38, 0.4, 0.61, 0.53, 0.25, 0.69, 0.44, 0.7, 1.0, 1.0, 0.67, 0.86, 0.43, 0.48, 0.69, 0.5, 0.35, 0.52, 0.36, 0.38, 0.84, 0.35, 0.36, 1.0, 0.71, 0.69, 0.73, 0.85, 0.61, 1.0, 0.76, 1.0, 0.23, 0.56, 0.46, 0.18, 0.28, 0.79, 0.26, 0.4, 0.37, 0.82, 0.29, 0.75, 0.37, 0.17, 0.83, 0.41, 0.57, 0.37, 0.69, 0.0, 0.75, 0.75, 0.72, 0.33, 0.55, 1.0, 0.0]"
86,804887,0.312,0.306,85,2025-02-23 07:21:55.396162,"['32224', '32228', '32231', '32234', '32239', '32243', '32246', '32247', '32248', '32261', '32262', '32263', '32275', '32283', '32286']","[734, 2668, 5541, 2072, 4322, 1268, 216, 3255, 1164, 3406, 3263, 2640, 2270, 835, 391, 5742, 5256, 2620, 1316, 1098, 3474, 1293, 4161, 4176, 1942, 3593, 4459, 5700, 1117, 342, 3310, 3951, 5402, 506, 3124, 3376]","[0.3, 0.81, 0.77, 0.29, 0.83, 0.8, 0.3, 0.45, 0.23, 0.31, 1.0, 0.67, 0.37, 0.87, 1.0, 0.7, 0.23, 0.75, 0.71, 0.63, 0.0, 0.82, 0.3, 0.75, 0.71, 1.0, 0.7, 0.89, 0.42, 0.75, 0.79, 0.35, 1.0, 0.0, 0.0, 0.21, 0.85, 0.45, 0.29, 0.73, 0.79, 0.81, 0.81, 0.91, 0.73, 0.72, 0.84, 0.0, 0.0, 0.75, 0.34, 0.37, 0.47, 0.79, 0.09, 0.64, 0.4, 0.9, 0.11, 0.26, 0.37, 0.5, 0.71, 0.29, 0.63, 0.27, 0.77, 0.67, 0.78, 0.5, 0.75, 0.28, 0.5, 0.38, 0.65]"
87,978631,0.318,0.444,85,2025-02-23 07:21:55.511996,"['32215', '32217', '32223', '32226', '32230', '32236', '32239', '32248', '32249', '32266', '32269', '32276', '32281', '32287', '32288']","[539, 3052, 5195, 4723, 4033, 506, 637, 2840, 2050, 4600, 216, 4003, 2378, 3703, 3326, 5614, 823, 889, 2948, 1359, 2943, 4846, 1553, 3951, 2612, 4065, 3285, 712, 4226, 882, 2505, 1249, 2664, 557, 5760, 835]","[0.4, 0.75, 0.75, 0.0, 0.63, 0.59, 0.22, 0.33, 0.35, 0.0, 0.41, 0.55, 0.25, 0.77, 0.31, 0.63, 0.25, 0.39, 0.66, 0.61, 0.26, 0.77, 0.75, 0.73, 0.47, 0.75, 0.48, 0.79, 0.58, 0.65, 0.59, 0.58, 0.34, 0.64, 1.0, 1.0, 0.79, 0.36, 0.4, 0.57, 0.66, 0.63, 0.66, 0.79, 0.74, 0.61, 0.71, 0.54, 0.26, 0.57, 0.51, 0.37, 0.25, 0.75, 0.17, 0.75, 0.55, 0.74, 0.19, 0.38, 0.42, 0.62, 0.5, 0.35, 0.66, 0.38, 0.63, 0.5, 0.73, 0.44, 0.67, 0.36, 0.56, 0.75, 0.5]"
88,622785,0.354,0.444,85,2025-02-23 07:21:55.628967,"['32214', '32223', '32230', '32239', '32241', '32252', '32253', '32254', '32260', '32265', '32269', '32271', '32274', '32279', '32284']","[4226, 3052, 3720, 5760, 4954, 4120, 3158, 4953, 2586, 930, 2547, 5899, 3266, 1868, 4319, 449, 3326, 4338, 5675, 4003, 1331, 1770, 5323, 1391, 2316, 3701, 1533, 2609, 4846, 480, 2776, 4988, 3139, 4119, 374, 4557]","[1.0, 0.42, 0.69, 0.74, 0.48, 0.28, 0.18, 0.25, 0.57, 0.25, 0.41, 0.42, 0.56, 0.67, 0.27, 0.67, 0.75, 0.31, 0.7, 0.69, 0.23, 0.84, 0.65, 0.75, 0.25, 0.0, 0.19, 1.0, 0.79, 0.86, 0.39, 0.73, 0.26, 0.81, 0.67, 0.59, 0.68, 0.33, 1.0, 0.25, 0.0, 0.49, 0.49, 0.65, 0.87, 0.64, 0.75, 0.57, 0.24, 0.6, 0.64, 1.0, 0.66, 0.67, 0.12, 1.0, 0.8, 1.0, 0.13, 0.25, 1.0, 0.83, 0.38, 0.29, 0.77, 1.0, 0.48, 0.37, 0.68, 0.35, 0.5, 0.43, 0.59, 0.63, 0.44]"
89,1486270,0.256,0.111,85,2025-02-23 07:21:55.745985,"['32221', '32224', '32236', '32239', '32240', '32246', '32247', '32248', '32251', '32262', '32263', '32265', '32266', '32283', '32286']","[3255, 295, 3063, 2668, 4396, 5256, 4547, 1164, 3474, 5065, 2072, 1117, 4725, 1316, 3084, 5402, 391, 5692, 5459, 342, 4184, 2367, 214, 1268, 1871, 5245, 1196, 5763, 3376, 3593, 1787, 3450, 734, 4459, 5801, 2270]","[0.31, 0.87, 0.77, 0.3, 0.9, 0.85, 0.36, 1.0, 0.2, 0.21, 1.0, 0.72, 0.31, 0.9, 0.68, 0.77, 0.14, 0.74, 0.77, 0.68, 0.64, 0.88, 0.25, 0.78, 0.8, 0.75, 1.0, 0.93, 0.38, 0.47, 0.87, 0.24, 1.0, 0.0, 1.0, 0.12, 0.88, 1.0, 0.24, 0.82, 0.85, 0.88, 0.87, 0.94, 0.78, 0.81, 0.9, 0.2, 1.0, 0.75, 0.25, 0.75, 0.0, 0.8, 0.04, 0.78, 0.37, 0.94, 0.05, 0.13, 0.36, 0.37, 0.79, 0.22, 0.66, 0.21, 0.84, 0.73, 0.82, 0.25, 0.79, 0.24, 0.75, 0.31, 0.73]"
90,1319261,0.279,0.25,90,2025-02-23 07:21:55.983978,"['32226', '32238', '32243', '32247', '32248', '32251', '32261', '32262', '32263', '32265', '32266', '32269', '32275', '32283', '32286']","[5256, 1117, 2072, 3255, 1942, 3474, 5692, 342, 391, 295, 2640, 1268, 2761, 2668, 4547, 3310, 1316, 4184, 734, 668, 5065, 1164, 3063, 2943, 3029, 5402, 4725, 806, 5313, 4459, 5742, 2838, 5744, 5290, 3084, 5801]","[0.34, 0.82, 0.76, 0.37, 0.87, 0.8, 0.34, 0.47, 0.24, 0.19, 0.57, 0.7, 0.25, 0.9, 0.62, 0.78, 0.13, 0.72, 0.77, 0.68, 0.65, 0.89, 0.23, 0.79, 1.0, 0.74, 0.72, 0.92, 0.42, 0.75, 0.85, 0.27, 0.74, 0.0, 0.0, 0.13, 0.87, 0.75, 0.25, 0.78, 0.83, 0.87, 0.81, 0.93, 0.79, 0.8, 0.87, 0.25, 1.0, 0.75, 0.28, 0.75, 1.0, 0.8, 0.04, 0.75, 0.4, 0.93, 0.05, 0.13, 0.4, 0.17, 0.74, 0.18, 0.69, 0.22, 0.83, 0.7, 0.8, 0.5, 0.76, 0.26, 0.5, 0.37, 0.68]"
91,398544,0.247,0.139,90,2025-02-23 07:21:56.099789,"['32217', '32224', '32226', '32228', '32231', '32234', '32242', '32245', '32247', '32248', '32251', '32263', '32269', '32270', '32286']","[3255, 2664, 3500, 342, 5256, 2112, 2843, 5594, 5460, 4757, 981, 3706, 4412, 712, 1932, 4520, 1666, 2761, 216, 5402, 1164, 668, 4617, 1612, 5692, 3084, 2498, 1316, 835, 4322, 3474, 2943, 111, 1942, 3029, 5065]","[0.41, 0.77, 0.75, 0.0, 0.83, 0.72, 0.32, 0.43, 0.29, 0.21, 0.75, 0.66, 0.25, 0.88, 0.75, 0.77, 0.16, 1.0, 0.76, 0.7, 1.0, 0.89, 0.28, 0.79, 0.66, 0.69, 0.63, 0.89, 1.0, 0.6, 0.8, 0.25, 0.68, 1.0, 1.0, 0.17, 0.85, 0.75, 0.27, 0.74, 0.8, 0.83, 0.78, 0.91, 0.81, 0.79, 0.84, 0.25, 0.59, 0.75, 0.32, 0.59, 0.68, 0.78, 0.05, 1.0, 0.25, 0.9, 0.06, 0.14, 0.42, 0.51, 0.68, 0.19, 0.71, 0.25, 0.79, 0.65, 0.79, 0.42, 0.74, 0.29, 0.5, 0.41, 0.64]"
92,1646628,0.326,0.5,90,2025-02-23 07:21:56.217523,"['32223', '32226', '32236', '32238', '32240', '32242', '32243', '32245', '32253', '32261', '32264', '32270', '32275', '32287', '32288']","[539, 2612, 3703, 2840, 882, 506, 117, 835, 4723, 5782, 216, 5195, 3052, 3951, 1396, 2753, 637, 5658, 4535, 557, 2740, 4033, 2744, 3741, 3561, 238, 889, 5614, 3682, 4003, 4732, 4701, 838, 4796, 825, 4442]","[0.23, 0.69, 0.77, 0.23, 0.58, 0.68, 0.23, 0.32, 0.25, 0.75, 0.34, 0.54, 0.0, 0.8, 0.18, 0.54, 0.44, 0.32, 0.58, 0.51, 0.24, 0.63, 1.0, 0.71, 0.75, 0.59, 0.75, 0.85, 0.25, 0.25, 0.66, 1.0, 0.28, 0.6, 0.33, 0.44, 0.83, 0.35, 0.42, 0.75, 0.64, 0.62, 0.64, 0.81, 0.58, 0.46, 0.7, 1.0, 0.15, 0.6, 0.75, 0.19, 0.23, 0.78, 0.36, 0.3, 0.0, 0.79, 0.37, 0.63, 0.4, 0.67, 0.54, 0.43, 0.57, 0.42, 0.66, 0.57, 0.73, 0.56, 0.66, 0.39, 0.52, 0.25, 0.75]"
93,940094,0.364,0.25,90,2025-02-23 07:21:56.335509,"['32214', '32222', '32225', '32226', '32231', '32236', '32244', '32245', '32253', '32269', '32270', '32274', '32286', '32287', '32288']","[3052, 4953, 1822, 2316, 4226, 2664, 4120, 4003, 3720, 5760, 2968, 3665, 5195, 3158, 4942, 5647, 4119, 3326, 4412, 4808, 1553, 4600, 4368, 3500, 3900, 4846, 5918, 4539, 4954, 3694, 5242, 4062, 3961, 5844, 2948, 506]","[1.0, 0.45, 0.7, 0.73, 0.52, 0.31, 0.2, 0.27, 0.75, 0.37, 0.41, 0.25, 0.25, 0.73, 0.28, 0.69, 0.4, 0.0, 0.7, 0.7, 0.31, 0.85, 0.75, 0.76, 0.27, 0.38, 0.23, 0.65, 0.76, 0.84, 0.25, 0.25, 0.32, 0.76, 0.65, 0.5, 0.72, 0.35, 0.43, 0.75, 0.58, 0.57, 0.53, 0.71, 0.86, 0.69, 0.6, 0.52, 0.27, 0.62, 0.62, 0.66, 0.7, 0.67, 0.12, 1.0, 1.0, 0.58, 0.12, 0.23, 0.83, 0.8, 0.37, 0.27, 0.77, 0.45, 0.55, 0.4, 0.7, 0.36, 0.58, 0.42, 0.5, 0.5, 0.75]"
94,664011,0.313,0.306,90,2025-02-23 07:21:56.451130,"['32214', '32217', '32224', '32226', '32238', '32245', '32247', '32248', '32261', '32263', '32265', '32269', '32275', '32286', '32288']","[2761, 5256, 3474, 4322, 2943, 295, 668, 1787, 3255, 2640, 712, 5700, 2664, 342, 2668, 5460, 4547, 1316, 214, 1164, 1098, 3063, 216, 4184, 4000, 1942, 1117, 5402, 5692, 1293, 3500, 3450, 5216, 5541, 5744, 5065]","[0.0, 0.79, 0.75, 0.25, 0.82, 0.75, 0.31, 0.43, 0.27, 0.23, 0.75, 0.66, 0.25, 0.88, 0.55, 0.76, 0.17, 0.65, 0.75, 0.67, 0.58, 0.87, 0.29, 0.78, 1.0, 0.7, 0.67, 0.9, 0.47, 0.56, 0.81, 1.0, 0.66, 0.0, 0.75, 0.18, 0.86, 0.48, 0.28, 0.73, 0.8, 0.83, 0.78, 0.91, 0.78, 0.77, 0.84, 0.0, 0.55, 0.75, 0.33, 1.0, 0.62, 0.79, 0.06, 1.0, 0.44, 0.9, 0.07, 0.17, 0.41, 0.33, 0.69, 0.21, 0.69, 0.26, 0.79, 0.66, 0.79, 0.45, 0.74, 0.29, 0.75, 0.4, 0.5]"
95,1005308,0.288,0.417,95,2025-02-23 07:21:56.701720,"['32223', '32226', '32231', '32236', '32239', '32244', '32249', '32253', '32261', '32265', '32266', '32269', '32276', '32281', '32287']","[3052, 4003, 4033, 5899, 2378, 4455, 4846, 5675, 5614, 4975, 2058, 3720, 3285, 5195, 2664, 4299, 990, 5647, 4322, 712, 3326, 576, 3500, 637, 449, 480, 1331, 5264, 814, 4883, 4539, 4412, 650, 5597, 3706, 2943]","[0.54, 0.62, 0.74, 0.54, 0.66, 0.48, 0.25, 0.32, 0.43, 0.0, 0.45, 0.51, 1.0, 0.8, 0.39, 0.72, 0.3, 0.25, 0.72, 0.67, 0.36, 0.87, 0.0, 0.77, 0.41, 0.75, 0.38, 0.77, 0.64, 0.73, 1.0, 0.56, 0.44, 0.64, 0.64, 0.75, 0.79, 0.41, 0.37, 0.25, 0.66, 0.64, 0.66, 0.8, 0.82, 0.73, 0.75, 0.0, 0.36, 0.54, 0.5, 0.75, 0.75, 0.73, 0.1, 0.75, 0.66, 0.8, 0.09, 0.2, 0.45, 0.68, 0.17, 0.24, 0.72, 0.34, 0.64, 0.5, 0.74, 0.42, 0.66, 0.39, 0.52, 0.5, 0.52]"
96,642557,0.273,0.389,95,2025-02-23 07:21:56.820369,"['32221', '32234', '32238', '32242', '32243', '32248', '32249', '32251', '32263', '32264', '32265', '32266', '32270', '32275', '32283']","[5256, 1164, 2044, 4547, 5402, 1183, 1316, 4396, 342, 3786, 214, 5747, 3608, 3330, 3273, 3063, 2298, 2367, 5290, 2072, 3932, 3406, 1117, 605, 2019, 67, 1787, 4184, 5065, 4444, 3310, 4500, 2498, 3029, 2177, 668]","[0.36, 0.87, 0.79, 0.34, 0.9, 0.82, 0.38, 1.0, 0.23, 0.16, 0.62, 0.7, 0.28, 0.91, 0.73, 0.81, 0.1, 0.79, 0.79, 0.7, 1.0, 0.92, 0.19, 0.81, 1.0, 0.78, 0.75, 0.93, 0.0, 0.0, 0.88, 0.23, 0.8, 0.3, 0.75, 0.25, 0.88, 1.0, 0.22, 0.81, 0.86, 0.87, 0.87, 0.95, 0.81, 0.85, 0.91, 0.17, 0.73, 0.0, 0.25, 1.0, 1.0, 0.81, 0.03, 0.85, 0.75, 0.96, 0.03, 0.09, 0.38, 0.33, 0.76, 0.16, 0.68, 0.19, 0.85, 0.73, 0.83, 0.5, 0.78, 0.25, 0.43, 0.34, 0.73]"
97,1184074,0.28,0.25,95,2025-02-23 07:21:56.937185,"['32221', '32224', '32231', '32233', '32234', '32248', '32249', '32251', '32262', '32263', '32265', '32266', '32278', '32283', '32286']","[2072, 3063, 1164, 3255, 734, 4725, 1480, 5256, 3829, 4459, 4500, 2980, 2010, 806, 148, 68, 5157, 5657, 2246, 206, 1750, 1067, 182, 5609, 1787, 3113, 2754, 5486, 2481, 5801, 3086, 2715, 1183, 3786, 4662, 3310]","[0.18, 0.9, 0.81, 0.15, 0.91, 0.89, 0.39, 0.75, 0.14, 0.22, 1.0, 0.73, 0.26, 0.92, 0.67, 0.74, 0.12, 1.0, 0.73, 1.0, 1.0, 0.86, 0.18, 0.78, 0.85, 0.83, 0.87, 0.95, 0.27, 0.33, 0.91, 0.22, 0.78, 0.23, 0.25, 0.0, 0.91, 1.0, 0.2, 0.81, 0.87, 0.88, 0.89, 0.96, 0.66, 0.78, 0.93, 0.22, 1.0, 0.25, 0.2, 0.0, 0.0, 0.84, 0.08, 0.73, 0.26, 0.97, 0.07, 0.21, 0.33, 0.24, 0.81, 0.23, 0.17, 0.2, 0.87, 0.78, 0.84, 0.25, 0.82, 0.24, 0.25, 0.31, 0.75]"
98,272145,0.272,0.194,95,2025-02-23 07:21:57.058579,"['32217', '32224', '32231', '32238', '32242', '32247', '32249', '32251', '32263', '32265', '32266', '32270', '32275', '32283', '32286']","[3406, 5256, 1164, 2943, 5402, 3255, 2640, 5692, 4322, 3310, 1117, 1316, 4000, 3063, 5541, 712, 342, 295, 3273, 668, 2761, 214, 3029, 2072, 2498, 1786, 1787, 1268, 4547, 1942, 3084, 4396, 5290, 756, 3474, 1176]","[0.37, 0.81, 0.78, 0.0, 0.85, 0.75, 0.34, 0.45, 0.27, 0.22, 0.75, 0.65, 0.33, 0.88, 0.6, 0.77, 0.16, 1.0, 0.76, 0.67, 0.57, 0.89, 0.27, 0.79, 0.25, 0.72, 0.67, 0.9, 0.25, 0.56, 0.82, 0.33, 0.69, 0.25, 0.6, 0.0, 0.86, 1.0, 0.26, 0.75, 0.81, 0.81, 0.82, 0.92, 0.79, 0.8, 0.88, 0.26, 0.59, 0.25, 0.3, 0.75, 1.0, 0.79, 0.06, 0.77, 0.25, 0.94, 0.06, 0.15, 0.39, 0.67, 0.7, 0.2, 0.68, 0.24, 0.8, 0.68, 0.8, 0.5, 0.76, 0.29, 0.5, 0.39, 0.67]"
99,1218488,0.367,0.194,95,2025-02-23 07:21:57.176020,"['32219', '32222', '32225', '32238', '32239', '32249', '32253', '32261', '32264', '32265', '32269', '32281', '32286', '32287', '32288']","[3052, 3285, 4975, 5675, 4322, 480, 4412, 628, 449, 1359, 1176, 5899, 4033, 1786, 3367, 650, 4003, 3961, 3500, 2664, 2943, 5647, 4120, 5238, 2189, 4757, 1612, 712, 4611, 2058, 2112, 3706, 4825, 1077, 5098, 1932]","[0.58, 0.62, 0.74, 0.59, 0.68, 0.0, 0.26, 0.32, 0.0, 0.29, 0.47, 0.75, 0.45, 0.8, 0.42, 0.74, 0.28, 0.51, 0.74, 0.69, 0.4, 0.89, 0.45, 0.77, 0.0, 0.75, 0.36, 0.76, 0.66, 0.75, 0.63, 0.54, 0.47, 0.65, 0.68, 0.0, 0.79, 0.42, 0.37, 0.0, 0.67, 0.65, 0.66, 0.8, 0.84, 0.75, 0.75, 0.0, 0.4, 0.54, 0.75, 1.0, 0.7, 0.72, 0.08, 1.0, 0.69, 0.8, 0.08, 0.17, 0.45, 0.7, 0.51, 0.22, 0.73, 0.33, 0.65, 0.75, 0.74, 0.4, 0.66, 0.38, 0.5, 0.75, 0.75]"
100,1300123,0.242,0.083,100,2025-02-23 07:21:57.416222,"['32214', '32217', '32219', '32222', '32224', '32228', '32244', '32247', '32248', '32251', '32256', '32263', '32281', '32286', '32287']","[1316, 3706, 2664, 2498, 114, 4757, 981, 5003, 2112, 5460, 2843, 4412, 5065, 111, 2494, 1666, 4520, 3500, 342, 4617, 145, 5844, 5121, 1538, 4184, 3151, 2465, 2281, 3084, 5647, 1919, 1164, 1611, 5238, 1932, 5692]","[1.0, 0.77, 0.73, 1.0, 0.86, 1.0, 0.31, 0.42, 1.0, 0.16, 1.0, 0.66, 0.34, 0.88, 1.0, 0.8, 0.15, 0.71, 0.81, 0.74, 0.65, 0.92, 0.26, 0.8, 0.66, 0.69, 0.54, 0.85, 0.55, 0.69, 1.0, 0.32, 0.71, 0.0, 0.75, 0.14, 0.84, 0.75, 0.26, 0.74, 0.78, 0.85, 1.0, 0.91, 0.88, 0.84, 0.86, 0.2, 0.68, 0.0, 0.33, 0.73, 0.79, 0.77, 0.03, 0.84, 0.61, 0.89, 0.03, 0.06, 0.45, 0.53, 0.7, 0.16, 0.75, 0.21, 0.8, 0.75, 0.81, 0.39, 0.71, 0.28, 0.5, 0.5, 0.69]"
101,410330,0.296,0.056,100,2025-02-23 07:21:57.535422,"['32217', '32234', '32242', '32243', '32246', '32247', '32248', '32251', '32253', '32263', '32264', '32265', '32270', '32275', '32286']","[2664, 4757, 4322, 4033, 2843, 4539, 5460, 2281, 712, 2112, 576, 1932, 981, 4412, 5195, 3500, 5692, 3052, 1316, 2761, 342, 2943, 114, 5844, 1612, 3474, 835, 1242, 4600, 3263, 3706, 1164, 2498, 2058, 1176, 5003]","[0.45, 0.74, 0.74, 0.25, 0.79, 0.65, 0.28, 0.38, 0.33, 0.25, 0.52, 0.63, 0.38, 0.85, 0.53, 0.74, 0.22, 0.59, 0.76, 0.68, 0.75, 0.86, 0.32, 0.77, 0.62, 0.65, 0.55, 0.84, 0.75, 0.75, 0.74, 0.4, 1.0, 0.75, 0.75, 0.21, 0.83, 0.75, 0.3, 1.0, 0.75, 0.79, 0.77, 0.88, 0.82, 0.77, 0.83, 0.32, 0.52, 0.25, 0.0, 0.25, 0.64, 0.76, 0.07, 0.73, 0.75, 0.86, 0.07, 0.16, 0.43, 0.67, 0.66, 0.22, 0.71, 0.25, 0.75, 0.62, 0.79, 0.43, 0.69, 0.31, 0.5, 0.42, 0.64]"
102,1567303,0.417,0.111,100,2025-02-23 07:21:57.654296,"['32217', '32218', '32225', '32226', '32236', '32244', '32248', '32249', '32254', '32255', '32266', '32271', '32274', '32280', '32288']","[3052, 5760, 4226, 5195, 4003, 4119, 4033, 4953, 3720, 1822, 2316, 3694, 2378, 2586, 3326, 4942, 4846, 3158, 480, 2948, 4954, 814, 930, 557, 5098, 4455, 1359, 4319, 3266, 5555, 2551, 4600, 506, 4062, 2664, 4120]","[0.64, 0.45, 0.69, 1.0, 0.0, 0.32, 0.19, 0.25, 0.55, 0.38, 0.41, 0.25, 0.75, 0.72, 0.26, 0.67, 0.43, 0.33, 0.7, 0.67, 0.28, 0.82, 1.0, 0.74, 0.29, 0.39, 0.23, 0.63, 0.74, 0.82, 0.75, 0.7, 0.28, 0.78, 1.0, 1.0, 0.72, 0.35, 0.44, 0.43, 1.0, 1.0, 0.54, 0.7, 0.86, 0.67, 0.64, 0.57, 0.25, 0.61, 0.64, 0.59, 1.0, 0.68, 0.13, 0.59, 0.74, 0.75, 0.13, 0.25, 0.83, 0.77, 0.42, 0.29, 0.76, 0.4, 0.67, 0.42, 0.7, 0.39, 0.54, 0.42, 0.54, 0.58, 0.75]"
103,996333,0.229,0.444,100,2025-02-23 07:21:57.771718,"['32217', '32224', '32228', '32234', '32242', '32243', '32246', '32248', '32251', '32261', '32263', '32266', '32283', '32286', '32288']","[3255, 3063, 2072, 5256, 734, 1164, 4725, 216, 2668, 668, 1268, 5522, 4396, 391, 1787, 1117, 206, 5402, 3593, 1103, 3084, 835, 295, 5157, 756, 3273, 3474, 2715, 5245, 4459, 214, 5848, 4500, 3113, 4696, 535]","[0.25, 0.86, 0.78, 0.0, 0.87, 0.83, 0.33, 0.45, 0.19, 0.25, 0.75, 0.71, 0.32, 0.89, 0.75, 0.74, 0.17, 0.68, 0.74, 0.63, 1.0, 0.83, 0.21, 0.76, 0.79, 0.77, 0.78, 0.91, 0.25, 0.25, 0.85, 0.26, 0.75, 0.34, 1.0, 0.13, 0.89, 1.0, 0.24, 0.74, 0.83, 0.86, 0.86, 0.93, 0.72, 0.76, 0.9, 0.25, 0.58, 0.75, 0.29, 0.35, 0.0, 0.81, 0.08, 0.7, 0.33, 0.94, 0.07, 0.21, 0.37, 0.36, 0.78, 0.25, 0.63, 0.2, 0.83, 0.73, 0.82, 0.25, 0.77, 0.27, 0.5, 0.32, 0.75]"
104,317732,0.333,0.306,100,2025-02-23 07:21:57.889815,"['32215', '32217', '32218', '32223', '32225', '32230', '32244', '32248', '32249', '32252', '32255', '32259', '32266', '32280', '32288']","[3703, 4033, 557, 539, 882, 3052, 5385, 823, 2586, 5760, 5195, 4723, 3326, 4003, 5782, 4226, 5371, 5918, 5658, 238, 506, 4600, 2948, 1553, 2740, 4846, 2840, 2744, 2050, 2378, 2612, 5888, 1788, 277, 3266, 838]","[0.43, 1.0, 0.73, 0.25, 0.0, 0.42, 0.18, 0.25, 0.42, 0.25, 0.35, 0.25, 0.54, 0.71, 0.18, 0.58, 1.0, 0.25, 0.62, 0.56, 0.18, 0.69, 0.59, 0.7, 0.34, 0.42, 0.35, 0.68, 0.64, 0.68, 0.25, 0.71, 0.2, 0.75, 1.0, 1.0, 0.76, 0.3, 0.0, 0.38, 0.55, 1.0, 0.56, 0.7, 0.74, 1.0, 0.64, 0.7, 0.15, 0.64, 0.66, 0.31, 0.0, 0.71, 0.3, 0.39, 0.58, 0.63, 0.27, 0.53, 0.46, 0.7, 0.45, 0.4, 0.67, 0.42, 0.67, 0.44, 0.7, 0.46, 0.57, 0.43, 0.54, 0.55, 0.0]"
105,940162,0.257,0.194,105,2025-02-23 07:21:58.142506,"['32219', '32221', '32224', '32231', '32243', '32247', '32248', '32251', '32263', '32265', '32266', '32269', '32270', '32283', '32286']","[3063, 3255, 5256, 1164, 2498, 2072, 3084, 3029, 1117, 3474, 1196, 295, 4396, 668, 1316, 4725, 2668, 342, 5402, 4547, 5245, 214, 1098, 216, 4257, 5692, 3330, 3406, 2367, 1871, 4184, 2761, 3450, 1268, 3310, 4459]","[0.36, 0.84, 0.76, 0.34, 0.88, 1.0, 0.33, 0.75, 0.23, 0.2, 0.25, 0.69, 0.31, 0.91, 0.65, 0.78, 0.13, 1.0, 0.77, 0.68, 0.63, 0.91, 0.23, 0.78, 0.76, 0.73, 0.72, 0.92, 0.41, 0.25, 0.85, 0.27, 0.73, 0.0, 1.0, 0.13, 0.86, 1.0, 0.23, 0.77, 0.85, 0.85, 0.84, 0.93, 0.79, 0.84, 0.88, 0.22, 0.65, 0.75, 0.27, 0.75, 0.75, 0.81, 0.04, 0.75, 0.25, 0.94, 0.06, 0.1, 0.41, 0.4, 0.73, 0.17, 0.67, 0.23, 0.82, 0.7, 0.81, 0.0, 0.79, 0.26, 0.0, 0.36, 0.7]"
106,668841,0.215,0.167,105,2025-02-23 07:21:58.259849,"['32219', '32221', '32224', '32228', '32234', '32246', '32247', '32251', '32262', '32263', '32269', '32275', '32283', '32286', '32288']","[734, 2446, 668, 1164, 3273, 3255, 2668, 5245, 4459, 3063, 391, 106, 182, 5301, 5157, 2253, 806, 1750, 535, 2072, 4444, 1575, 4725, 2081, 756, 5134, 4696, 2980, 133, 5313, 214, 5696, 2975, 4225, 2644, 3113]","[0.21, 0.89, 0.8, 0.18, 0.91, 1.0, 0.34, 0.0, 0.15, 0.24, 0.75, 0.72, 0.29, 0.93, 1.0, 0.75, 0.12, 0.73, 0.73, 0.61, 1.0, 0.86, 0.2, 0.76, 0.83, 0.78, 0.83, 0.94, 0.28, 0.35, 0.89, 0.24, 1.0, 0.0, 0.42, 0.12, 0.88, 0.25, 0.22, 0.77, 0.88, 0.88, 0.87, 0.94, 0.66, 0.78, 0.9, 0.27, 1.0, 1.0, 0.24, 0.31, 0.43, 0.83, 0.08, 0.0, 0.27, 0.96, 0.09, 0.21, 0.37, 0.0, 0.78, 0.22, 0.58, 0.23, 0.86, 0.76, 0.82, 1.0, 0.82, 0.24, 0.25, 0.3, 1.0]"
107,340392,0.412,0.139,105,2025-02-23 07:21:58.376789,"['32215', '32219', '32225', '32230', '32242', '32244', '32255', '32256', '32259', '32269', '32270', '32273', '32281', '32283', '32288']","[3703, 3052, 882, 539, 5658, 4723, 506, 2840, 5195, 2744, 2740, 823, 2586, 4732, 557, 637, 117, 4033, 5760, 2612, 5782, 835, 3326, 838, 2378, 1396, 5465, 4226, 2753, 3094, 4003, 5614, 3720, 1553, 16, 4600]","[0.34, 1.0, 0.77, 0.34, 0.54, 1.0, 0.19, 0.28, 0.35, 0.54, 0.33, 0.0, 0.53, 0.77, 0.2, 0.57, 0.25, 0.3, 0.6, 0.54, 0.19, 0.71, 0.57, 0.71, 0.39, 0.45, 0.45, 0.76, 0.75, 0.61, 0.0, 0.68, 0.25, 0.7, 0.4, 0.53, 0.76, 0.33, 0.43, 0.44, 0.62, 1.0, 1.0, 0.74, 0.67, 0.25, 0.67, 0.7, 0.17, 0.6, 0.59, 0.24, 0.3, 0.74, 0.3, 0.0, 0.75, 0.7, 0.32, 0.75, 0.45, 0.61, 0.43, 0.41, 0.62, 0.44, 0.58, 0.5, 0.69, 0.0, 0.65, 0.41, 0.57, 0.54, 0.0]"
108,1012803,0.203,0.139,105,2025-02-23 07:21:58.491857,"['32219', '32221', '32224', '32234', '32243', '32248', '32251', '32263', '32265', '32266', '32269', '32270', '32274', '32283', '32286']","[1164, 214, 4396, 3330, 3273, 3932, 5256, 2980, 2668, 3450, 5402, 3029, 668, 2019, 3255, 4444, 535, 3310, 4504, 3063, 3406, 133, 2253, 2044, 1183, 3786, 4547, 1117, 342, 2367, 5290, 3188, 1293, 1942, 3084, 3608]","[0.37, 0.86, 0.76, 0.35, 0.9, 1.0, 0.35, 1.0, 0.22, 0.17, 0.75, 0.71, 0.29, 0.92, 0.7, 0.8, 0.11, 0.77, 0.79, 0.7, 1.0, 0.93, 0.21, 0.79, 0.79, 0.75, 0.73, 0.93, 0.4, 0.0, 0.87, 0.24, 0.77, 0.34, 0.75, 0.11, 0.86, 0.0, 0.21, 0.8, 0.87, 0.87, 0.86, 0.94, 0.8, 0.86, 0.89, 0.18, 0.7, 0.0, 0.24, 0.75, 1.0, 0.81, 0.03, 1.0, 0.25, 0.95, 0.04, 0.08, 0.33, 0.38, 0.76, 0.15, 0.67, 0.22, 0.84, 0.72, 0.82, 0.25, 0.8, 0.25, 0.25, 0.35, 0.73]"
109,1660253,0.248,0.167,105,2025-02-23 07:21:58.609635,"['32219', '32221', '32228', '32242', '32243', '32248', '32251', '32263', '32265', '32266', '32269', '32270', '32275', '32283', '32286']","[1183, 734, 2072, 5313, 1164, 5256, 806, 1117, 3113, 4543, 3376, 668, 3255, 3984, 2355, 3975, 2246, 3063, 5763, 2980, 3310, 4459, 2986, 4500, 5301, 5742, 1103, 4160, 182, 4423, 5290, 5245, 1196, 214, 558, 1787]","[0.23, 0.88, 0.79, 0.19, 0.9, 1.0, 0.34, 0.75, 0.16, 0.23, 0.55, 0.71, 0.29, 0.92, 1.0, 0.76, 0.12, 0.74, 0.74, 0.63, 0.61, 0.88, 0.21, 0.76, 0.82, 0.78, 0.82, 0.94, 0.0, 0.0, 0.89, 0.24, 0.73, 0.31, 0.0, 0.12, 0.88, 0.75, 0.22, 0.77, 0.88, 0.87, 0.87, 0.94, 0.7, 0.8, 0.9, 0.25, 0.62, 0.75, 0.24, 0.0, 1.0, 0.83, 0.07, 1.0, 0.75, 0.95, 0.08, 0.17, 0.38, 0.0, 0.78, 0.21, 0.6, 0.22, 0.85, 0.75, 0.82, 0.75, 0.82, 0.24, 0.0, 0.31, 0.72]"
110,1455059,0.287,0.639,110,2025-02-23 07:21:58.853739,"['32219', '32223', '32230', '32241', '32248', '32252', '32257', '32260', '32265', '32271', '32273', '32274', '32279', '32284', '32285']","[2547, 4319, 1533, 4988, 1770, 930, 4119, 3244, 2586, 3998, 5385, 2609, 1868, 2910, 2338, 3089, 5771, 4780, 4312, 5655, 2482, 4226, 5323, 5521, 374, 525, 5915, 5817, 5326, 914, 5753, 5760, 1204, 715, 1297, 4641]","[0.74, 0.27, 0.68, 0.77, 0.26, 0.0, 0.15, 0.17, 0.67, 0.75, 0.3, 0.32, 0.63, 0.58, 0.1, 0.56, 0.75, 0.18, 0.62, 0.66, 0.12, 0.78, 0.75, 0.72, 0.14, 0.22, 0.1, 0.75, 0.83, 0.87, 0.25, 0.85, 0.15, 0.89, 1.0, 0.75, 0.58, 0.29, 1.0, 0.3, 0.4, 0.36, 0.34, 0.0, 0.85, 0.53, 0.25, 0.73, 0.11, 0.7, 0.79, 0.75, 0.6, 0.64, 0.25, 0.44, 0.83, 0.25, 0.28, 0.0, 0.0, 0.88, 0.22, 0.38, 0.79, 0.67, 0.36, 0.29, 0.67, 0.36, 0.5, 0.5, 0.65, 0.71, 0.32]"
111,18178,0.3,0.139,110,2025-02-23 07:21:58.977041,"['32219', '32231', '32238', '32240', '32242', '32243', '32245', '32246', '32248', '32261', '32264', '32266', '32270', '32281', '32287']","[4322, 2664, 4033, 216, 3052, 2943, 506, 2761, 2840, 990, 712, 117, 5460, 539, 3285, 3474, 3500, 1176, 3593, 1098, 3596, 2050, 5535, 5541, 5195, 5692, 4455, 1359, 1787, 1786, 4003, 835, 2112, 5256, 3263, 5248]","[0.41, 0.72, 0.75, 0.39, 0.72, 1.0, 0.27, 0.38, 0.29, 0.32, 0.48, 0.59, 0.39, 0.84, 0.41, 0.69, 0.24, 1.0, 0.71, 0.65, 0.41, 0.82, 0.34, 0.75, 1.0, 0.63, 1.0, 0.85, 1.0, 1.0, 0.72, 1.0, 0.0, 0.54, 0.75, 0.28, 0.82, 0.47, 0.31, 0.62, 0.74, 0.76, 0.74, 0.87, 0.76, 0.71, 0.79, 0.0, 0.43, 0.55, 0.0, 0.46, 0.25, 0.77, 0.11, 0.63, 0.75, 0.87, 0.14, 0.25, 0.42, 0.53, 0.6, 0.29, 0.69, 0.31, 0.73, 1.0, 0.8, 0.46, 0.74, 0.35, 0.52, 0.5, 0.59]"
112,808398,0.204,0.361,110,2025-02-23 07:21:59.093222,"['32219', '32220', '32221', '32224', '32228', '32233', '32245', '32247', '32248', '32251', '32263', '32266', '32278', '32283', '32286']","[1164, 3063, 2072, 1456, 734, 4651, 4459, 3255, 2695, 3829, 4725, 391, 4500, 806, 440, 5157, 4396, 1750, 2010, 2177, 1480, 148, 1067, 5801, 5657, 5256, 3572, 3786, 2341, 2246, 2754, 5609, 297, 776, 5402, 68]","[0.19, 0.9, 0.79, 0.15, 0.9, 1.0, 0.75, 1.0, 0.12, 0.23, 1.0, 0.75, 0.25, 0.92, 1.0, 0.74, 0.11, 0.75, 0.75, 0.75, 0.65, 0.82, 0.15, 0.77, 0.87, 0.84, 0.86, 0.95, 0.27, 0.3, 0.9, 0.0, 0.77, 0.0, 0.25, 0.1, 0.91, 1.0, 0.19, 0.78, 0.88, 0.9, 0.89, 0.96, 0.64, 0.77, 0.91, 0.23, 0.67, 0.25, 0.21, 0.32, 0.0, 0.84, 0.07, 0.7, 0.24, 0.97, 0.1, 0.22, 0.33, 0.24, 0.81, 0.26, 0.83, 0.2, 0.88, 0.75, 0.86, 0.75, 0.84, 0.24, 0.0, 0.31, 0.75]"
113,1606046,0.25,0.333,110,2025-02-23 07:21:59.215565,"['32219', '32221', '32224', '32231', '32242', '32243', '32248', '32251', '32262', '32263', '32265', '32266', '32276', '32283', '32286']","[1164, 5256, 5402, 3063, 1316, 5692, 3406, 3029, 3273, 4396, 342, 4547, 2943, 668, 1787, 2498, 3255, 806, 2640, 5290, 2072, 1268, 1117, 2298, 3330, 3310, 1942, 3474, 2044, 4459, 3084, 214, 1183, 4444, 535, 5747]","[0.36, 0.84, 0.76, 0.33, 0.86, 0.75, 0.35, 1.0, 0.21, 0.2, 0.25, 0.69, 0.3, 0.9, 0.64, 0.77, 0.13, 1.0, 0.78, 0.69, 0.63, 0.88, 0.2, 0.78, 0.77, 0.77, 0.72, 0.91, 0.25, 0.25, 0.85, 0.25, 0.75, 0.37, 0.75, 0.14, 0.86, 0.75, 0.23, 0.76, 0.84, 0.87, 0.84, 0.93, 0.78, 0.82, 0.88, 0.21, 0.75, 0.0, 0.27, 0.75, 0.75, 0.81, 0.05, 0.78, 0.42, 0.94, 0.07, 0.13, 0.39, 0.38, 1.0, 0.21, 0.68, 0.23, 0.83, 0.69, 0.85, 0.5, 0.8, 0.28, 0.5, 0.37, 0.7]"
114,413181,0.255,0.083,110,2025-02-23 07:21:59.341388,"['32219', '32221', '32224', '32231', '32242', '32243', '32245', '32251', '32262', '32263', '32265', '32266', '32270', '32283', '32286']","[216, 5541, 4322, 2943, 5256, 2664, 835, 668, 5692, 1942, 5402, 2761, 4257, 5654, 2843, 3500, 5195, 3406, 1316, 1098, 4520, 1164, 4757, 5460, 5238, 3706, 3029, 3474, 3255, 2620, 1268, 342, 1117, 3084, 3310, 3273]","[0.41, 0.77, 0.75, 0.39, 0.8, 1.0, 0.31, 0.25, 0.27, 0.25, 0.75, 0.64, 0.34, 0.87, 0.53, 0.74, 0.18, 1.0, 0.75, 0.68, 0.53, 0.86, 0.27, 0.77, 0.69, 0.7, 0.62, 0.87, 0.75, 0.25, 0.79, 0.25, 0.65, 0.46, 0.57, 0.2, 0.84, 0.25, 0.27, 0.7, 0.8, 0.82, 0.79, 0.9, 0.78, 0.78, 0.84, 0.28, 0.75, 0.75, 0.34, 0.75, 0.75, 0.79, 0.07, 0.73, 0.25, 0.9, 0.09, 0.17, 0.41, 0.47, 0.67, 0.23, 0.69, 0.27, 0.78, 0.63, 0.83, 0.25, 0.77, 0.31, 0.5, 0.42, 0.65]"
115,1323388,0.367,0.194,115,2025-02-23 07:21:59.581743,"['32214', '32218', '32222', '32225', '32226', '32239', '32244', '32252', '32254', '32256', '32271', '32274', '32279', '32280', '32285']","[2586, 4319, 2744, 3052, 3383, 2338, 3703, 4119, 277, 882, 5760, 2547, 5385, 4226, 5915, 5918, 5195, 4554, 3484, 2879, 3720, 3326, 4338, 2910, 5562, 3035, 1788, 1020, 1204, 5323, 930, 3885, 557, 1596, 4804, 5326]","[0.75, 0.37, 0.72, 0.57, 0.75, 0.3, 0.16, 0.21, 0.0, 0.6, 0.31, 0.25, 1.0, 0.64, 0.11, 0.54, 0.62, 0.2, 0.6, 0.6, 0.13, 0.7, 0.69, 0.7, 0.21, 0.25, 0.21, 0.57, 0.74, 0.79, 0.25, 0.81, 0.15, 0.84, 0.53, 0.66, 0.7, 0.28, 1.0, 0.35, 0.0, 0.38, 0.25, 0.59, 0.76, 0.5, 0.5, 0.77, 0.1, 0.65, 0.72, 0.38, 0.42, 0.66, 0.35, 0.36, 0.7, 0.75, 0.34, 0.57, 0.17, 0.83, 0.31, 0.43, 0.69, 0.33, 0.0, 0.38, 0.64, 0.42, 0.54, 1.0, 0.59, 0.63, 0.31]"
116,1386556,0.233,0.444,115,2025-02-23 07:21:59.698809,"['32221', '32226', '32231', '32242', '32243', '32247', '32251', '32262', '32263', '32264', '32265', '32275', '32283', '32286', '32287']","[342, 1164, 5256, 2072, 3255, 3474, 4257, 3310, 668, 3084, 1316, 5402, 5692, 216, 4184, 4396, 734, 3063, 1098, 1268, 3376, 1196, 391, 5460, 3029, 1787, 1611, 2668, 1117, 1942, 5742, 295, 3406, 2761, 3593, 5812]","[0.33, 0.83, 0.78, 0.32, 0.87, 0.82, 0.33, 0.75, 0.23, 0.21, 0.6, 0.68, 0.25, 0.9, 0.6, 0.76, 0.13, 1.0, 0.77, 0.69, 0.58, 0.88, 0.21, 0.77, 0.74, 0.77, 0.73, 0.91, 0.75, 0.25, 0.84, 0.29, 0.71, 0.25, 0.56, 0.13, 0.87, 0.75, 0.24, 0.76, 0.84, 0.85, 0.86, 0.94, 0.77, 0.82, 0.88, 0.26, 0.75, 1.0, 0.0, 0.75, 0.59, 0.79, 0.07, 0.74, 0.4, 0.94, 0.07, 0.17, 0.39, 0.33, 0.76, 0.21, 0.64, 0.24, 0.82, 0.71, 0.81, 0.5, 0.79, 0.27, 0.5, 0.25, 0.66]"
117,1187925,0.4,0.083,115,2025-02-23 07:21:59.815485,"['32214', '32222', '32223', '32226', '32230', '32239', '32244', '32252', '32255', '32256', '32260', '32265', '32274', '32284', '32285']","[2586, 2547, 4319, 4226, 930, 5760, 1868, 3052, 2910, 4988, 5385, 3703, 1770, 3998, 4119, 1533, 5655, 882, 2338, 2609, 2744, 3244, 5918, 277, 374, 4780, 2879, 4003, 3720, 5323, 5195, 557, 2482, 525, 4953, 5326]","[1.0, 0.35, 0.71, 0.68, 0.35, 0.26, 0.16, 0.21, 1.0, 0.75, 0.33, 0.39, 0.75, 0.64, 0.13, 0.58, 1.0, 0.22, 0.64, 0.65, 0.15, 0.77, 0.69, 0.72, 0.19, 0.25, 0.16, 0.55, 0.78, 0.84, 0.25, 0.81, 0.16, 0.85, 0.61, 0.65, 0.68, 0.29, 0.75, 0.36, 0.45, 0.75, 0.75, 0.58, 0.82, 0.57, 0.25, 0.72, 0.12, 0.65, 0.72, 0.75, 0.54, 0.64, 0.26, 0.45, 0.77, 0.46, 0.25, 0.45, 0.17, 0.86, 0.29, 0.38, 0.73, 0.52, 0.38, 0.36, 0.64, 0.38, 0.75, 0.25, 0.58, 0.65, 0.31]"
118,1217963,0.264,0.472,115,2025-02-23 07:21:59.933457,"['32224', '32226', '32239', '32245', '32247', '32248', '32251', '32261', '32262', '32263', '32264', '32266', '32276', '32286', '32287']","[3285, 4412, 5065, 4520, 3706, 2664, 2058, 2281, 1176, 3500, 1932, 4757, 2189, 2112, 5594, 981, 5692, 5332, 3151, 2498, 4299, 5460, 3493, 4184, 2640, 1666, 3406, 1612, 3961, 5208, 5238, 5647, 4000, 4033, 712, 41]","[0.54, 0.73, 0.74, 0.56, 0.81, 0.66, 0.3, 0.41, 0.39, 0.21, 1.0, 0.61, 0.75, 0.87, 0.57, 0.77, 0.15, 0.66, 0.79, 0.74, 0.56, 0.92, 0.29, 0.78, 0.59, 0.75, 0.49, 0.85, 0.58, 0.7, 0.75, 0.25, 0.64, 0.75, 1.0, 0.17, 0.82, 0.75, 0.28, 0.72, 0.77, 0.79, 0.8, 0.9, 0.86, 0.85, 0.82, 0.0, 1.0, 0.0, 0.75, 0.7, 1.0, 0.75, 0.05, 0.81, 0.61, 0.88, 0.05, 0.1, 0.46, 0.6, 0.83, 0.18, 0.73, 0.28, 0.72, 0.63, 0.79, 0.38, 0.74, 0.32, 0.5, 0.75, 0.58]"
119,685940,0.304,0.417,115,2025-02-23 07:22:00.056278,"['32224', '32226', '32231', '32236', '32238', '32239', '32244', '32245', '32246', '32255', '32261', '32264', '32265', '32270', '32288']","[3052, 2664, 3500, 2058, 4033, 4455, 4003, 576, 4322, 712, 3285, 2112, 506, 1359, 5195, 2761, 4953, 4539, 5647, 5238, 4757, 3694, 4975, 1176, 3720, 2943, 3665, 2281, 3706, 4412, 449, 2050, 2948, 4062, 480, 3263]","[0.55, 0.62, 0.74, 0.58, 0.68, 0.53, 0.24, 0.33, 0.44, 0.32, 0.75, 0.54, 0.75, 0.81, 0.37, 0.7, 0.27, 0.25, 0.74, 0.7, 0.38, 0.87, 0.0, 0.76, 0.75, 0.25, 0.38, 0.77, 0.65, 0.74, 0.75, 1.0, 0.0, 0.65, 0.64, 0.31, 0.78, 0.42, 0.35, 0.6, 0.68, 0.75, 0.69, 0.83, 0.84, 0.76, 0.73, 0.0, 0.38, 0.54, 0.0, 1.0, 0.66, 0.72, 0.1, 0.69, 0.75, 0.78, 0.09, 0.2, 0.48, 0.7, 0.53, 0.25, 0.72, 0.36, 0.62, 0.54, 0.74, 0.39, 0.68, 0.38, 0.52, 0.5, 0.5]"
120,348319,0.225,0.139,120,2025-02-23 07:22:00.297987,"['32221', '32224', '32226', '32228', '32248', '32251', '32263', '32265', '32266', '32269', '32270', '32275', '32278', '32283', '32286']","[2980, 1164, 214, 3273, 2253, 1395, 535, 734, 1334, 133, 2072, 4459, 3572, 4417, 1942, 3255, 3786, 4651, 1926, 2446, 1480, 3330, 4504, 668, 4807, 217, 5742, 1067, 806, 3063, 2010, 4444, 5313, 4696, 3310, 2975]","[0.21, 0.9, 0.79, 0.18, 0.9, 0.88, 0.37, 1.0, 0.16, 0.23, 0.75, 0.72, 0.0, 0.92, 1.0, 0.74, 0.16, 0.74, 0.75, 0.64, 0.61, 0.83, 0.18, 0.77, 0.84, 0.8, 0.83, 0.94, 0.3, 0.34, 0.87, 0.22, 0.74, 0.27, 0.25, 0.13, 0.9, 0.25, 0.22, 0.8, 0.86, 0.88, 0.88, 0.94, 0.68, 0.77, 0.91, 0.23, 0.65, 0.0, 0.24, 0.0, 0.75, 0.82, 0.09, 1.0, 0.0, 0.94, 0.08, 0.21, 0.36, 0.0, 0.8, 0.22, 0.5, 0.24, 0.85, 0.78, 0.85, 0.5, 0.82, 0.25, 0.25, 0.32, 0.73]"
121,629666,0.284,0.25,120,2025-02-23 07:22:00.414541,"['32217', '32226', '32236', '32238', '32242', '32248', '32253', '32261', '32264', '32266', '32269', '32270', '32276', '32287', '32288']","[539, 506, 2943, 5195, 5541, 5614, 4033, 3951, 3052, 216, 2050, 2840, 4003, 712, 2761, 835, 3406, 4600, 4322, 117, 2640, 4723, 2236, 2664, 5692, 576, 3703, 889, 391, 3285, 2620, 786, 5700, 2753, 4299, 5465]","[0.33, 0.75, 0.75, 0.25, 0.74, 0.67, 0.27, 0.39, 0.29, 0.35, 0.45, 0.59, 0.75, 0.84, 0.39, 0.67, 0.32, 0.5, 0.7, 0.62, 0.37, 0.78, 0.75, 0.74, 1.0, 0.62, 0.6, 0.85, 0.25, 0.54, 0.71, 0.45, 0.48, 0.51, 0.75, 0.32, 0.84, 0.44, 0.33, 0.75, 0.73, 0.73, 0.74, 0.85, 0.72, 0.66, 0.79, 0.25, 0.38, 0.53, 0.75, 0.36, 0.25, 0.76, 0.16, 1.0, 0.25, 0.84, 0.15, 0.32, 0.42, 0.53, 0.67, 0.28, 0.65, 0.35, 0.72, 0.62, 0.78, 0.49, 0.73, 0.34, 0.5, 0.5, 0.5]"
122,730033,0.351,0.111,120,2025-02-23 07:22:00.527990,"['32217', '32226', '32230', '32241', '32252', '32257', '32259', '32260', '32265', '32266', '32269', '32274', '32279', '32284', '32285']","[4319, 2547, 2586, 5385, 2910, 3998, 2609, 3885, 4988, 4780, 4119, 4226, 5326, 1868, 715, 5760, 5562, 930, 4554, 4338, 277, 4012, 5655, 3089, 2879, 2338, 1770, 4099, 2106, 1788, 3383, 5918, 5521, 292, 2011, 3052]","[0.7, 0.26, 0.66, 1.0, 0.27, 0.14, 0.14, 0.18, 0.68, 0.56, 0.3, 0.33, 1.0, 0.55, 0.1, 0.57, 1.0, 0.15, 0.63, 0.64, 0.1, 0.75, 0.78, 0.7, 0.13, 0.23, 0.12, 0.0, 0.82, 0.88, 0.27, 0.84, 0.12, 0.88, 0.62, 0.77, 0.62, 0.26, 1.0, 0.29, 0.39, 0.34, 0.33, 0.75, 0.83, 0.75, 0.75, 0.76, 0.1, 0.66, 0.81, 0.75, 0.75, 0.64, 0.3, 0.0, 0.81, 0.34, 0.29, 0.44, 0.83, 0.87, 0.26, 0.36, 0.77, 1.0, 0.35, 0.29, 0.62, 0.4, 0.5, 0.75, 0.61, 0.72, 0.28]"
123,1604316,0.338,0.167,120,2025-02-23 07:22:00.641677,"['32219', '32226', '32231', '32240', '32242', '32245', '32246', '32248', '32263', '32264', '32265', '32276', '32286', '32287', '32288']","[3052, 3500, 2664, 1176, 5195, 2943, 4033, 4455, 4322, 2112, 4003, 5647, 4600, 1359, 5238, 449, 506, 637, 990, 5758, 4412, 1077, 712, 4975, 3285, 1553, 2948, 2761, 3706, 2840, 1932, 114, 4757, 539, 2281, 4953]","[0.53, 0.62, 0.71, 0.56, 0.66, 1.0, 0.24, 0.33, 0.45, 0.32, 0.46, 0.53, 0.25, 0.79, 0.37, 0.7, 0.34, 0.75, 0.73, 0.68, 0.35, 0.84, 0.45, 0.76, 0.45, 0.51, 0.0, 0.77, 1.0, 0.74, 0.61, 1.0, 0.0, 0.64, 0.75, 0.38, 0.77, 0.41, 0.36, 0.6, 0.66, 0.67, 0.65, 0.79, 0.82, 0.72, 0.73, 0.42, 0.39, 0.75, 0.25, 1.0, 0.64, 0.73, 0.12, 0.69, 0.64, 0.74, 0.11, 0.22, 0.47, 0.68, 0.83, 0.23, 0.74, 0.37, 0.64, 0.53, 0.75, 0.42, 0.68, 0.37, 0.5, 0.5, 0.75]"
124,656393,0.255,0.5,120,2025-02-23 07:22:00.764407,"['32214', '32215', '32218', '32225', '32226', '32236', '32239', '32248', '32253', '32255', '32256', '32261', '32274', '32276', '32288']","[3052, 4033, 2664, 2058, 1359, 4003, 3500, 1176, 3720, 4062, 2948, 990, 2943, 712, 2050, 5647, 5195, 3665, 4539, 480, 1822, 4322, 5098, 5760, 4455, 4412, 3285, 576, 5844, 3961, 4954, 506, 4757, 1553, 5238, 4953]","[1.0, 0.75, 0.71, 0.59, 0.25, 0.45, 0.24, 0.33, 0.46, 0.31, 0.47, 0.0, 0.25, 0.79, 0.38, 0.71, 0.33, 0.48, 0.74, 0.7, 0.36, 0.85, 0.25, 0.76, 0.44, 0.25, 0.37, 0.77, 0.65, 0.75, 0.61, 0.53, 0.44, 0.65, 1.0, 0.37, 0.77, 0.42, 0.36, 0.75, 0.67, 0.75, 0.75, 0.8, 0.83, 0.74, 0.73, 0.25, 0.4, 0.54, 0.53, 0.61, 0.66, 0.73, 0.11, 0.72, 0.66, 0.74, 0.1, 0.2, 0.83, 0.69, 0.67, 0.22, 0.75, 0.36, 0.64, 0.53, 0.75, 0.41, 0.68, 0.37, 0.53, 0.53, 0.5]"
125,1490039,0.299,0.444,125,2025-02-23 07:22:00.998599,"['32222', '32226', '32241', '32252', '32254', '32256', '32257', '32259', '32260', '32271', '32273', '32274', '32280', '32285', '32288']","[3703, 2547, 4319, 882, 5385, 277, 1596, 3998, 838, 2586, 2879, 5237, 3484, 4226, 3383, 525, 4988, 539, 1007, 5760, 1214, 1204, 1020, 823, 4723, 905, 3885, 4861, 1769, 5655, 557, 2744, 2338, 4119, 5371, 2910]","[0.49, 0.4, 0.73, 0.51, 0.3, 0.33, 0.13, 0.2, 0.75, 0.61, 0.29, 0.4, 1.0, 0.65, 0.11, 0.51, 0.63, 0.17, 0.58, 0.56, 0.09, 0.66, 0.71, 0.68, 0.21, 0.33, 0.23, 1.0, 0.7, 0.77, 0.34, 0.82, 0.12, 0.85, 0.48, 0.72, 0.7, 0.26, 0.0, 0.32, 0.75, 0.41, 0.0, 1.0, 0.72, 0.75, 0.0, 0.79, 0.08, 0.66, 0.73, 0.31, 0.34, 0.68, 0.4, 0.32, 0.65, 0.0, 0.44, 1.0, 0.0, 0.77, 0.31, 0.43, 0.68, 0.55, 0.17, 0.35, 0.65, 0.49, 0.55, 0.5, 0.62, 0.67, 0.25]"
126,993667,0.355,0.306,125,2025-02-23 07:22:01.115709,"['32222', '32223', '32226', '32230', '32241', '32244', '32248', '32252', '32253', '32254', '32256', '32269', '32274', '32280', '32288']","[3052, 5760, 3720, 4954, 3326, 930, 4226, 3158, 4846, 5899, 3266, 5675, 2586, 4319, 1331, 5555, 814, 4003, 4119, 3701, 449, 2378, 480, 4033, 2776, 4663, 4953, 4883, 3139, 4338, 253, 4325, 650, 1822, 3532, 2948]","[0.66, 0.43, 0.7, 0.7, 0.45, 0.3, 0.17, 0.25, 1.0, 0.0, 0.41, 0.44, 1.0, 0.71, 0.24, 0.64, 0.0, 0.3, 0.69, 0.68, 0.22, 0.83, 0.61, 0.74, 0.25, 0.36, 0.19, 0.75, 0.75, 0.84, 0.0, 0.73, 0.27, 0.82, 1.0, 0.56, 0.7, 0.34, 0.75, 0.0, 0.0, 0.52, 1.0, 0.65, 0.85, 0.66, 0.59, 0.57, 0.23, 0.62, 0.64, 0.6, 0.63, 0.66, 0.16, 0.75, 0.74, 0.55, 0.17, 0.27, 0.83, 0.81, 0.36, 0.27, 0.75, 0.47, 0.67, 0.37, 0.67, 0.41, 0.58, 0.43, 0.58, 0.65, 0.25]"
127,197351,0.301,0.528,125,2025-02-23 07:22:01.234070,"['32217', '32223', '32226', '32236', '32238', '32244', '32248', '32253', '32261', '32264', '32269', '32276', '32281', '32283', '32288']","[3703, 3052, 5195, 539, 506, 882, 5760, 4723, 4003, 4033, 4226, 4600, 1553, 557, 2840, 823, 637, 3326, 2586, 5658, 3720, 4846, 5782, 4119, 2948, 2378, 2744, 117, 4701, 5758, 5918, 835, 3285, 2740, 1331, 1359]","[0.45, 0.56, 0.74, 0.25, 0.48, 0.47, 0.18, 0.27, 0.41, 0.25, 0.37, 0.49, 0.75, 0.75, 0.21, 0.59, 0.47, 0.3, 0.64, 0.6, 0.19, 0.74, 0.75, 0.71, 0.0, 0.45, 0.35, 0.69, 0.61, 0.7, 0.25, 0.69, 0.26, 0.74, 0.75, 0.52, 0.76, 0.34, 0.44, 0.75, 0.59, 0.58, 0.55, 0.71, 0.75, 0.57, 0.64, 0.75, 0.18, 0.61, 0.25, 0.37, 0.42, 0.71, 0.25, 0.25, 0.58, 0.64, 0.28, 0.45, 0.45, 0.68, 0.5, 0.35, 0.68, 0.45, 0.54, 0.75, 0.69, 0.5, 0.63, 0.41, 0.58, 0.59, 0.5]"
128,227221,0.519,0.0,125,2025-02-23 07:22:01.352164,"['32217', '32219', '32222', '32226', '32238', '32245', '32252', '32253', '32255', '32264', '32266', '32274', '32276', '32283', '32288']","[4119, 930, 2586, 5918, 4319, 5760, 4226, 2547, 3052, 2338, 5385, 2609, 374, 4338, 277, 4988, 5326, 557, 3383, 882, 3720, 4953, 3998, 525, 2910, 1012, 3158, 4780, 1007, 1868, 715, 1769, 4804, 5753, 1788, 637]","[0.63, 0.37, 0.7, 1.0, 0.35, 0.0, 0.14, 0.21, 1.0, 0.51, 0.35, 0.4, 0.0, 0.66, 0.16, 0.58, 0.56, 0.22, 0.64, 0.64, 0.15, 0.77, 0.69, 0.71, 0.0, 0.31, 0.16, 0.52, 0.77, 0.84, 0.33, 1.0, 0.18, 0.86, 0.61, 0.67, 0.68, 0.29, 0.75, 0.25, 0.47, 0.0, 0.42, 0.57, 0.82, 0.57, 0.51, 0.69, 0.14, 0.65, 0.0, 0.5, 0.25, 0.65, 0.25, 0.46, 0.75, 0.45, 0.28, 0.42, 0.83, 0.83, 0.67, 0.34, 0.73, 0.53, 0.4, 0.33, 0.65, 0.25, 0.54, 0.48, 0.61, 0.68, 0.75]"
129,1289369,0.359,0.083,125,2025-02-23 07:22:01.470545,"['32224', '32231', '32238', '32239', '32242', '32246', '32248', '32253', '32261', '32264', '32269', '32270', '32283', '32287', '32288']","[2664, 4322, 5460, 1316, 3749, 2112, 3500, 5541, 5647, 2943, 5195, 4033, 2761, 3706, 835, 4539, 5065, 5654, 4757, 4161, 5692, 2281, 3052, 1612, 4412, 114, 981, 4600, 2843, 5238, 5844, 1932, 1098, 342, 3474, 5594]","[0.45, 0.74, 0.75, 0.45, 0.75, 0.65, 0.26, 0.39, 0.32, 0.26, 0.75, 0.62, 0.38, 0.86, 0.49, 0.72, 0.23, 0.75, 0.75, 0.69, 0.47, 0.87, 0.32, 0.76, 1.0, 1.0, 0.52, 0.82, 1.0, 0.64, 0.72, 0.43, 1.0, 0.54, 0.75, 0.23, 0.82, 0.48, 0.32, 1.0, 0.76, 0.8, 0.74, 0.87, 0.81, 0.77, 0.81, 1.0, 0.5, 0.52, 0.25, 0.53, 0.61, 0.75, 0.09, 0.75, 1.0, 0.86, 0.09, 0.17, 0.43, 0.56, 0.63, 0.22, 0.7, 0.3, 0.74, 0.61, 0.75, 0.5, 0.73, 0.3, 0.51, 0.5, 0.5]"
130,734687,0.289,0.222,130,2025-02-23 07:22:01.712134,"['32217', '32221', '32242', '32246', '32247', '32248', '32251', '32253', '32263', '32264', '32265', '32270', '32275', '32283', '32286']","[342, 3474, 4184, 5460, 2761, 1316, 5256, 295, 5065, 3376, 1611, 3248, 5692, 1196, 3255, 114, 4257, 3084, 2664, 4547, 981, 2843, 1538, 1164, 2498, 4757, 2367, 4396, 1932, 5402, 2281, 4710, 3310, 1787, 4699, 2668]","[0.39, 0.83, 0.77, 0.0, 0.85, 0.77, 0.36, 1.0, 0.25, 0.2, 0.61, 0.66, 0.34, 0.89, 0.62, 0.77, 0.15, 0.71, 0.77, 0.7, 0.61, 0.91, 0.25, 0.8, 0.72, 0.74, 0.66, 0.89, 0.75, 0.58, 0.83, 0.29, 1.0, 0.0, 0.75, 0.14, 0.85, 0.75, 0.27, 1.0, 0.82, 0.85, 0.83, 0.93, 0.82, 0.84, 0.89, 0.22, 0.65, 1.0, 0.0, 1.0, 0.69, 0.79, 0.04, 0.8, 1.0, 0.91, 0.05, 0.11, 0.42, 0.33, 0.7, 0.18, 0.7, 0.25, 0.82, 0.67, 0.81, 0.75, 0.78, 0.29, 0.75, 0.39, 0.66]"
131,883767,0.323,0.167,130,2025-02-23 07:22:01.828395,"['32218', '32226', '32230', '32231', '32248', '32249', '32253', '32254', '32261', '32263', '32264', '32266', '32274', '32281', '32287']","[4322, 4033, 5195, 2664, 2189, 4757, 2761, 3500, 4600, 4412, 1612, 2281, 576, 4003, 5238, 3052, 5123, 2050, 2843, 2112, 3406, 4975, 1098, 990, 2943, 3285, 1666, 3706, 5594, 5460, 2620, 5647, 1932, 4539, 3592, 3151]","[0.48, 0.7, 0.75, 0.53, 0.0, 0.6, 0.29, 0.37, 0.36, 0.28, 0.53, 0.57, 0.75, 0.83, 0.44, 0.72, 0.0, 1.0, 0.73, 0.68, 0.44, 0.89, 0.39, 0.78, 0.54, 0.61, 0.47, 0.81, 0.58, 0.69, 0.7, 0.45, 0.52, 0.57, 1.0, 0.0, 0.8, 0.48, 0.35, 0.25, 0.75, 0.74, 0.72, 0.86, 0.83, 0.78, 0.8, 0.0, 0.47, 0.75, 0.0, 0.59, 0.75, 0.75, 0.07, 0.72, 0.59, 0.81, 0.08, 0.17, 0.17, 0.6, 0.57, 0.22, 0.72, 0.33, 0.71, 0.5, 0.76, 0.41, 0.72, 0.36, 0.52, 0.25, 0.56]"
132,1365111,0.346,0.083,130,2025-02-23 07:22:01.946222,"['32217', '32218', '32224', '32225', '32231', '32236', '32239', '32244', '32248', '32253', '32261', '32264', '32274', '32276', '32281']","[3052, 2664, 1359, 480, 2058, 712, 576, 3500, 4539, 4003, 5899, 2112, 2943, 3720, 4455, 2378, 5647, 616, 4953, 5844, 4322, 4030, 5195, 3106, 1176, 4299, 2948, 4757, 2761, 1822, 4062, 4325, 3665, 4412, 5675, 449]","[0.56, 0.62, 0.73, 1.0, 1.0, 0.49, 0.27, 0.34, 0.45, 0.3, 0.75, 0.25, 0.47, 0.8, 0.39, 0.71, 0.31, 0.25, 0.73, 0.7, 0.39, 0.89, 0.25, 0.78, 0.44, 0.25, 0.35, 0.76, 0.66, 0.76, 1.0, 0.53, 0.45, 0.66, 1.0, 0.34, 0.77, 0.45, 0.38, 0.25, 0.68, 0.68, 0.66, 0.82, 0.85, 0.77, 0.75, 0.25, 0.42, 0.54, 0.25, 0.65, 0.7, 0.73, 0.07, 0.72, 0.68, 0.74, 0.09, 0.17, 1.0, 0.69, 0.33, 0.22, 0.74, 0.37, 0.65, 0.75, 0.74, 0.38, 0.68, 0.39, 0.54, 0.54, 0.52]"
133,1201570,0.255,0.306,130,2025-02-23 07:22:02.069078,"['32219', '32224', '32226', '32231', '32236', '32238', '32246', '32248', '32253', '32261', '32264', '32266', '32269', '32276', '32288']","[5195, 4033, 3052, 2943, 3285, 5541, 2050, 4600, 712, 2664, 4003, 4322, 4455, 2620, 3500, 3406, 2840, 2640, 449, 3749, 5692, 2761, 1176, 4520, 5465, 835, 5614, 539, 506, 786, 1359, 216, 2281, 576, 4000, 5264]","[0.44, 0.7, 0.75, 0.49, 0.71, 0.75, 0.28, 0.37, 0.34, 0.31, 0.75, 0.56, 0.75, 0.83, 0.41, 0.71, 0.27, 0.75, 0.72, 0.66, 0.41, 0.87, 0.25, 0.77, 0.75, 0.62, 0.49, 0.82, 0.56, 0.67, 0.7, 0.46, 0.25, 0.57, 0.75, 0.29, 0.81, 0.47, 0.36, 1.0, 0.72, 0.73, 0.72, 0.86, 0.81, 0.75, 0.8, 0.75, 0.43, 0.52, 0.75, 0.53, 1.0, 0.76, 0.08, 0.75, 0.57, 0.81, 0.1, 0.2, 0.45, 0.58, 0.67, 0.24, 0.7, 0.34, 0.71, 0.57, 0.76, 0.43, 0.72, 0.36, 0.53, 0.49, 0.5]"
134,354100,0.247,0.472,130,2025-02-23 07:22:02.185443,"['32217', '32231', '32238', '32240', '32246', '32248', '32251', '32253', '32262', '32263', '32265', '32270', '32276', '32286', '32288']","[2664, 3052, 712, 2943, 4322, 2761, 576, 5692, 5541, 3406, 3285, 4033, 4757, 3263, 5614, 2060, 2050, 3500, 3706, 2112, 506, 1176, 4412, 786, 114, 1316, 2058, 2640, 5195, 2840, 5460, 2498, 1098, 835, 2281, 5256]","[0.44, 0.74, 0.75, 0.25, 0.76, 0.66, 0.3, 0.39, 0.32, 0.27, 0.54, 0.59, 0.41, 0.84, 0.47, 0.73, 0.24, 0.75, 0.73, 0.68, 0.47, 0.88, 0.36, 0.78, 0.75, 0.65, 0.25, 0.84, 0.54, 0.65, 0.74, 0.41, 0.75, 0.53, 0.75, 0.24, 0.82, 0.75, 0.33, 0.75, 0.75, 0.77, 0.75, 0.88, 0.82, 0.78, 0.83, 0.33, 0.25, 0.25, 0.39, 0.75, 0.64, 0.77, 0.07, 0.72, 0.75, 0.85, 0.08, 0.17, 0.44, 0.55, 0.67, 0.22, 0.7, 0.31, 0.74, 0.6, 0.77, 0.42, 0.74, 0.34, 0.75, 0.46, 0.75]"
135,1034552,0.347,0.361,135,2025-02-23 07:22:02.430536,"['32231', '32238', '32243', '32247', '32249', '32253', '32259', '32261', '32264', '32270', '32273', '32275', '32283', '32286', '32288']","[539, 835, 117, 506, 3703, 5195, 3951, 3052, 216, 4723, 2840, 2753, 1396, 2050, 4033, 4600, 2612, 5541, 4701, 2943, 2664, 4065, 5614, 3561, 5045, 5700, 889, 882, 1268, 712, 4003, 5465, 576, 734, 3263, 2379]","[0.25, 0.73, 0.75, 0.25, 0.69, 0.74, 0.25, 0.37, 0.24, 0.44, 0.42, 0.6, 0.43, 0.82, 0.29, 0.63, 0.34, 0.25, 0.64, 0.55, 0.3, 0.71, 0.4, 0.71, 0.75, 0.64, 0.65, 0.85, 0.43, 0.75, 0.7, 0.54, 0.38, 0.75, 0.42, 0.25, 0.83, 0.4, 0.36, 0.75, 0.7, 0.68, 0.7, 0.86, 0.63, 1.0, 0.79, 1.0, 0.25, 0.56, 0.0, 0.24, 0.32, 0.78, 0.22, 0.42, 0.0, 0.84, 0.26, 1.0, 0.4, 0.17, 0.57, 0.36, 0.58, 0.37, 0.65, 0.6, 0.77, 0.0, 0.67, 0.35, 0.5, 0.44, 0.75]"
136,777640,0.179,0.556,135,2025-02-23 07:22:02.549513,"['32220', '32221', '32231', '32243', '32249', '32251', '32262', '32263', '32265', '32266', '32270', '32274', '32275', '32283', '32286']","[1164, 5256, 5402, 3063, 2044, 3330, 3786, 3932, 4547, 2019, 535, 4396, 3255, 3029, 3273, 2253, 2177, 214, 3608, 5747, 1117, 67, 4504, 2298, 4444, 5127, 3161, 342, 4500, 3188, 1893, 4696, 3450, 2695, 2980, 5276]","[0.32, 0.87, 0.75, 0.35, 0.91, 0.86, 0.75, 1.0, 0.21, 0.14, 0.65, 0.74, 0.27, 0.93, 0.77, 0.82, 0.08, 1.0, 0.81, 0.72, 0.73, 0.92, 0.15, 0.8, 0.81, 0.81, 0.78, 0.93, 0.37, 0.25, 0.89, 0.2, 0.81, 0.27, 0.61, 0.0, 0.88, 1.0, 0.21, 0.82, 0.87, 0.9, 0.87, 0.95, 0.81, 0.85, 0.93, 0.15, 1.0, 0.0, 0.2, 1.0, 1.0, 0.82, 0.02, 0.84, 0.25, 0.96, 0.04, 0.09, 0.0, 0.33, 0.77, 0.16, 0.71, 0.17, 0.84, 0.75, 0.85, 0.5, 0.81, 0.23, 0.5, 0.32, 0.74]"
137,1409487,0.269,0.306,135,2025-02-23 07:22:02.669008,"['32214', '32225', '32226', '32231', '32239', '32248', '32249', '32253', '32264', '32266', '32274', '32276', '32281', '32286', '32287']","[3052, 1176, 1359, 3500, 4033, 4455, 857, 3285, 712, 2943, 2664, 2058, 4322, 5195, 4520, 4412, 5238, 449, 2465, 4539, 5647, 3706, 2050, 4890, 2112, 4003, 2948, 2761, 5593, 5758, 4600, 3961, 480, 3720, 5248, 5654]","[0.75, 0.64, 0.71, 0.58, 0.72, 0.54, 0.28, 0.36, 0.41, 0.27, 0.51, 0.75, 0.25, 0.83, 0.46, 0.74, 0.25, 1.0, 0.75, 0.7, 0.45, 0.88, 0.38, 0.77, 0.48, 0.0, 0.42, 0.78, 0.61, 0.73, 0.65, 0.52, 0.49, 0.57, 0.75, 0.25, 0.77, 0.45, 0.36, 0.75, 0.69, 0.68, 0.68, 0.82, 0.84, 0.76, 0.78, 0.36, 0.44, 0.54, 1.0, 0.61, 1.0, 0.73, 0.07, 0.7, 0.61, 0.8, 0.09, 0.18, 0.33, 0.65, 0.67, 0.23, 0.75, 0.33, 0.64, 0.75, 0.78, 0.39, 0.67, 0.35, 0.5, 0.5, 0.53]"
138,163144,0.336,0.472,135,2025-02-23 07:22:02.788259,"['32217', '32223', '32225', '32231', '32236', '32239', '32245', '32248', '32249', '32264', '32276', '32281', '32286', '32287', '32288']","[4033, 3052, 2050, 539, 5195, 2761, 637, 4003, 786, 2943, 506, 216, 3500, 2840, 2664, 1553, 449, 4322, 576, 2505, 1176, 990, 3285, 712, 1359, 4600, 4975, 5541, 3703, 5758, 3694, 2948, 2058, 2620, 823, 4539]","[0.43, 0.65, 0.72, 0.25, 0.68, 0.58, 0.26, 0.35, 0.36, 0.0, 0.47, 0.75, 0.45, 0.81, 0.37, 0.69, 0.3, 0.75, 0.7, 0.65, 0.37, 0.82, 0.25, 0.74, 0.48, 0.25, 0.47, 0.79, 0.57, 0.67, 0.64, 1.0, 0.42, 0.58, 1.0, 0.75, 0.79, 0.42, 0.38, 0.56, 0.67, 0.65, 0.67, 0.82, 0.78, 0.68, 0.77, 0.46, 0.34, 0.56, 0.0, 0.47, 0.55, 0.74, 0.13, 0.59, 0.55, 0.79, 0.15, 0.3, 0.46, 0.62, 0.67, 0.28, 0.7, 0.36, 0.62, 0.5, 0.77, 0.44, 0.66, 0.36, 0.5, 0.5, 0.5]"
139,1165647,0.317,0.361,135,2025-02-23 07:22:02.903396,"['32217', '32224', '32228', '32231', '32242', '32243', '32245', '32246', '32249', '32251', '32263', '32270', '32275', '32286', '32288']","[5256, 1316, 1164, 5692, 2640, 5402, 3084, 3474, 712, 3593, 2498, 3255, 342, 1098, 1293, 3406, 3310, 216, 4396, 4322, 2465, 5460, 2943, 3063, 2664, 4184, 3706, 1268, 1611, 5065, 5522, 2072, 3273, 1176, 295, 3500]","[0.35, 0.8, 0.74, 0.0, 0.84, 0.78, 0.34, 0.46, 0.26, 0.22, 1.0, 0.67, 0.34, 0.89, 0.75, 0.76, 0.15, 1.0, 0.76, 0.67, 0.58, 0.87, 0.24, 0.77, 0.7, 0.72, 0.68, 0.89, 1.0, 0.75, 0.81, 0.0, 0.25, 0.39, 0.57, 0.0, 0.85, 1.0, 0.27, 0.72, 0.81, 0.82, 0.8, 0.91, 0.78, 0.78, 0.88, 0.27, 0.57, 0.0, 0.3, 0.51, 0.61, 0.79, 0.06, 0.73, 0.75, 0.92, 0.08, 0.18, 0.41, 0.0, 0.68, 0.22, 0.69, 0.25, 0.77, 0.67, 0.82, 0.44, 0.75, 0.28, 0.5, 0.38, 0.75]"
140,535440,0.275,0.444,140,2025-02-23 07:22:03.145132,"['32217', '32219', '32223', '32225', '32226', '32239', '32248', '32249', '32253', '32264', '32276', '32281', '32283', '32287', '32288']","[539, 4723, 3703, 3052, 5614, 4033, 506, 4003, 5195, 2378, 216, 2840, 637, 4065, 3285, 5675, 449, 2050, 117, 712, 1249, 2943, 2612, 4600, 823, 835, 1331, 4442, 650, 3951, 557, 1359, 3263, 4299, 3720, 5541]","[0.35, 0.63, 0.76, 0.0, 0.61, 0.75, 0.23, 0.33, 0.32, 0.0, 0.4, 0.75, 0.75, 0.81, 0.29, 0.6, 0.37, 0.42, 0.63, 0.59, 0.27, 0.75, 0.48, 0.72, 0.48, 0.75, 0.51, 0.83, 0.54, 0.61, 0.64, 0.58, 0.37, 0.6, 0.75, 0.75, 0.8, 0.37, 0.4, 0.25, 0.66, 0.66, 0.63, 0.8, 0.68, 0.56, 0.73, 0.6, 0.26, 0.55, 0.75, 0.33, 0.4, 0.75, 0.21, 0.46, 0.49, 0.76, 0.2, 0.44, 0.43, 0.6, 0.67, 0.35, 0.63, 0.38, 0.64, 0.75, 0.74, 0.5, 0.65, 0.38, 0.52, 0.75, 0.5]"
141,1326137,0.502,0.556,140,2025-02-23 07:22:03.268080,"['32214', '32223', '32227', '32232', '32233', '32235', '32241', '32248', '32254', '32257', '32260', '32274', '32276', '32282', '32283']","[3128, 1585, 1596, 4927, 2011, 4438, 4156, 5297, 3898, 2260, 44, 2731, 3484, 5114, 1994, 3349, 5730, 1178, 5915, 1569, 74, 5326, 5192, 1204, 3025, 905, 308, 5884, 1458, 1964, 171, 5624, 2338, 983, 5558, 4122]","[1.0, 0.16, 0.7, 0.63, 0.11, 0.11, 0.1, 0.12, 0.65, 1.0, 0.18, 0.24, 0.78, 0.0, 0.03, 0.36, 0.83, 0.06, 0.0, 0.0, 0.03, 0.0, 0.89, 0.63, 0.07, 0.14, 0.09, 0.0, 0.83, 0.87, 0.15, 0.94, 0.04, 0.93, 0.0, 0.92, 0.59, 0.15, 0.69, 0.14, 0.0, 0.16, 0.2, 0.0, 0.67, 0.22, 0.0, 0.95, 0.02, 0.73, 0.88, 0.26, 0.25, 0.62, 0.66, 0.14, 0.78, 0.18, 0.65, 0.83, 0.0, 0.91, 0.0, 0.6, 0.65, 0.67, 0.22, 0.23, 1.0, 0.0, 0.36, 0.64, 0.64, 0.75, 0.21]"
142,1313416,0.239,0.222,140,2025-02-23 07:22:03.392440,"['32217', '32224', '32228', '32245', '32246', '32247', '32248', '32262', '32263', '32266', '32276', '32283', '32286', '32287', '32288']","[216, 2761, 2943, 712, 5541, 5256, 4322, 5195, 539, 835, 3406, 3255, 668, 3263, 734, 3474, 4600, 3052, 2620, 2664, 5614, 4161, 1273, 2840, 2753, 211, 2498, 3063, 2640, 1316, 5692, 2838, 4033, 1268, 5216, 4003]","[0.31, 0.77, 0.77, 0.0, 0.79, 0.78, 0.29, 0.42, 0.25, 0.29, 0.25, 0.62, 0.38, 0.88, 0.75, 0.69, 0.21, 0.61, 0.7, 0.63, 0.46, 0.83, 0.32, 0.75, 0.65, 0.66, 0.65, 0.9, 0.46, 0.53, 0.78, 0.25, 0.75, 0.0, 0.75, 0.2, 0.84, 0.47, 0.31, 0.68, 0.78, 0.8, 0.76, 0.89, 0.72, 0.7, 0.84, 0.39, 0.25, 0.75, 0.34, 0.4, 0.75, 0.79, 0.1, 0.62, 0.42, 0.88, 0.1, 0.26, 0.4, 0.47, 0.83, 0.26, 0.64, 0.29, 0.77, 0.66, 0.79, 0.75, 0.73, 0.31, 0.5, 0.5, 0.5]"
143,777849,0.281,0.111,140,2025-02-23 07:22:03.515096,"['32221', '32224', '32228', '32234', '32238', '32243', '32248', '32251', '32263', '32266', '32269', '32275', '32276', '32283', '32286']","[3063, 2072, 3255, 4725, 668, 1164, 5256, 734, 5157, 4459, 2668, 5522, 206, 1787, 1196, 182, 1117, 2246, 806, 1103, 756, 4500, 3113, 68, 5245, 4396, 5609, 1067, 5801, 1750, 5742, 2346, 1183, 295, 1268, 3295]","[0.21, 0.87, 0.8, 0.22, 0.89, 0.9, 0.35, 0.75, 0.16, 0.21, 0.25, 0.71, 0.29, 0.93, 1.0, 0.74, 0.12, 0.76, 0.73, 0.64, 1.0, 0.86, 0.19, 0.77, 1.0, 0.79, 0.82, 0.95, 0.33, 0.25, 0.89, 0.23, 0.75, 0.29, 0.75, 0.09, 0.88, 1.0, 0.24, 0.78, 0.86, 0.89, 0.85, 0.94, 0.69, 0.77, 0.91, 0.25, 0.63, 1.0, 0.21, 0.36, 0.0, 0.82, 0.06, 0.75, 0.29, 0.95, 0.06, 0.19, 0.36, 0.0, 1.0, 0.22, 0.61, 0.22, 0.86, 0.76, 0.84, 0.25, 0.8, 0.24, 0.0, 0.33, 0.71]"
144,367462,0.322,0.556,140,2025-02-23 07:22:03.631965,"['32225', '32230', '32248', '32249', '32253', '32254', '32255', '32259', '32266', '32274', '32276', '32279', '32280', '32287', '32288']","[5385, 2586, 4319, 5760, 4226, 4119, 3052, 2547, 5918, 4780, 2609, 3720, 2910, 525, 2338, 4953, 4338, 930, 277, 4988, 3998, 1769, 557, 1770, 1533, 3885, 2879, 374, 5323, 5326, 1868, 4003, 3158, 3244, 5655, 292]","[0.66, 0.33, 0.7, 0.71, 0.35, 0.23, 0.16, 0.21, 0.6, 0.51, 0.34, 0.25, 0.63, 0.65, 0.16, 0.59, 1.0, 0.23, 0.63, 0.64, 0.16, 0.78, 0.71, 0.72, 0.18, 0.27, 0.15, 0.57, 0.8, 0.85, 0.33, 0.81, 0.18, 0.83, 0.75, 1.0, 0.66, 0.28, 0.54, 0.25, 0.75, 0.25, 0.4, 0.56, 0.82, 0.75, 0.49, 0.74, 0.14, 0.63, 0.72, 0.57, 1.0, 0.66, 0.22, 0.46, 0.78, 0.44, 0.23, 0.39, 0.83, 0.85, 0.83, 0.35, 0.74, 0.83, 0.33, 0.36, 0.64, 0.4, 0.49, 0.5, 0.57, 0.5, 0.25]"
145,386123,0.327,0.361,145,2025-02-23 07:22:03.877420,"['32219', '32221', '32224', '32228', '32234', '32238', '32243', '32246', '32251', '32262', '32263', '32266', '32275', '32283', '32286']","[391, 3063, 1268, 5045, 2072, 734, 1164, 4459, 5256, 2172, 3255, 1117, 806, 206, 2270, 5692, 2668, 216, 4371, 1316, 4547, 4396, 2420, 3474, 4500, 3406, 5541, 5402, 1067, 2246, 5801, 3310, 756, 148, 2715, 3829]","[0.21, 0.86, 0.77, 0.18, 0.87, 0.75, 0.34, 1.0, 0.15, 0.29, 1.0, 0.69, 0.34, 0.9, 0.25, 0.71, 0.19, 0.7, 0.74, 0.59, 0.25, 0.81, 0.21, 0.74, 1.0, 0.77, 0.82, 0.93, 0.3, 0.25, 0.88, 0.27, 1.0, 0.28, 0.42, 0.16, 0.89, 1.0, 0.23, 0.75, 0.85, 0.88, 0.89, 0.93, 0.65, 0.73, 0.88, 0.28, 1.0, 0.25, 0.25, 0.29, 0.0, 0.82, 0.11, 0.65, 0.26, 0.95, 0.12, 0.28, 0.35, 0.0, 0.78, 0.26, 0.58, 0.25, 0.83, 0.73, 0.81, 0.25, 0.8, 0.27, 0.5, 0.33, 0.7]"
146,179173,0.283,0.444,145,2025-02-23 07:22:03.992510,"['32214', '32219', '32225', '32226', '32231', '32238', '32245', '32246', '32248', '32262', '32264', '32269', '32276', '32286', '32287']","[3052, 2664, 4322, 4033, 3500, 2943, 4412, 576, 506, 5844, 4539, 5195, 4757, 5238, 2112, 1176, 3285, 712, 5820, 1612, 2189, 5242, 1932, 5647, 1359, 2058, 3367, 4846, 637, 1666, 5594, 4003, 3665, 3720, 2050, 3961]","[1.0, 0.64, 0.73, 0.53, 0.71, 0.75, 0.27, 0.35, 0.38, 0.31, 0.47, 0.75, 0.25, 0.82, 0.4, 0.72, 0.28, 0.25, 0.75, 0.69, 0.41, 0.86, 0.42, 0.75, 0.0, 0.54, 0.45, 0.79, 0.58, 0.71, 0.68, 0.25, 0.75, 0.58, 1.0, 0.32, 0.79, 0.45, 0.35, 0.62, 0.71, 0.73, 0.72, 0.84, 0.83, 0.75, 0.75, 0.38, 0.0, 0.54, 0.0, 0.56, 0.64, 0.73, 0.1, 1.0, 0.59, 0.8, 0.1, 0.2, 0.45, 0.63, 0.67, 0.23, 0.73, 0.33, 0.67, 0.54, 0.75, 0.42, 0.69, 0.36, 0.5, 0.25, 0.55]"
147,1477857,0.236,0.278,145,2025-02-23 07:22:04.111412,"['32217', '32219', '32224', '32228', '32240', '32242', '32251', '32261', '32262', '32263', '32265', '32266', '32270', '32275', '32286']","[3255, 3474, 5256, 2843, 342, 1164, 4184, 295, 3593, 734, 5065, 3084, 2761, 5313, 114, 1316, 1538, 5460, 5402, 1117, 3063, 3310, 4725, 3113, 2112, 4257, 2664, 1098, 216, 3500, 981, 2072, 5594, 4757, 4412, 4617]","[0.35, 0.81, 0.75, 0.0, 0.85, 1.0, 0.33, 0.46, 0.24, 0.24, 0.75, 0.66, 0.36, 0.89, 1.0, 0.76, 0.17, 0.71, 0.78, 0.68, 0.58, 0.88, 0.25, 0.77, 0.74, 0.71, 1.0, 0.9, 1.0, 0.55, 0.84, 0.3, 0.68, 0.37, 0.56, 0.17, 0.86, 0.75, 0.25, 0.75, 0.82, 0.86, 0.85, 0.92, 0.79, 0.8, 0.86, 0.0, 1.0, 0.75, 0.29, 0.0, 0.75, 0.79, 0.06, 0.76, 1.0, 0.92, 0.06, 0.15, 0.4, 0.67, 0.73, 0.2, 0.68, 0.25, 0.8, 0.68, 0.79, 0.45, 0.78, 0.29, 0.25, 0.37, 0.67]"
148,162386,0.38,0.083,145,2025-02-23 07:22:04.231700,"['32214', '32215', '32217', '32219', '32222', '32223', '32225', '32226', '32236', '32239', '32249', '32253', '32269', '32280', '32287']","[3052, 5760, 882, 2586, 4226, 5195, 823, 557, 2948, 3703, 2744, 1553, 4119, 1359, 3720, 4723, 5918, 4033, 637, 3326, 2378, 539, 2050, 5758, 5315, 4600, 4954, 5658, 4846, 5888, 4319, 4003, 3158, 3266, 480, 2338]","[0.75, 1.0, 0.72, 0.25, 0.49, 0.25, 0.21, 0.25, 0.0, 0.0, 0.36, 0.25, 0.25, 0.71, 0.19, 0.62, 0.49, 0.32, 0.66, 0.64, 0.21, 0.78, 0.75, 0.71, 0.32, 0.0, 0.29, 0.66, 0.68, 0.78, 0.49, 0.7, 0.23, 0.75, 0.56, 1.0, 0.73, 0.35, 0.46, 0.25, 0.56, 0.54, 0.56, 0.7, 0.8, 0.6, 0.59, 0.64, 0.19, 0.6, 0.61, 0.44, 0.5, 0.69, 0.22, 1.0, 0.67, 0.61, 0.23, 0.4, 0.48, 0.74, 0.39, 0.33, 0.73, 0.46, 0.17, 0.41, 0.69, 0.43, 0.6, 0.44, 0.56, 0.75, 0.41]"
149,1165351,0.311,0.417,145,2025-02-23 07:22:04.347506,"['32219', '32225', '32226', '32238', '32239', '32240', '32242', '32245', '32253', '32261', '32264', '32265', '32266', '32287', '32288']","[3052, 5195, 637, 506, 5760, 5918, 3326, 4033, 4600, 4846, 4003, 4455, 4226, 823, 5758, 4953, 2378, 3720, 3266, 3703, 1553, 449, 4689, 576, 882, 2948, 990, 2050, 4322, 2664, 2840, 4723, 2505, 712, 786, 1822]","[0.52, 0.51, 0.73, 0.53, 0.55, 0.75, 0.22, 0.28, 0.44, 0.44, 0.38, 0.25, 0.75, 0.74, 0.23, 0.64, 0.44, 0.37, 0.68, 0.65, 0.26, 0.79, 0.57, 0.72, 0.75, 0.0, 0.0, 0.71, 1.0, 0.75, 0.54, 1.0, 0.29, 0.7, 0.56, 0.5, 0.75, 0.37, 0.43, 0.25, 0.6, 0.59, 0.61, 0.74, 0.8, 0.63, 0.63, 0.25, 0.24, 0.59, 0.0, 0.25, 0.75, 0.7, 0.2, 0.51, 0.63, 0.67, 0.2, 0.36, 0.47, 0.7, 0.44, 0.31, 0.72, 0.43, 0.55, 0.45, 0.71, 0.43, 0.63, 0.42, 0.55, 0.25, 0.5]"
150,668750,0.303,0.417,150,2025-02-23 07:22:04.599705,"['32217', '32218', '32219', '32222', '32226', '32252', '32253', '32254', '32255', '32256', '32261', '32266', '32274', '32279', '32280']","[3052, 4003, 5760, 3720, 4033, 4953, 4226, 2316, 1822, 2968, 814, 5555, 5899, 4954, 5844, 3158, 4062, 5195, 5567, 1359, 4455, 4120, 4119, 4539, 4412, 4846, 786, 2664, 3326, 4325, 4368, 506, 3900, 4942, 5647, 5098]","[0.64, 0.5, 0.71, 0.75, 0.25, 0.25, 0.2, 0.28, 1.0, 0.34, 0.42, 0.46, 1.0, 0.74, 0.32, 0.69, 0.33, 0.39, 0.73, 0.71, 0.31, 0.87, 0.54, 0.76, 0.33, 0.44, 0.23, 0.68, 0.73, 0.81, 0.5, 0.63, 0.36, 0.71, 0.7, 0.49, 0.72, 0.39, 0.75, 1.0, 0.75, 0.75, 0.75, 0.73, 0.86, 0.72, 0.66, 0.25, 0.33, 0.59, 0.56, 0.68, 1.0, 0.68, 0.1, 0.69, 0.74, 0.68, 0.11, 0.2, 0.83, 0.8, 0.46, 0.25, 0.77, 0.0, 0.33, 0.46, 0.68, 0.38, 0.63, 0.4, 0.55, 0.58, 0.45]"
151,270124,0.365,0.222,150,2025-02-23 07:22:04.723840,"['32215', '32217', '32218', '32219', '32225', '32236', '32239', '32248', '32249', '32253', '32255', '32264', '32281', '32287', '32288']","[3052, 3703, 5195, 4226, 4003, 3720, 539, 5888, 4723, 4455, 557, 4033, 2948, 506, 4663, 2840, 637, 1359, 2050, 3326, 4600, 882, 3266, 5385, 4846, 2586, 5760, 990, 2096, 5614, 2263, 1553, 5567, 4622, 3094, 4689]","[0.43, 0.25, 0.74, 0.25, 1.0, 0.75, 0.19, 0.29, 0.4, 0.47, 0.33, 0.25, 0.51, 0.73, 0.22, 0.6, 0.42, 0.31, 0.65, 0.61, 0.21, 0.75, 0.0, 0.71, 0.37, 0.0, 0.36, 0.73, 0.62, 0.69, 0.5, 0.66, 0.27, 0.68, 0.75, 1.0, 0.77, 0.35, 0.42, 0.75, 0.6, 1.0, 0.56, 0.7, 0.74, 0.56, 0.65, 0.64, 0.2, 0.62, 1.0, 0.41, 0.44, 0.71, 0.23, 0.48, 0.61, 0.69, 0.26, 0.43, 0.46, 0.71, 0.46, 0.36, 0.67, 0.43, 0.58, 0.25, 0.65, 0.46, 0.61, 0.42, 0.56, 0.75, 0.0]"
152,1107456,0.33,0.306,150,2025-02-23 07:22:04.842469,"['32214', '32215', '32217', '32218', '32219', '32225', '32226', '32239', '32244', '32248', '32256', '32261', '32269', '32276', '32281']","[3052, 5195, 3703, 2378, 117, 539, 4701, 1331, 506, 637, 882, 3720, 2840, 4033, 835, 253, 4723, 1786, 5614, 5675, 5760, 650, 576, 2943, 2612, 2847, 1359, 4003, 216, 4226, 2551, 4732, 4884, 4883, 2586, 1374]","[0.0, 0.75, 0.76, 1.0, 1.0, 0.25, 0.2, 0.32, 0.34, 0.48, 0.33, 0.0, 1.0, 0.76, 0.23, 0.58, 0.41, 0.33, 0.64, 0.58, 0.22, 0.72, 0.48, 0.7, 0.43, 0.75, 0.46, 0.78, 0.55, 0.62, 0.75, 0.61, 0.3, 0.62, 0.0, 0.51, 0.81, 0.36, 0.4, 0.48, 0.63, 0.59, 0.75, 0.74, 0.69, 0.54, 0.69, 1.0, 0.2, 0.61, 0.54, 0.32, 0.37, 0.73, 0.24, 0.25, 0.53, 0.74, 0.28, 0.47, 0.43, 0.64, 0.83, 0.38, 0.63, 0.41, 0.62, 0.5, 0.66, 0.49, 0.63, 0.4, 0.55, 0.53, 0.44]"
153,1011845,0.336,0.361,150,2025-02-23 07:22:04.956538,"['32217', '32219', '32224', '32228', '32240', '32242', '32246', '32248', '32251', '32263', '32266', '32270', '32275', '32286', '32287']","[4322, 1316, 3084, 2761, 3406, 5402, 1164, 2498, 2664, 3249, 5065, 981, 342, 5692, 712, 3706, 2843, 1098, 3474, 5460, 3255, 4184, 2465, 3593, 1538, 1293, 5594, 114, 3310, 3273, 2943, 216, 214, 295, 668, 4033]","[0.41, 0.78, 0.76, 0.0, 0.83, 0.75, 0.3, 0.44, 0.28, 0.23, 1.0, 0.63, 0.34, 0.87, 1.0, 0.75, 0.15, 0.67, 0.78, 0.71, 0.55, 0.89, 0.26, 0.78, 0.66, 0.69, 1.0, 0.87, 0.75, 0.59, 0.8, 0.32, 0.75, 0.43, 1.0, 0.2, 0.84, 0.0, 0.27, 0.73, 0.81, 0.82, 0.78, 0.89, 0.81, 0.8, 0.86, 0.26, 0.59, 0.0, 0.31, 0.6, 1.0, 0.76, 0.05, 0.78, 0.75, 0.91, 0.06, 0.13, 0.44, 0.83, 0.7, 0.19, 0.7, 0.25, 0.79, 0.68, 0.78, 0.43, 0.75, 0.29, 0.75, 0.25, 0.64]"
154,1660853,0.272,0.306,150,2025-02-23 07:22:05.074895,"['32214', '32219', '32225', '32231', '32236', '32238', '32245', '32248', '32262', '32264', '32266', '32276', '32281', '32287', '32288']","[3052, 1176, 2664, 4033, 4322, 2943, 3285, 5541, 2498, 3500, 712, 2058, 2050, 4455, 5238, 857, 5195, 3961, 5594, 1359, 4520, 2112, 3706, 5332, 4412, 5647, 3406, 2838, 4757, 4539, 4600, 1932, 114, 5614, 4003, 2281]","[1.0, 0.67, 0.74, 0.55, 0.74, 0.75, 0.26, 0.37, 0.37, 0.28, 0.48, 0.75, 0.4, 0.82, 0.46, 0.72, 0.22, 0.75, 0.76, 0.7, 0.44, 0.88, 0.25, 0.77, 0.75, 0.59, 0.44, 0.81, 0.6, 0.69, 0.69, 0.25, 0.55, 0.55, 1.0, 0.31, 0.8, 0.46, 0.33, 0.64, 0.74, 0.74, 0.69, 0.84, 0.83, 0.76, 0.79, 0.35, 0.25, 0.53, 0.75, 0.62, 1.0, 0.73, 0.07, 0.74, 0.6, 0.84, 0.08, 0.16, 0.47, 0.65, 0.83, 0.22, 0.73, 0.31, 0.71, 0.5, 0.74, 0.41, 0.7, 0.33, 0.52, 0.75, 0.5]"
155,733228,0.265,0.222,155,2025-02-23 07:22:05.317208,"['32215', '32223', '32227', '32229', '32241', '32257', '32260', '32272', '32274', '32276', '32277', '32279', '32280', '32284', '32285']","[5385, 4319, 4804, 2338, 2586, 3998, 1596, 4927, 525, 5326, 2910, 5114, 2011, 930, 2547, 2879, 1569, 1769, 4122, 2609, 5771, 5915, 1204, 2273, 5562, 3128, 4780, 1497, 1007, 3885, 4156, 4312, 4554, 5884, 4991, 1788]","[0.66, 0.0, 0.67, 0.7, 0.22, 0.15, 0.15, 0.16, 0.67, 1.0, 0.27, 0.31, 0.68, 0.25, 0.09, 0.0, 0.71, 0.12, 0.57, 0.6, 0.08, 0.69, 0.8, 0.69, 0.11, 0.21, 0.11, 0.0, 0.82, 0.85, 0.22, 0.86, 0.08, 0.92, 0.59, 0.81, 0.63, 0.26, 0.62, 0.24, 0.34, 0.27, 0.31, 0.25, 0.8, 0.44, 0.0, 0.84, 0.07, 0.7, 0.82, 0.41, 0.45, 0.63, 0.38, 0.38, 0.8, 0.3, 0.25, 0.56, 0.83, 0.86, 0.17, 0.17, 0.71, 0.17, 0.33, 0.27, 0.6, 0.4, 0.5, 0.5, 0.58, 0.7, 0.25]"
156,506788,0.36,0.056,155,2025-02-23 07:22:05.435985,"['32214', '32227', '32229', '32230', '32232', '32257', '32266', '32271', '32272', '32273', '32274', '32276', '32277', '32284', '32285']","[5915, 4319, 5326, 2338, 5385, 1596, 1204, 2547, 1585, 525, 4988, 3998, 2609, 2910, 4554, 2586, 905, 4861, 2693, 5521, 5771, 4099, 5562, 1769, 4780, 1770, 1868, 2106, 3581, 2707, 308, 1569, 930, 2879, 2334, 3128]","[1.0, 0.25, 0.66, 0.74, 0.22, 0.14, 0.15, 0.15, 0.69, 0.62, 0.28, 0.3, 0.69, 0.0, 0.09, 1.0, 0.75, 0.12, 1.0, 0.61, 0.08, 0.71, 0.81, 0.7, 0.1, 0.2, 0.1, 0.38, 0.83, 0.86, 0.21, 0.86, 0.08, 0.92, 0.62, 0.81, 0.62, 0.26, 0.62, 0.24, 0.34, 0.27, 0.3, 0.0, 0.83, 0.45, 0.39, 0.83, 0.07, 0.7, 0.82, 0.45, 0.75, 0.62, 0.35, 0.4, 0.82, 0.0, 0.75, 0.75, 0.0, 0.87, 0.0, 0.33, 0.73, 0.59, 0.27, 0.26, 0.59, 0.38, 0.0, 0.0, 0.58, 0.71, 0.25]"
157,503529,0.314,0.556,155,2025-02-23 07:22:05.552414,"['32225', '32226', '32230', '32236', '32239', '32248', '32253', '32261', '32269', '32270', '32273', '32276', '32281', '32287', '32288']","[3052, 539, 506, 637, 5195, 882, 4033, 3703, 2840, 4003, 2612, 4723, 1553, 117, 835, 4600, 2505, 2744, 2050, 2943, 216, 2664, 4226, 2379, 2948, 3720, 5888, 5758, 1077, 4701, 5918, 4796, 823, 2378, 1359, 990]","[0.44, 0.63, 0.75, 0.45, 0.58, 0.55, 0.24, 0.3, 0.41, 0.42, 0.41, 0.75, 0.25, 0.75, 0.29, 0.64, 0.25, 0.37, 0.66, 0.62, 0.28, 0.78, 0.75, 0.73, 0.44, 0.75, 0.44, 0.74, 0.6, 0.64, 0.57, 0.58, 0.32, 0.67, 0.25, 0.46, 0.79, 0.39, 0.42, 0.75, 0.63, 0.62, 0.63, 0.77, 0.74, 0.63, 0.7, 1.0, 0.26, 0.58, 0.55, 0.38, 0.48, 0.74, 0.18, 0.25, 1.0, 0.72, 0.23, 0.0, 0.45, 0.62, 0.33, 0.32, 0.68, 0.39, 0.58, 0.25, 0.71, 0.45, 0.66, 0.38, 0.53, 0.25, 0.75]"
158,1292632,0.181,0.278,155,2025-02-23 07:22:05.669683,"['32220', '32221', '32224', '32231', '32234', '32243', '32248', '32251', '32262', '32263', '32266', '32276', '32283', '32286', '32288']","[1164, 3063, 2072, 3255, 4459, 5801, 776, 1456, 806, 4396, 206, 1750, 3829, 734, 4500, 5256, 3310, 1787, 3049, 440, 182, 5696, 2980, 214, 2177, 3572, 391, 1266, 1480, 4725, 1183, 5402, 2754, 5290, 2341, 2481]","[0.19, 0.92, 0.83, 0.16, 0.89, 0.92, 0.75, 0.75, 0.15, 0.22, 1.0, 0.72, 0.28, 0.91, 0.66, 0.76, 0.13, 1.0, 0.74, 0.62, 1.0, 0.84, 0.17, 0.77, 0.87, 0.82, 0.87, 0.95, 0.29, 0.0, 0.89, 0.2, 0.74, 0.24, 0.25, 0.11, 0.9, 0.75, 0.22, 0.83, 0.87, 0.9, 0.89, 0.95, 0.63, 0.79, 0.92, 0.22, 0.75, 0.25, 0.22, 0.31, 0.0, 0.84, 0.07, 0.7, 0.25, 0.96, 0.1, 0.22, 0.35, 0.26, 0.83, 0.22, 0.62, 0.2, 0.86, 0.76, 0.81, 0.25, 0.83, 0.22, 0.0, 0.3, 1.0]"
159,233811,0.442,0.306,155,2025-02-23 07:22:05.787128,"['32214', '32223', '32227', '32229', '32230', '32232', '32257', '32271', '32272', '32274', '32276', '32277', '32279', '32284', '32285']","[2338, 1569, 1585, 4927, 5915, 3128, 5326, 4554, 2011, 5114, 1964, 3349, 5624, 4804, 2879, 2260, 1204, 525, 1596, 2762, 1497, 1178, 5192, 690, 4438, 3484, 5297, 5884, 2273, 4156, 308, 3898, 5385, 5562, 1020, 4765]","[0.75, 0.22, 0.67, 0.7, 0.16, 0.13, 0.13, 0.14, 0.69, 1.0, 0.23, 0.27, 0.72, 0.0, 0.06, 0.0, 0.75, 0.08, 0.0, 0.57, 0.05, 0.63, 0.85, 0.67, 0.08, 0.18, 0.09, 0.34, 0.83, 0.86, 0.18, 0.9, 0.05, 0.94, 0.56, 0.87, 0.6, 0.22, 0.67, 0.19, 0.29, 0.21, 0.25, 0.0, 0.78, 0.35, 0.33, 0.9, 0.04, 0.73, 0.86, 0.34, 0.37, 0.61, 0.49, 0.29, 0.81, 0.0, 0.0, 0.67, 0.83, 0.87, 0.0, 1.0, 0.7, 0.33, 0.23, 0.24, 0.57, 0.41, 0.0, 1.0, 0.6, 0.73, 0.22]"
160,320889,0.229,0.111,160,2025-02-23 07:22:06.057452,"['32221', '32224', '32228', '32239', '32240', '32243', '32246', '32248', '32251', '32262', '32263', '32266', '32278', '32283', '32286']","[1164, 734, 182, 4459, 3063, 3255, 2072, 2668, 391, 1117, 1268, 206, 5486, 806, 4500, 5256, 2980, 4725, 2246, 1196, 1750, 5301, 4396, 5801, 3675, 668, 3376, 5157, 440, 68, 3829, 5402, 5696, 5742, 2986, 5459]","[0.19, 0.91, 0.8, 0.18, 0.91, 0.91, 0.38, 1.0, 0.14, 0.23, 1.0, 0.73, 0.27, 0.92, 1.0, 0.73, 0.13, 0.78, 0.74, 0.63, 0.64, 0.83, 0.18, 0.77, 0.83, 1.0, 1.0, 0.95, 0.27, 0.0, 0.9, 0.2, 1.0, 0.25, 0.25, 0.1, 0.91, 0.75, 0.22, 0.79, 0.89, 0.89, 0.9, 0.95, 0.67, 0.79, 0.92, 0.2, 1.0, 1.0, 0.22, 0.34, 0.0, 0.83, 0.08, 0.71, 0.24, 0.97, 0.08, 0.22, 0.33, 0.25, 0.83, 0.23, 0.83, 0.21, 0.89, 0.77, 0.82, 0.25, 0.81, 0.25, 0.5, 0.28, 0.75]"
161,682917,0.301,0.417,160,2025-02-23 07:22:06.179404,"['32218', '32222', '32225', '32226', '32230', '32239', '32244', '32256', '32265', '32269', '32274', '32280', '32281', '32284', '32287']","[4226, 3052, 5760, 2586, 4003, 930, 3326, 4319, 5385, 3158, 2547, 4119, 4846, 3720, 4033, 557, 5655, 2910, 2378, 4954, 5195, 4120, 5555, 2338, 4953, 3998, 814, 3703, 5098, 5918, 4988, 5899, 1331, 2316, 2609, 1868]","[0.63, 0.42, 0.69, 0.66, 0.25, 0.29, 0.18, 0.24, 1.0, 0.48, 0.36, 0.25, 0.75, 0.66, 0.19, 0.59, 1.0, 0.27, 0.66, 0.63, 0.17, 0.78, 0.68, 0.73, 0.21, 0.75, 0.2, 0.61, 0.76, 0.84, 0.25, 0.76, 0.2, 0.8, 0.61, 0.64, 0.67, 0.32, 0.48, 0.39, 0.52, 0.45, 0.75, 0.58, 0.82, 0.59, 0.56, 0.64, 0.15, 0.64, 0.71, 0.75, 0.55, 0.68, 0.21, 0.75, 0.73, 0.55, 0.22, 0.35, 0.83, 0.82, 0.32, 0.33, 0.74, 0.47, 0.67, 0.25, 0.65, 0.43, 0.75, 0.48, 0.59, 0.75, 0.36]"
162,1115038,0.295,0.139,160,2025-02-23 07:22:06.297356,"['32215', '32219', '32223', '32224', '32225', '32238', '32239', '32244', '32245', '32246', '32256', '32261', '32266', '32276', '32280']","[3052, 5541, 2761, 4322, 3500, 2943, 576, 1822, 1176, 4455, 2050, 4600, 2664, 5195, 1666, 4622, 3706, 5758, 3285, 4412, 786, 1531, 1612, 4757, 5238, 1932, 4942, 2640, 712, 114, 4003, 5692, 506, 2058, 4539, 3029]","[0.48, 0.25, 0.73, 0.5, 0.78, 0.75, 0.28, 0.41, 0.37, 0.0, 0.0, 1.0, 0.39, 0.84, 0.5, 0.72, 0.24, 0.61, 0.75, 0.68, 0.47, 0.87, 0.35, 0.77, 1.0, 0.25, 0.49, 0.85, 0.57, 0.69, 0.25, 0.25, 0.75, 0.53, 0.64, 0.26, 0.81, 0.5, 0.31, 0.66, 0.77, 0.75, 0.75, 0.85, 0.82, 0.78, 0.81, 0.0, 0.49, 0.53, 0.41, 0.6, 1.0, 0.76, 0.07, 0.72, 0.55, 0.88, 0.08, 0.16, 0.43, 0.58, 0.67, 0.22, 0.72, 0.29, 0.67, 0.57, 0.76, 0.43, 0.69, 0.33, 0.52, 0.44, 0.59]"
163,730281,0.378,0.167,160,2025-02-23 07:22:06.414255,"['32215', '32218', '32219', '32230', '32239', '32240', '32244', '32252', '32253', '32254', '32256', '32266', '32269', '32274', '32284']","[2586, 4319, 5918, 3998, 4119, 4226, 5385, 3052, 2910, 5195, 2547, 3703, 5655, 5760, 3383, 1769, 2106, 252, 4641, 1868, 277, 4033, 4600, 2482, 2744, 4953, 2656, 4003, 539, 1770, 1596, 1007, 374, 3326, 4988, 1533]","[0.61, 0.0, 0.69, 0.64, 1.0, 0.0, 0.17, 0.23, 0.57, 0.51, 0.34, 0.4, 0.58, 0.66, 0.16, 0.58, 1.0, 0.25, 0.64, 0.62, 0.16, 0.76, 0.69, 0.72, 0.2, 1.0, 0.0, 0.61, 0.76, 0.84, 0.0, 0.78, 0.18, 0.81, 0.59, 0.67, 0.67, 0.31, 0.0, 0.0, 0.75, 0.44, 0.0, 0.58, 0.81, 0.56, 0.55, 0.67, 0.13, 0.65, 0.73, 0.5, 1.0, 0.68, 0.24, 0.0, 0.72, 0.55, 0.25, 0.39, 0.17, 0.82, 0.32, 0.35, 0.73, 0.48, 0.46, 0.34, 0.65, 0.44, 1.0, 0.49, 0.59, 0.63, 0.36]"
164,1374716,0.402,0.111,160,2025-02-23 07:22:06.529319,"['32223', '32225', '32226', '32239', '32244', '32248', '32249', '32261', '32269', '32270', '32276', '32281', '32283', '32287', '32288']","[539, 3052, 3703, 5195, 4723, 506, 2840, 4003, 5614, 4600, 3720, 4033, 5465, 882, 1331, 835, 3094, 557, 5658, 5760, 3951, 117, 449, 253, 2948, 5888, 2050, 2378, 5782, 712, 1706, 3266, 4701, 5675, 3053, 2943]","[0.35, 0.65, 0.76, 0.35, 0.58, 0.6, 0.22, 0.33, 0.34, 0.0, 0.38, 0.25, 0.75, 0.77, 0.23, 0.58, 0.45, 0.37, 0.62, 0.57, 0.23, 0.7, 0.53, 0.71, 0.42, 0.25, 0.49, 0.79, 0.54, 0.63, 1.0, 0.63, 0.3, 0.63, 0.75, 0.0, 0.8, 0.37, 0.4, 0.47, 0.66, 0.61, 0.66, 0.75, 0.68, 0.55, 0.71, 1.0, 0.18, 0.6, 0.59, 0.29, 0.33, 0.75, 0.28, 0.0, 0.0, 0.77, 0.29, 0.49, 0.41, 0.6, 0.83, 0.38, 0.64, 0.41, 0.63, 0.5, 0.71, 1.0, 0.62, 0.42, 0.54, 1.0, 0.0]"
165,1499006,0.398,0.194,165,2025-02-23 07:22:06.768974,"['32214', '32215', '32219', '32225', '32230', '32236', '32239', '32244', '32248', '32253', '32254', '32256', '32261', '32273', '32279']","[3052, 2586, 277, 4319, 3383, 2338, 3885, 4226, 5760, 4119, 5385, 2609, 930, 2547, 3720, 4861, 2910, 525, 882, 1596, 2879, 1929, 3998, 4338, 2744, 3703, 5918, 1769, 4780, 5326, 5285, 5195, 2482, 5315, 3139, 4663]","[1.0, 0.0, 0.72, 0.62, 0.37, 0.0, 0.16, 0.22, 0.56, 0.55, 0.33, 0.0, 0.59, 0.63, 0.14, 0.6, 0.25, 0.22, 0.64, 0.6, 0.15, 0.74, 0.0, 0.71, 0.2, 0.25, 0.2, 0.58, 0.74, 0.82, 1.0, 0.8, 0.16, 0.82, 0.0, 0.69, 0.69, 0.31, 0.52, 0.25, 0.0, 0.38, 0.25, 0.58, 0.81, 0.55, 0.54, 1.0, 0.12, 0.64, 0.73, 0.44, 0.5, 0.69, 0.26, 0.42, 0.71, 0.5, 0.28, 0.25, 0.49, 0.8, 0.29, 0.37, 0.74, 1.0, 0.39, 0.36, 0.65, 0.4, 0.52, 0.48, 0.6, 0.65, 0.37]"
166,207217,0.381,0.0,165,2025-02-23 07:22:06.891364,"['32219', '32225', '32242', '32245', '32246', '32247', '32248', '32261', '32264', '32269', '32270', '32276', '32283', '32286', '32287']","[3052, 506, 5195, 2664, 3500, 637, 2943, 216, 835, 4033, 539, 4322, 4600, 2050, 117, 5541, 576, 5654, 3592, 823, 4003, 2112, 712, 4412, 1077, 2620, 2840, 2379, 4757, 2612, 2505, 3285, 1359, 4701, 1612, 5238]","[0.4, 0.65, 0.77, 0.4, 0.68, 1.0, 0.25, 0.35, 0.34, 0.38, 0.44, 1.0, 0.45, 0.81, 0.35, 0.68, 0.29, 0.48, 0.7, 0.62, 0.35, 0.81, 0.44, 0.74, 0.51, 0.57, 0.51, 0.82, 1.0, 0.63, 0.66, 0.0, 0.0, 1.0, 0.0, 0.37, 0.82, 0.43, 0.37, 0.57, 0.69, 0.67, 0.68, 0.83, 0.76, 0.68, 0.77, 1.0, 0.33, 0.54, 0.0, 0.42, 0.5, 0.77, 0.15, 1.0, 1.0, 0.82, 0.15, 0.31, 0.42, 0.57, 0.83, 0.29, 0.69, 0.36, 0.64, 0.56, 0.75, 0.25, 0.68, 0.35, 0.5, 0.25, 0.55]"
167,770978,0.336,0.5,165,2025-02-23 07:22:07.004103,"['32217', '32225', '32232', '32235', '32244', '32248', '32252', '32257', '32260', '32272', '32277', '32279', '32283', '32284', '32285']","[905, 2744, 5385, 1071, 1020, 5884, 5915, 882, 2338, 2011, 2499, 3484, 846, 4554, 3383, 2839, 1007, 4643, 1760, 122, 3035, 1204, 1178, 1596, 5237, 4438, 1502, 1964, 4927, 5730, 3898, 4138, 3703, 915, 2707, 3128]","[0.38, 0.34, 0.75, 0.25, 0.23, 0.3, 0.13, 0.19, 0.44, 0.76, 0.22, 0.0, 0.63, 0.54, 0.05, 0.44, 0.74, 0.12, 0.75, 0.46, 0.06, 0.25, 0.77, 0.63, 0.18, 0.3, 0.29, 0.58, 0.64, 0.69, 0.0, 0.87, 0.07, 0.84, 0.0, 0.83, 0.67, 0.22, 0.75, 0.23, 0.38, 0.27, 0.37, 0.25, 0.6, 0.31, 0.25, 0.91, 0.04, 0.69, 0.8, 0.13, 0.16, 0.71, 0.62, 0.16, 0.56, 0.42, 1.0, 0.82, 0.44, 0.74, 0.23, 0.83, 0.61, 0.67, 0.32, 0.36, 0.6, 0.75, 0.75, 0.25, 0.63, 0.66, 0.28]"
168,111668,0.265,0.306,165,2025-02-23 07:22:07.122126,"['32215', '32218', '32222', '32225', '32226', '32248', '32249', '32253', '32254', '32261', '32265', '32269', '32274', '32280', '32288']","[4226, 3052, 3720, 4953, 4003, 3326, 4119, 5760, 5195, 2316, 4846, 1822, 3158, 930, 4954, 4600, 4033, 2586, 5555, 3694, 4062, 4455, 4319, 2948, 814, 2547, 1359, 2776, 1553, 3900, 2378, 506, 5385, 5918, 5567, 3139]","[0.65, 0.0, 0.72, 0.7, 0.75, 0.29, 0.19, 0.24, 1.0, 0.42, 0.4, 0.25, 0.75, 0.69, 0.23, 0.68, 0.42, 0.32, 0.71, 0.67, 0.24, 0.83, 0.61, 0.74, 0.25, 0.36, 0.2, 0.61, 0.75, 0.84, 0.42, 0.73, 0.26, 0.78, 0.75, 1.0, 0.71, 0.37, 0.48, 0.75, 0.75, 0.48, 0.5, 0.66, 0.86, 0.67, 0.62, 0.75, 0.22, 0.6, 0.66, 0.75, 0.67, 0.69, 0.14, 0.75, 0.75, 0.58, 0.15, 0.27, 0.83, 0.8, 0.35, 0.27, 0.78, 0.44, 0.67, 0.39, 0.68, 0.35, 0.56, 0.44, 0.58, 0.62, 0.5]"
169,994808,0.401,0.25,165,2025-02-23 07:22:07.244178,"['32222', '32223', '32225', '32230', '32244', '32252', '32254', '32260', '32266', '32269', '32271', '32274', '32279', '32284', '32285']","[2586, 5760, 4319, 2910, 5385, 4119, 2547, 3158, 374, 5918, 3052, 3383, 1868, 4338, 4663, 3720, 4226, 4780, 5323, 2482, 3998, 4988, 930, 277, 1533, 3755, 3266, 4554, 4954, 715, 1770, 3139, 5771, 2776, 557, 4846]","[0.64, 0.32, 0.71, 0.68, 0.36, 0.23, 0.16, 0.21, 1.0, 0.0, 0.33, 0.0, 0.6, 0.62, 0.14, 0.62, 1.0, 0.22, 0.65, 0.62, 0.15, 0.77, 0.7, 0.71, 0.18, 0.3, 0.17, 0.55, 0.77, 0.84, 0.0, 0.81, 0.16, 0.84, 0.59, 0.7, 0.67, 0.31, 1.0, 0.34, 0.0, 0.37, 0.42, 0.56, 0.83, 0.57, 1.0, 0.74, 0.12, 0.64, 0.74, 0.5, 1.0, 0.67, 0.23, 0.0, 0.75, 0.75, 0.26, 0.41, 0.17, 0.83, 0.27, 0.35, 0.76, 0.5, 0.38, 0.34, 0.64, 0.37, 0.5, 0.5, 0.6, 0.66, 0.36]"
170,34474,0.304,0.556,170,2025-02-23 07:22:07.500708,"['32223', '32241', '32249', '32252', '32256', '32257', '32259', '32260', '32264', '32265', '32269', '32274', '32281', '32284', '32285']","[2547, 4319, 2609, 1770, 2910, 930, 1868, 5385, 2338, 4988, 1533, 3244, 5326, 4226, 4312, 3998, 3089, 1012, 4780, 5521, 914, 5771, 1769, 2586, 5323, 1204, 4119, 5673, 5915, 715, 525, 1297, 5753, 4641, 2482, 2762]","[0.77, 0.27, 0.69, 0.79, 0.27, 0.14, 0.14, 0.18, 0.67, 0.75, 0.32, 0.32, 0.69, 0.58, 0.11, 0.6, 0.65, 0.18, 0.65, 0.66, 0.13, 0.78, 0.78, 0.71, 0.11, 0.22, 0.09, 0.75, 0.85, 0.89, 0.23, 0.84, 0.13, 0.89, 0.67, 1.0, 0.6, 0.26, 1.0, 0.28, 0.39, 0.34, 0.0, 0.0, 0.86, 0.75, 0.25, 0.75, 0.1, 0.69, 1.0, 1.0, 0.61, 0.6, 0.24, 1.0, 0.84, 0.34, 0.27, 0.37, 0.83, 0.87, 0.23, 0.33, 0.78, 0.58, 0.31, 0.25, 0.6, 0.35, 0.75, 0.75, 0.61, 0.72, 0.27]"
171,1437189,0.335,0.194,170,2025-02-23 07:22:07.615536,"['32221', '32224', '32228', '32243', '32246', '32248', '32251', '32263', '32264', '32265', '32266', '32269', '32278', '32283', '32286']","[1164, 2980, 3310, 133, 535, 2253, 4500, 4504, 5402, 3188, 668, 5290, 4459, 3932, 1395, 440, 3063, 2668, 1117, 3273, 1575, 1783, 536, 5445, 4444, 2072, 5313, 1926, 4396, 214, 4807, 2695, 31, 4417, 5747, 2246]","[0.23, 0.89, 0.78, 0.24, 0.88, 0.88, 0.37, 1.0, 0.18, 0.2, 1.0, 0.7, 0.3, 0.93, 1.0, 0.77, 0.14, 0.76, 0.75, 0.66, 0.65, 0.87, 0.18, 0.77, 0.82, 0.8, 0.79, 0.93, 0.33, 0.0, 0.87, 0.23, 1.0, 0.29, 0.0, 0.12, 0.9, 0.0, 0.22, 0.79, 0.87, 0.88, 0.88, 0.95, 0.75, 0.77, 0.92, 0.22, 0.68, 0.0, 0.0, 0.0, 1.0, 0.82, 0.06, 1.0, 0.31, 0.96, 0.07, 0.16, 0.35, 0.27, 0.79, 0.21, 1.0, 0.22, 0.86, 0.75, 0.81, 0.5, 0.81, 0.24, 0.5, 0.32, 0.72]"
172,355057,0.384,0.222,170,2025-02-23 07:22:07.733577,"['32221', '32224', '32234', '32243', '32246', '32248', '32251', '32263', '32264', '32265', '32266', '32269', '32278', '32283', '32286']","[3063, 4396, 2715, 734, 1164, 391, 2072, 3406, 3255, 3593, 2270, 1268, 5541, 2668, 1316, 3376, 5256, 5402, 3474, 4547, 5535, 1787, 4459, 216, 5045, 3263, 4371, 3084, 2420, 2172, 148, 2640, 2753, 206, 4000, 3310]","[0.2, 0.86, 0.79, 0.2, 0.83, 0.85, 0.32, 1.0, 0.18, 0.29, 1.0, 0.66, 0.34, 0.91, 0.52, 0.71, 0.21, 0.66, 0.69, 0.6, 0.0, 0.81, 0.25, 0.74, 0.77, 0.76, 0.77, 0.91, 0.33, 0.0, 0.83, 0.31, 1.0, 0.35, 1.0, 0.18, 0.89, 1.0, 0.26, 0.72, 0.84, 0.83, 0.83, 0.92, 0.68, 0.67, 0.89, 0.35, 0.52, 0.25, 0.0, 0.0, 0.0, 0.82, 0.12, 1.0, 0.29, 0.93, 0.15, 0.29, 0.35, 0.29, 0.74, 0.28, 0.33, 0.27, 0.83, 0.74, 0.79, 0.25, 0.79, 0.28, 0.5, 0.35, 0.67]"
173,458000,0.244,0.306,170,2025-02-23 07:22:07.851216,"['32214', '32228', '32240', '32246', '32247', '32251', '32263', '32264', '32265', '32269', '32270', '32274', '32275', '32286', '32287']","[2664, 1316, 5065, 342, 981, 2843, 4184, 4322, 2498, 4412, 5594, 4757, 1538, 2281, 5003, 5460, 1098, 2112, 2756, 1932, 4547, 114, 3500, 3084, 3406, 5692, 5647, 1919, 145, 3706, 5402, 2494, 3474, 49, 5238, 863]","[1.0, 0.78, 0.74, 0.54, 0.83, 0.7, 0.33, 0.45, 0.34, 0.19, 0.59, 0.63, 0.37, 0.9, 0.75, 0.8, 0.16, 0.71, 0.8, 0.74, 0.64, 0.91, 0.26, 0.79, 0.67, 0.67, 1.0, 0.87, 0.54, 0.64, 0.77, 0.31, 1.0, 0.25, 0.69, 0.17, 0.84, 0.75, 0.27, 0.75, 0.82, 0.83, 0.83, 0.91, 0.86, 0.83, 0.88, 0.2, 0.67, 0.25, 0.0, 0.75, 0.78, 0.76, 0.04, 1.0, 1.0, 0.91, 0.05, 0.08, 0.67, 0.83, 0.7, 0.15, 0.74, 0.24, 0.77, 0.62, 0.78, 0.4, 0.75, 0.27, 0.5, 0.25, 0.65]"
174,789434,0.343,0.444,170,2025-02-23 07:22:07.965899,"['32214', '32217', '32222', '32223', '32226', '32230', '32236', '32244', '32249', '32252', '32254', '32256', '32269', '32273', '32281']","[3703, 882, 4226, 4723, 5195, 2744, 3052, 2338, 5385, 277, 2586, 4319, 2499, 557, 539, 3035, 5760, 5237, 2547, 4119, 5658, 823, 5782, 4003, 3885, 637, 4701, 4033, 2612, 3383, 3326, 2879, 838, 4861, 3484, 2096]","[1.0, 0.47, 0.74, 0.25, 0.38, 0.39, 0.16, 0.25, 0.0, 1.0, 0.31, 0.4, 1.0, 0.68, 0.13, 0.54, 0.75, 0.23, 0.57, 0.56, 0.14, 0.67, 1.0, 0.68, 0.26, 0.37, 0.29, 0.65, 0.67, 0.7, 0.75, 0.77, 0.18, 0.79, 0.46, 0.75, 0.74, 0.29, 0.25, 0.34, 0.75, 0.45, 0.0, 0.61, 0.72, 0.42, 0.56, 0.77, 0.1, 0.64, 0.69, 0.29, 0.32, 0.7, 0.36, 0.75, 0.61, 0.56, 0.41, 0.75, 0.45, 0.69, 0.35, 0.44, 0.64, 0.54, 0.48, 0.5, 0.66, 0.45, 0.57, 0.48, 0.57, 0.61, 0.35]"
175,460036,0.324,0.5,175,2025-02-23 07:22:08.209127,"['32215', '32218', '32223', '32226', '32230', '32249', '32252', '32254', '32255', '32256', '32259', '32265', '32269', '32271', '32284']","[4319, 2547, 930, 4119, 5760, 4226, 2586, 3052, 1770, 3998, 5385, 4988, 2910, 1868, 1533, 2609, 5655, 3720, 5323, 3158, 3089, 3244, 5771, 5673, 374, 4780, 715, 4312, 1769, 2106, 3326, 525, 2338, 914, 1012, 5521]","[0.73, 0.25, 0.67, 0.79, 0.0, 0.19, 0.17, 0.2, 0.65, 0.0, 0.34, 0.35, 1.0, 0.6, 0.14, 0.64, 0.75, 0.2, 0.67, 0.68, 0.16, 0.79, 0.74, 0.72, 0.15, 0.26, 0.13, 0.49, 0.81, 0.88, 0.28, 0.8, 0.17, 0.85, 0.66, 1.0, 0.61, 0.29, 1.0, 0.36, 0.75, 0.25, 0.75, 0.52, 0.87, 0.75, 0.47, 0.72, 0.14, 0.66, 0.71, 1.0, 0.65, 0.63, 0.2, 0.75, 0.82, 0.0, 0.22, 0.32, 0.54, 0.88, 0.26, 0.32, 0.77, 0.5, 0.38, 0.28, 0.67, 0.37, 0.75, 0.51, 0.62, 0.7, 0.36]"
176,836323,0.439,0.25,175,2025-02-23 07:22:08.329642,"['32224', '32231', '32238', '32239', '32240', '32242', '32248', '32249', '32262', '32264', '32266', '32276', '32281', '32287', '32288']","[3255, 5692, 2664, 4322, 342, 216, 2843, 3593, 5460, 3406, 4757, 1098, 2620, 2668, 1164, 4176, 5256, 4412, 5402, 3474, 2640, 1268, 3084, 2943, 3063, 5065, 1316, 2568, 981, 2761, 4184, 5594, 3592, 4710, 5238, 3706]","[0.42, 0.79, 0.74, 0.41, 0.83, 0.77, 0.32, 0.44, 0.3, 0.24, 1.0, 0.64, 0.35, 0.87, 0.55, 0.75, 0.19, 1.0, 0.76, 0.69, 0.55, 0.86, 0.3, 0.77, 0.25, 0.75, 0.75, 0.88, 0.75, 0.57, 0.79, 0.31, 0.65, 0.43, 0.75, 0.0, 0.83, 0.51, 0.27, 0.74, 0.8, 0.81, 0.8, 0.89, 0.79, 0.77, 0.86, 0.3, 1.0, 0.5, 0.0, 0.52, 0.25, 0.78, 0.07, 0.74, 0.47, 0.91, 0.07, 0.16, 0.4, 0.49, 0.67, 0.22, 0.69, 0.26, 0.8, 0.0, 0.79, 0.43, 0.74, 0.3, 0.52, 0.25, 0.75]"
177,72210,0.246,0.444,175,2025-02-23 07:22:08.445846,"['32215', '32229', '32241', '32248', '32249', '32254', '32259', '32268', '32271', '32272', '32273', '32274', '32277', '32284', '32285']","[5915, 5326, 2338, 2011, 905, 1585, 1204, 4554, 5385, 1596, 277, 1020, 3484, 1007, 3128, 3020, 1569, 2839, 2879, 5562, 5114, 1964, 4927, 2586, 3383, 846, 4319, 5730, 4156, 308, 4438, 2762, 2334, 4099, 2707, 2910]","[0.53, 0.25, 0.69, 0.56, 0.2, 0.21, 0.13, 0.16, 0.59, 0.73, 0.23, 0.29, 0.67, 0.52, 0.05, 0.75, 0.78, 0.08, 0.52, 0.52, 0.06, 0.55, 0.83, 0.63, 0.13, 0.21, 0.16, 0.25, 0.76, 0.8, 0.22, 0.88, 0.07, 0.88, 0.25, 1.0, 0.62, 0.2, 0.61, 0.22, 0.0, 0.23, 0.31, 0.42, 0.7, 0.75, 0.37, 0.9, 0.04, 0.72, 0.79, 0.24, 0.28, 0.65, 0.75, 0.21, 0.72, 0.25, 0.75, 0.75, 0.17, 0.85, 0.22, 0.83, 0.66, 0.63, 0.32, 0.26, 0.61, 0.46, 0.25, 0.75, 0.64, 0.72, 0.28]"
178,1552978,0.334,0.222,175,2025-02-23 07:22:08.559901,"['32217', '32219', '32225', '32236', '32238', '32239', '32245', '32249', '32264', '32266', '32270', '32276', '32281', '32287', '32288']","[3052, 4033, 712, 4003, 506, 2050, 3703, 539, 5195, 3720, 5760, 1553, 1359, 449, 1176, 3285, 5758, 2840, 1331, 835, 2943, 4322, 4723, 5614, 2612, 5888, 4954, 4622, 2378, 4825, 557, 2761, 2847, 480, 2664, 2948]","[0.46, 0.62, 0.72, 0.25, 0.61, 0.75, 0.24, 0.32, 0.4, 0.41, 0.41, 0.0, 0.47, 0.77, 0.28, 0.66, 0.4, 0.38, 0.68, 0.63, 0.29, 0.76, 0.25, 0.72, 0.25, 0.25, 0.42, 0.76, 0.59, 0.66, 0.59, 1.0, 0.36, 0.64, 0.53, 0.25, 0.77, 0.38, 0.39, 0.54, 0.64, 0.61, 0.63, 0.76, 0.76, 0.61, 0.71, 0.57, 0.28, 0.58, 0.75, 0.41, 0.75, 0.74, 0.19, 0.54, 0.75, 0.77, 0.2, 0.34, 0.44, 0.65, 0.83, 0.33, 0.68, 0.39, 0.64, 0.75, 0.73, 0.44, 0.64, 0.4, 0.57, 0.5, 0.75]"
179,1287724,0.207,0.278,175,2025-02-23 07:22:08.686716,"['32221', '32224', '32228', '32234', '32243', '32245', '32246', '32248', '32249', '32251', '32261', '32263', '32266', '32283', '32286']","[2072, 3255, 3063, 1164, 734, 4459, 4725, 2668, 182, 1117, 391, 4500, 2980, 4396, 68, 5256, 206, 668, 1750, 5157, 1268, 3310, 3829, 5301, 1480, 5742, 841, 5522, 2177, 756, 4807, 806, 2246, 2346, 4160, 295]","[0.23, 0.89, 0.78, 0.18, 0.89, 0.91, 0.38, 0.75, 0.17, 0.24, 0.75, 0.71, 0.28, 0.91, 1.0, 0.74, 0.15, 0.73, 0.75, 0.64, 1.0, 0.83, 0.2, 0.76, 0.84, 0.79, 0.82, 0.94, 0.3, 0.25, 0.89, 0.25, 1.0, 0.27, 0.25, 0.0, 0.89, 1.0, 0.21, 0.8, 0.87, 0.88, 0.87, 0.94, 0.67, 0.75, 0.91, 0.25, 0.64, 1.0, 0.23, 0.33, 0.0, 0.83, 0.07, 0.71, 0.27, 0.96, 0.08, 0.2, 0.34, 0.29, 0.81, 0.25, 0.61, 0.22, 0.88, 0.75, 0.82, 0.0, 0.81, 0.25, 0.25, 0.33, 0.72]"
180,1414830,0.328,0.333,180,2025-02-23 07:22:08.919123,"['32221', '32224', '32242', '32243', '32247', '32248', '32251', '32253', '32263', '32264', '32265', '32270', '32275', '32283', '32286']","[1164, 2668, 214, 5402, 3932, 3406, 3255, 1293, 5692, 2498, 3330, 4547, 2048, 3450, 598, 5459, 4396, 342, 5256, 295, 4000, 4444, 3273, 2640, 1893, 1382, 4176, 5460, 67, 2339, 1316, 1242, 668, 2943, 2019, 5065]","[0.37, 0.83, 0.74, 0.38, 0.88, 0.79, 0.35, 1.0, 0.26, 0.21, 1.0, 0.7, 0.3, 0.9, 0.69, 0.79, 0.13, 0.74, 0.77, 0.71, 0.65, 0.91, 0.22, 0.79, 0.77, 0.75, 0.7, 0.9, 0.0, 1.0, 0.83, 0.25, 0.75, 0.0, 1.0, 0.13, 0.83, 0.0, 0.25, 1.0, 0.82, 0.87, 0.84, 0.91, 0.81, 0.83, 0.88, 0.19, 0.69, 0.0, 0.0, 1.0, 0.71, 0.79, 0.05, 0.79, 0.0, 0.94, 0.06, 0.12, 0.4, 0.33, 0.76, 0.17, 0.67, 0.23, 0.82, 0.74, 0.82, 0.0, 0.77, 0.25, 0.75, 0.35, 0.69]"
181,819564,0.193,0.278,180,2025-02-23 07:22:09.037704,"['32221', '32224', '32234', '32243', '32248', '32251', '32253', '32263', '32264', '32265', '32266', '32275', '32278', '32283', '32286']","[1164, 2980, 4459, 2695, 2072, 806, 3063, 3310, 4807, 3255, 4651, 440, 1183, 391, 756, 3829, 5256, 2355, 2246, 734, 1856, 1395, 4500, 3572, 1575, 2754, 4396, 2010, 2446, 1266, 5696, 2668, 4965, 2975, 2253, 1480]","[0.2, 0.89, 0.78, 0.18, 0.91, 0.9, 0.38, 1.0, 0.16, 0.24, 0.75, 0.74, 0.26, 0.92, 0.69, 0.76, 0.12, 0.76, 0.74, 0.65, 1.0, 0.86, 0.17, 0.78, 0.86, 0.84, 0.85, 0.94, 0.27, 0.0, 0.89, 0.18, 0.77, 0.28, 0.25, 0.1, 0.87, 0.75, 0.22, 1.0, 0.86, 0.9, 0.88, 0.94, 0.69, 0.78, 0.91, 0.21, 0.68, 0.25, 0.0, 0.0, 0.75, 0.83, 0.08, 0.73, 0.27, 0.96, 0.1, 0.2, 0.35, 0.0, 0.83, 0.21, 0.83, 0.21, 0.87, 0.8, 0.83, 0.25, 0.83, 0.24, 0.25, 0.28, 0.74]"
182,255518,0.19,0.139,180,2025-02-23 07:22:09.160312,"['32221', '32224', '32243', '32248', '32251', '32253', '32263', '32264', '32265', '32266', '32270', '32274', '32275', '32283', '32286']","[1164, 5402, 1316, 3310, 3063, 5256, 214, 4396, 1117, 4547, 2044, 2072, 3406, 3255, 2367, 342, 3786, 3084, 5027, 3273, 5692, 295, 3376, 3330, 756, 4184, 3029, 3474, 3932, 2640, 2019, 668, 5127, 5065, 1942, 2668]","[0.33, 0.86, 0.75, 0.33, 0.9, 0.83, 0.37, 0.75, 0.23, 0.19, 1.0, 0.72, 0.28, 0.91, 0.72, 0.8, 0.11, 0.77, 0.78, 0.71, 0.69, 0.91, 0.19, 0.8, 0.81, 0.79, 0.75, 0.91, 0.38, 0.25, 0.86, 0.21, 0.78, 0.33, 0.75, 0.11, 0.85, 1.0, 0.23, 1.0, 0.84, 0.89, 0.86, 0.93, 0.8, 0.84, 0.9, 0.17, 0.73, 0.25, 0.0, 0.75, 1.0, 0.81, 0.04, 0.81, 0.25, 0.95, 0.06, 0.11, 0.33, 0.0, 0.79, 0.16, 0.66, 0.21, 0.85, 0.77, 0.83, 0.25, 0.79, 0.24, 0.5, 0.32, 0.72]"
183,1444925,0.252,0.222,180,2025-02-23 07:22:09.283599,"['32214', '32217', '32221', '32234', '32242', '32246', '32247', '32251', '32253', '32263', '32264', '32265', '32270', '32275', '32286']","[342, 3474, 4184, 295, 5256, 1164, 5460, 3255, 1538, 4257, 1316, 3376, 981, 3310, 3084, 1196, 2367, 1611, 668, 2843, 5065, 3248, 2761, 114, 3063, 4396, 4757, 2498, 2668, 2044, 2664, 1787, 1932, 4725, 5402, 5708]","[0.0, 0.83, 0.74, 0.0, 0.88, 0.79, 0.34, 1.0, 0.27, 0.21, 0.61, 0.69, 0.31, 0.9, 0.68, 0.79, 0.13, 0.74, 0.77, 0.71, 1.0, 0.91, 0.22, 0.79, 0.76, 0.75, 0.7, 0.9, 0.75, 0.56, 0.83, 0.25, 1.0, 0.0, 0.62, 0.13, 0.83, 0.75, 0.25, 1.0, 0.82, 0.87, 0.84, 0.91, 0.81, 0.83, 0.88, 0.19, 0.69, 1.0, 0.0, 1.0, 0.71, 0.79, 0.05, 0.79, 1.0, 0.94, 0.06, 0.12, 0.4, 0.5, 0.75, 0.17, 0.67, 0.24, 0.82, 0.73, 0.82, 0.43, 0.77, 0.25, 0.5, 0.36, 0.69]"
184,877207,0.238,0.139,180,2025-02-23 07:22:09.402949,"['32221', '32224', '32234', '32243', '32248', '32251', '32253', '32263', '32264', '32265', '32266', '32275', '32278', '32283', '32286']","[1164, 3063, 2072, 3255, 4396, 3829, 148, 1480, 3572, 4725, 1067, 5157, 2010, 734, 2715, 2668, 5459, 5657, 4459, 5609, 2980, 4500, 391, 206, 756, 5402, 2481, 4696, 1783, 2253, 5256, 3786, 68, 535, 4651, 2172]","[0.19, 0.89, 0.78, 0.17, 0.9, 0.89, 0.38, 1.0, 0.15, 0.26, 1.0, 0.74, 0.27, 0.92, 0.67, 0.75, 0.13, 0.74, 0.73, 0.64, 1.0, 0.85, 0.18, 0.78, 0.86, 0.83, 0.85, 0.94, 0.27, 0.25, 0.88, 0.2, 0.76, 0.3, 1.0, 0.11, 0.87, 1.0, 0.23, 1.0, 0.85, 0.89, 0.88, 0.94, 0.68, 0.77, 0.91, 0.23, 0.66, 0.0, 0.0, 0.0, 0.0, 0.83, 0.08, 0.71, 0.26, 0.96, 0.11, 0.22, 0.35, 0.0, 0.82, 0.22, 0.67, 0.22, 0.87, 0.8, 0.83, 0.25, 0.82, 0.24, 0.25, 0.29, 0.73]"
185,997518,0.281,0.139,185,2025-02-23 07:22:09.645218,"['32221', '32224', '32226', '32228', '32234', '32243', '32248', '32251', '32262', '32263', '32264', '32266', '32270', '32283', '32286']","[1164, 2072, 3255, 3063, 1268, 734, 2715, 4725, 4396, 5609, 5402, 391, 4459, 2420, 5256, 148, 3406, 1480, 3572, 2172, 1787, 1067, 5157, 5459, 3829, 2010, 2270, 4500, 4696, 2253, 2668, 3474, 535, 216, 2980, 5657]","[0.2, 0.87, 0.8, 0.18, 0.87, 0.88, 0.35, 1.0, 0.15, 0.26, 0.75, 0.7, 0.0, 0.9, 0.75, 0.7, 0.17, 0.72, 0.73, 0.62, 0.25, 0.82, 0.23, 0.75, 0.8, 0.81, 0.83, 0.94, 0.3, 0.25, 0.87, 0.27, 0.69, 0.29, 0.75, 0.15, 0.88, 1.0, 0.24, 0.77, 0.85, 0.87, 0.87, 0.92, 0.66, 0.72, 0.89, 0.29, 0.75, 0.0, 0.0, 0.32, 0.0, 0.83, 0.1, 0.68, 0.0, 0.95, 0.1, 0.24, 0.33, 0.3, 0.8, 0.24, 0.62, 0.25, 0.83, 0.73, 0.82, 0.5, 0.79, 0.24, 0.25, 0.32, 0.72]"
186,814576,0.245,0.111,185,2025-02-23 07:22:09.763605,"['32221', '32224', '32226', '32231', '32236', '32243', '32247', '32248', '32251', '32263', '32265', '32275', '32283', '32286', '32287']","[214, 1164, 5256, 1293, 4396, 1316, 3063, 5402, 668, 3273, 3084, 4547, 2668, 3932, 3376, 3255, 598, 4444, 1942, 1117, 3330, 2640, 2072, 5692, 1893, 342, 3310, 2019, 2980, 535, 1787, 2044, 3124, 2253, 3450, 3593]","[0.31, 0.86, 0.78, 0.31, 0.89, 0.84, 0.36, 0.75, 0.21, 0.19, 1.0, 0.7, 0.25, 0.9, 0.7, 0.76, 0.14, 1.0, 0.79, 0.69, 0.67, 0.89, 0.0, 0.78, 0.78, 0.79, 0.77, 0.93, 0.38, 0.0, 0.87, 0.25, 0.75, 0.0, 0.75, 0.13, 0.87, 0.25, 0.24, 0.8, 0.85, 0.88, 0.87, 0.93, 0.77, 0.8, 0.89, 0.21, 0.7, 0.25, 0.25, 1.0, 0.63, 0.82, 0.05, 0.8, 0.4, 0.95, 0.05, 0.12, 0.37, 0.0, 0.79, 0.19, 0.68, 0.22, 0.84, 0.72, 0.83, 0.25, 0.79, 0.24, 0.5, 0.5, 0.73]"
187,513454,0.355,0.028,185,2025-02-23 07:22:09.884729,"['32218', '32223', '32225', '32226', '32236', '32238', '32239', '32242', '32244', '32248', '32249', '32253', '32280', '32287', '32288']","[506, 3052, 216, 835, 3703, 391, 2840, 5195, 5541, 539, 2761, 2050, 5614, 4442, 3951, 576, 3406, 117, 712, 386, 2236, 2640, 2378, 5045, 889, 3263, 2943, 1268, 4033, 5465, 2505, 2753, 637, 786, 4322, 5123]","[0.31, 0.73, 0.77, 0.31, 0.75, 0.71, 0.27, 0.39, 0.26, 0.0, 0.44, 0.0, 0.75, 0.83, 0.4, 0.64, 0.3, 0.51, 0.68, 0.6, 0.38, 0.78, 0.0, 0.73, 1.0, 0.25, 0.64, 0.87, 0.0, 0.53, 0.75, 0.48, 0.45, 0.51, 0.25, 0.75, 0.83, 0.43, 0.34, 1.0, 0.73, 0.74, 0.75, 0.84, 0.69, 0.62, 0.78, 0.48, 0.36, 0.53, 0.42, 0.35, 0.42, 0.79, 0.18, 0.55, 0.43, 0.86, 0.18, 0.36, 0.38, 0.48, 0.64, 0.3, 0.66, 0.35, 0.67, 0.6, 0.77, 0.46, 0.71, 0.32, 0.5, 0.25, 0.5]"
188,757296,0.297,0.417,185,2025-02-23 07:22:10.008485,"['32223', '32224', '32226', '32231', '32238', '32239', '32242', '32247', '32248', '32251', '32261', '32262', '32263', '32266', '32286']","[5692, 1098, 2664, 2843, 835, 2761, 4757, 3406, 2943, 1268, 3500, 3706, 4322, 1786, 2640, 5195, 712, 342, 3285, 3310, 1316, 5256, 5541, 4176, 981, 4600, 5264, 1164, 4033, 4412, 5460, 1942, 4184, 4257, 3029, 2281]","[0.42, 0.76, 0.76, 0.43, 0.81, 0.7, 0.31, 0.43, 0.3, 0.0, 0.75, 0.62, 0.75, 0.86, 0.58, 0.73, 0.2, 1.0, 0.77, 0.69, 0.54, 0.88, 0.32, 0.77, 0.75, 0.75, 0.61, 0.88, 0.75, 0.62, 0.78, 0.37, 0.62, 0.75, 0.25, 0.21, 0.83, 0.75, 0.3, 0.72, 0.78, 0.81, 0.79, 0.88, 0.79, 0.76, 0.82, 0.25, 0.75, 0.25, 0.35, 0.58, 0.75, 0.78, 0.07, 0.76, 0.52, 0.89, 0.07, 0.15, 0.4, 0.51, 0.69, 0.21, 0.71, 0.27, 0.75, 0.63, 0.8, 0.4, 0.73, 0.29, 0.25, 0.41, 0.64]"
189,609633,0.445,0.0,185,2025-02-23 07:22:10.122746,"['32215', '32222', '32225', '32226', '32231', '32239', '32244', '32248', '32255', '32261', '32265', '32276', '32280', '32281', '32287']","[3052, 4953, 5760, 3720, 4226, 4846, 1822, 4954, 5567, 2316, 4003, 3266, 4033, 3326, 480, 1359, 5195, 4119, 5555, 2776, 4455, 4062, 3694, 4942, 2058, 4325, 3500, 4600, 2968, 3532, 814, 449, 1176, 2948, 4808, 3900]","[0.68, 0.25, 0.7, 0.72, 0.55, 0.3, 0.22, 0.28, 1.0, 0.35, 0.42, 0.25, 1.0, 0.72, 0.33, 0.67, 0.41, 0.0, 0.75, 0.7, 0.3, 0.87, 0.58, 0.76, 0.3, 0.0, 0.23, 0.66, 0.75, 0.85, 0.25, 0.67, 0.33, 0.76, 1.0, 0.5, 0.72, 0.39, 0.46, 0.5, 0.57, 0.75, 0.53, 0.71, 0.86, 0.69, 0.61, 0.0, 0.32, 0.59, 0.59, 1.0, 0.73, 0.7, 0.11, 0.69, 0.77, 0.61, 0.11, 0.2, 0.49, 0.78, 0.83, 0.26, 0.77, 0.41, 1.0, 0.75, 0.72, 0.33, 0.58, 0.42, 0.57, 0.5, 0.44]"
190,933889,0.273,0.306,190,2025-02-23 07:22:10.366290,"['32217', '32219', '32222', '32229', '32239', '32244', '32248', '32259', '32269', '32271', '32277', '32279', '32280', '32285', '32288']","[4554, 2338, 5385, 882, 905, 3703, 2839, 5237, 1788, 277, 5915, 5562, 2744, 1178, 1596, 174, 2586, 557, 3885, 2499, 4119, 2879, 1071, 1964, 3035, 2740, 5326, 2011, 3484, 5114, 4319, 525, 3383, 1569, 1007, 2408]","[0.45, 0.35, 0.72, 0.0, 0.28, 0.0, 0.15, 0.2, 0.0, 0.67, 0.28, 0.36, 0.65, 0.62, 0.08, 0.75, 0.68, 0.13, 0.54, 0.52, 0.1, 0.58, 0.77, 0.67, 0.19, 0.25, 0.24, 0.59, 0.69, 0.75, 0.75, 0.85, 0.1, 0.81, 1.0, 0.78, 0.69, 0.23, 0.54, 0.28, 0.43, 0.32, 0.43, 0.53, 0.67, 0.0, 0.46, 0.83, 0.07, 0.65, 0.77, 0.24, 0.27, 0.7, 0.49, 0.0, 0.63, 0.25, 0.47, 0.73, 0.47, 0.81, 0.29, 0.67, 0.66, 0.67, 0.0, 0.33, 0.63, 0.48, 0.52, 1.0, 0.61, 0.62, 0.25]"
191,921709,0.264,0.444,190,2025-02-23 07:22:10.484347,"['32224', '32231', '32236', '32238', '32239', '32240', '32242', '32245', '32248', '32249', '32263', '32266', '32270', '32283', '32286']","[539, 5195, 506, 216, 835, 2840, 3052, 117, 3951, 4600, 4723, 5541, 5692, 4322, 2664, 2943, 2050, 2753, 889, 4003, 3094, 4033, 2620, 5614, 3406, 5700, 2761, 1382, 712, 5535, 1268, 2640, 5045, 2612, 3596, 4065]","[0.33, 0.7, 0.76, 0.31, 0.71, 0.69, 0.26, 0.38, 0.31, 0.38, 0.75, 0.57, 0.44, 0.84, 0.38, 0.66, 0.3, 0.25, 0.69, 0.61, 0.37, 0.77, 0.75, 0.73, 0.75, 0.75, 0.75, 0.85, 0.75, 0.57, 0.7, 0.25, 0.45, 0.52, 0.75, 0.0, 0.82, 0.41, 0.34, 0.6, 0.73, 0.69, 0.74, 0.84, 0.71, 0.64, 0.78, 0.47, 0.36, 0.75, 0.44, 0.35, 0.25, 0.79, 0.18, 0.55, 0.25, 0.84, 0.17, 0.37, 0.41, 0.54, 0.61, 0.3, 0.63, 0.34, 0.73, 0.59, 0.75, 0.25, 0.7, 0.35, 0.75, 0.43, 0.59]"
192,1195224,0.404,0.194,190,2025-02-23 07:22:10.602151,"['32215', '32217', '32218', '32222', '32235', '32239', '32248', '32252', '32254', '32257', '32268', '32271', '32272', '32279', '32280']","[5385, 277, 905, 4122, 2011, 2839, 1007, 3383, 882, 2338, 5237, 2334, 3115, 846, 1760, 2740, 3974, 5562, 174, 2009, 1596, 2744, 1020, 5915, 3898, 5371, 4138, 1788, 4029, 4861, 2821, 308, 4927, 1204, 2586, 5884]","[0.39, 0.0, 0.73, 0.0, 0.0, 0.32, 0.14, 0.19, 0.75, 0.73, 0.25, 0.35, 0.67, 0.6, 0.06, 0.42, 0.73, 0.1, 0.5, 0.48, 0.07, 1.0, 0.8, 0.65, 0.18, 0.25, 0.26, 0.58, 0.67, 0.72, 0.29, 0.87, 0.07, 0.82, 0.0, 0.82, 0.7, 0.21, 0.75, 0.24, 0.75, 0.28, 0.41, 0.75, 0.6, 0.32, 0.43, 0.88, 0.04, 0.67, 0.8, 0.17, 0.19, 0.7, 1.0, 0.17, 0.58, 0.0, 1.0, 0.83, 0.46, 0.81, 0.27, 0.56, 0.63, 0.83, 0.67, 0.33, 0.61, 0.51, 0.52, 0.53, 0.62, 0.63, 0.32]"
193,539155,0.291,0.139,190,2025-02-23 07:22:10.719562,"['32224', '32228', '32231', '32234', '32236', '32238', '32239', '32243', '32246', '32249', '32251', '32263', '32275', '32283', '32286']","[5692, 2943, 668, 3063, 4322, 5541, 5700, 3255, 1164, 391, 806, 216, 734, 4459, 5256, 5535, 2668, 2640, 1787, 5195, 1268, 3310, 835, 1316, 3474, 5313, 1293, 3593, 756, 1382, 2072, 4814, 2172, 2761, 3124, 1942]","[0.29, 0.8, 0.77, 0.28, 0.83, 0.8, 0.32, 0.46, 0.25, 0.29, 0.25, 0.65, 0.37, 0.89, 0.25, 0.72, 0.2, 1.0, 0.74, 0.64, 0.75, 0.82, 0.75, 0.75, 1.0, 0.75, 0.72, 0.9, 0.4, 0.75, 0.81, 0.35, 1.0, 0.4, 0.47, 0.0, 0.86, 0.25, 0.28, 0.71, 0.81, 0.8, 0.82, 0.9, 0.72, 0.73, 0.85, 0.32, 0.53, 0.25, 0.32, 0.39, 0.5, 0.81, 0.11, 0.66, 0.4, 0.91, 0.1, 0.25, 0.4, 0.0, 0.72, 0.24, 0.61, 0.27, 0.82, 0.67, 0.79, 0.75, 0.76, 0.29, 0.25, 0.37, 0.67]"
194,1077081,0.296,0.222,190,2025-02-23 07:22:10.834192,"['32221', '32224', '32228', '32234', '32239', '32243', '32248', '32251', '32263', '32266', '32269', '32270', '32278', '32283', '32286']","[734, 2072, 3255, 4725, 2246, 4459, 1164, 668, 3975, 3063, 4500, 182, 806, 3829, 1268, 5696, 5742, 5157, 5486, 3838, 5290, 4543, 1750, 4160, 1117, 5402, 4396, 68, 2668, 5848, 3310, 3086, 5847, 5301, 5256, 4651]","[0.2, 0.86, 0.79, 0.18, 0.88, 0.88, 0.36, 0.0, 0.18, 0.25, 1.0, 0.7, 0.32, 0.92, 1.0, 0.74, 0.15, 0.71, 0.75, 0.63, 1.0, 0.82, 0.2, 0.75, 0.81, 1.0, 0.83, 0.93, 0.3, 0.0, 0.88, 0.26, 0.71, 0.3, 0.0, 0.13, 0.89, 1.0, 0.24, 0.77, 0.86, 0.85, 0.87, 0.93, 0.67, 0.75, 0.89, 0.26, 0.62, 1.0, 0.24, 0.32, 0.25, 0.84, 0.09, 1.0, 0.0, 0.95, 0.09, 0.23, 0.37, 0.31, 0.79, 0.23, 0.83, 0.23, 0.87, 0.74, 0.81, 0.75, 0.8, 0.25, 0.25, 0.31, 0.73]"
195,1166715,0.347,0.194,195,2025-02-23 07:22:11.073683,"['32217', '32225', '32226', '32228', '32238', '32240', '32242', '32246', '32247', '32251', '32253', '32263', '32270', '32286', '32288']","[4322, 5654, 1316, 1612, 2943, 3474, 5088, 5460, 2664, 3500, 981, 2761, 2112, 114, 3273, 5402, 668, 2498, 1242, 133, 4257, 3706, 5594, 49, 342, 2281, 4455, 216, 4444, 4412, 2253, 1164, 1359, 2843, 857, 3593]","[0.44, 0.78, 0.74, 0.0, 0.82, 0.69, 0.31, 0.41, 0.34, 0.24, 0.55, 1.0, 0.0, 0.86, 1.0, 0.76, 0.2, 0.66, 0.77, 0.7, 0.55, 0.88, 0.3, 0.78, 1.0, 0.69, 0.0, 0.87, 1.0, 0.63, 0.76, 0.36, 1.0, 0.25, 0.63, 0.18, 0.83, 0.25, 0.3, 1.0, 0.79, 0.79, 0.8, 0.89, 0.83, 0.8, 0.85, 0.26, 0.58, 0.0, 0.33, 0.59, 0.67, 0.78, 0.06, 0.76, 1.0, 0.89, 0.07, 0.15, 0.43, 0.53, 0.66, 0.21, 0.73, 0.25, 0.79, 0.65, 0.78, 0.42, 0.73, 0.3, 0.5, 0.4, 0.5]"
196,167239,0.237,0.417,195,2025-02-23 07:22:11.192032,"['32215', '32217', '32218', '32222', '32223', '32244', '32249', '32252', '32253', '32255', '32265', '32269', '32273', '32276', '32280']","[3052, 4226, 5195, 4003, 3326, 4846, 3703, 637, 4600, 4953, 3720, 5760, 1359, 1553, 5758, 4033, 4119, 4622, 4455, 3285, 2948, 3158, 2586, 4663, 1822, 990, 5918, 5888, 4062, 3694, 882, 4954, 2050, 539, 2378, 2316]","[0.57, 0.25, 0.7, 0.75, 0.75, 0.38, 0.22, 0.27, 0.0, 0.75, 0.41, 0.48, 0.54, 0.73, 0.28, 0.65, 0.45, 0.36, 0.7, 0.66, 0.26, 0.82, 0.58, 0.74, 0.33, 0.44, 0.28, 0.7, 0.7, 0.78, 0.25, 0.67, 0.31, 0.72, 0.61, 0.75, 0.74, 0.35, 0.25, 0.75, 0.59, 0.75, 0.58, 0.71, 0.83, 0.67, 0.65, 0.55, 0.25, 0.59, 0.59, 0.75, 0.58, 0.71, 0.16, 0.75, 0.69, 0.64, 0.17, 0.25, 0.49, 0.75, 0.0, 0.31, 0.73, 0.41, 0.5, 0.45, 0.71, 0.42, 0.61, 0.43, 0.55, 0.55, 0.43]"
197,1005964,0.301,0.417,195,2025-02-23 07:22:11.316048,"['32225', '32226', '32236', '32240', '32242', '32245', '32248', '32253', '32261', '32269', '32270', '32276', '32283', '32287', '32288']","[3052, 506, 539, 5195, 2612, 2840, 4033, 3703, 4723, 117, 637, 1553, 882, 835, 4003, 2753, 823, 5888, 2050, 4846, 2505, 4226, 5760, 3326, 557, 4600, 5758, 2378, 4701, 889, 1359, 5658, 2744, 3094, 2847, 990]","[0.39, 0.61, 0.73, 0.41, 0.59, 0.55, 0.23, 0.3, 0.38, 0.45, 0.39, 0.25, 0.25, 0.76, 0.27, 0.61, 0.44, 0.37, 0.65, 0.6, 0.26, 0.74, 1.0, 0.72, 0.44, 0.54, 0.75, 0.77, 0.75, 0.64, 0.56, 0.75, 0.34, 0.65, 0.25, 0.46, 0.79, 0.37, 0.43, 1.0, 0.64, 0.58, 0.64, 0.75, 0.74, 0.59, 0.7, 1.0, 0.23, 0.58, 0.55, 0.36, 0.41, 0.75, 0.24, 0.75, 0.75, 0.72, 0.25, 0.46, 0.44, 0.63, 0.67, 0.39, 0.68, 0.39, 0.62, 0.53, 0.71, 0.5, 0.65, 0.42, 0.54, 0.0, 0.5]"
198,423161,0.255,0.333,195,2025-02-23 07:22:11.434544,"['32224', '32228', '32231', '32234', '32243', '32246', '32248', '32251', '32253', '32263', '32269', '32270', '32276', '32283', '32286']","[216, 835, 5541, 734, 506, 5614, 1268, 391, 2943, 3951, 539, 5045, 2753, 3561, 117, 5692, 3063, 3406, 2072, 5535, 4459, 1164, 3052, 1786, 2840, 4442, 3574, 2246, 2172, 3263, 806, 3124, 2060, 2612, 1273, 5123]","[0.22, 0.81, 0.78, 0.21, 0.79, 0.81, 0.29, 0.41, 0.22, 0.37, 0.25, 0.65, 0.39, 0.85, 0.0, 0.65, 0.27, 1.0, 0.67, 0.59, 0.0, 0.75, 0.36, 0.73, 0.7, 0.74, 0.74, 0.89, 0.36, 0.0, 0.77, 0.4, 0.75, 0.43, 0.0, 0.25, 0.87, 0.75, 0.32, 0.75, 0.77, 0.75, 0.81, 0.88, 0.66, 0.64, 0.84, 0.43, 0.38, 0.25, 0.36, 0.25, 0.34, 0.82, 0.19, 0.75, 0.25, 0.9, 0.2, 0.41, 0.38, 0.4, 0.83, 0.37, 0.62, 0.28, 0.78, 0.7, 0.77, 0.5, 0.75, 0.33, 0.5, 0.38, 0.61]"
199,1003654,0.355,0.25,195,2025-02-23 07:22:11.548817,"['32215', '32217', '32225', '32244', '32249', '32252', '32253', '32254', '32255', '32256', '32259', '32277', '32279', '32283', '32285']","[5385, 557, 5237, 3703, 277, 4723, 882, 3035, 2011, 3383, 4226, 2879, 2586, 3885, 2499, 2338, 174, 2744, 4319, 3052, 5195, 905, 838, 539, 5371, 2740, 5760, 122, 525, 5915, 1020, 4554, 3484, 5782, 5326, 2839]","[0.43, 0.25, 0.72, 0.0, 0.35, 0.36, 0.17, 0.22, 0.47, 0.62, 0.28, 0.0, 0.63, 0.64, 0.12, 0.5, 0.66, 0.19, 0.56, 0.54, 0.11, 0.63, 0.74, 0.68, 0.24, 0.38, 0.29, 0.62, 0.66, 0.71, 0.75, 0.81, 0.15, 0.79, 0.44, 1.0, 0.74, 0.27, 0.25, 0.0, 0.75, 0.25, 0.0, 0.57, 0.69, 0.75, 0.53, 0.8, 0.08, 0.65, 0.73, 0.26, 0.29, 0.72, 0.44, 0.28, 0.6, 0.49, 0.46, 0.68, 0.47, 0.75, 0.31, 0.67, 0.66, 1.0, 0.44, 0.4, 0.65, 0.5, 0.56, 0.5, 0.6, 0.61, 0.34]"
200,1199914,0.276,0.444,200,2025-02-23 07:22:11.791926,"['32215', '32224', '32226', '32242', '32243', '32248', '32251', '32261', '32262', '32263', '32266', '32270', '32275', '32283', '32286']","[391, 2072, 734, 1268, 3255, 5256, 3063, 2668, 1164, 5045, 1117, 835, 4725, 2620, 806, 5692, 5744, 4459, 216, 1942, 756, 3310, 5742, 2640, 4000, 5245, 4500, 5402, 4176, 117, 3474, 2246, 5027, 3593, 5801, 3951]","[0.23, 1.0, 0.77, 0.23, 0.85, 0.84, 0.34, 0.47, 0.2, 0.26, 0.75, 0.7, 0.75, 0.9, 0.57, 0.72, 0.17, 0.68, 0.72, 0.62, 0.55, 0.83, 0.24, 0.75, 0.75, 0.75, 0.76, 0.91, 0.0, 0.75, 0.83, 0.32, 0.68, 0.33, 0.25, 0.18, 0.88, 1.0, 0.26, 0.74, 0.83, 0.82, 0.83, 0.91, 0.68, 0.71, 0.87, 0.0, 1.0, 0.75, 0.29, 0.34, 0.25, 0.83, 0.11, 0.65, 0.25, 0.93, 0.11, 0.26, 0.37, 0.17, 0.74, 0.26, 0.62, 0.26, 0.84, 0.72, 0.81, 0.75, 0.79, 0.26, 0.5, 0.36, 0.69]"
201,1436794,0.22,0.194,200,2025-02-23 07:22:11.912430,"['32221', '32224', '32226', '32238', '32243', '32248', '32251', '32262', '32263', '32265', '32270', '32274', '32283', '32286', '32287']","[3255, 5256, 295, 4184, 5065, 4547, 5402, 3063, 342, 1164, 1316, 1117, 981, 4725, 3474, 1942, 4396, 2668, 1871, 3786, 2367, 841, 3084, 3709, 2843, 5692, 5460, 3029, 2072, 1098, 3310, 5801, 3608, 2019, 214, 1196]","[0.36, 0.85, 0.75, 0.37, 0.91, 0.82, 0.38, 1.0, 0.25, 0.15, 1.0, 0.73, 0.0, 0.92, 0.73, 0.81, 0.1, 0.79, 0.8, 0.71, 0.72, 0.92, 0.19, 0.8, 1.0, 0.77, 0.72, 0.91, 0.41, 0.25, 0.86, 0.23, 0.8, 0.3, 0.75, 0.11, 0.87, 1.0, 0.23, 0.81, 0.87, 0.88, 0.86, 0.93, 0.81, 0.84, 0.9, 0.16, 1.0, 0.75, 0.22, 1.0, 0.7, 0.82, 0.03, 0.84, 0.25, 0.94, 0.04, 0.09, 0.83, 0.38, 0.76, 0.16, 0.7, 0.21, 0.86, 0.73, 0.84, 0.25, 0.8, 0.23, 0.25, 0.0, 0.73]"
202,815501,0.234,0.694,200,2025-02-23 07:22:12.036309,"['32215', '32221', '32224', '32226', '32239', '32240', '32243', '32246', '32248', '32251', '32263', '32265', '32266', '32270', '32286']","[1164, 5256, 1316, 1098, 3406, 5692, 3310, 3593, 5402, 4396, 2640, 4547, 5065, 3084, 1268, 3376, 342, 3255, 1787, 4184, 598, 3474, 4176, 2339, 5290, 2761, 214, 1942, 3273, 4322, 5541, 3063, 3263, 2044, 2620, 605]","[0.35, 1.0, 0.76, 0.36, 0.87, 0.79, 0.35, 0.75, 0.26, 0.2, 1.0, 0.69, 0.75, 0.9, 0.64, 0.77, 0.14, 0.72, 0.77, 0.68, 0.63, 0.89, 0.23, 0.78, 0.72, 1.0, 1.0, 0.89, 0.43, 0.0, 0.82, 0.3, 0.75, 0.35, 0.75, 0.15, 0.86, 0.75, 0.26, 0.76, 0.84, 0.84, 0.83, 0.91, 0.79, 0.79, 0.88, 0.22, 0.65, 0.25, 0.27, 0.75, 0.75, 0.81, 0.05, 0.78, 0.75, 0.92, 0.06, 0.14, 0.41, 0.42, 0.72, 0.2, 0.69, 0.24, 0.83, 0.7, 0.82, 0.43, 0.78, 0.26, 0.5, 0.37, 0.69]"
203,162450,0.328,0.278,200,2025-02-23 07:22:12.155746,"['32214', '32215', '32222', '32226', '32248', '32252', '32259', '32260', '32269', '32271', '32273', '32274', '32279', '32280', '32285']","[2586, 4226, 5385, 5760, 3383, 4319, 5918, 930, 4119, 3052, 4033, 525, 2482, 277, 2910, 882, 3703, 2338, 2547, 5655, 1596, 557, 2879, 823, 4988, 3982, 3720, 4099, 1868, 5562, 5195, 4012, 1788, 3326, 5323, 1533]","[0.75, 0.0, 0.72, 0.6, 0.35, 0.25, 0.16, 0.21, 1.0, 0.54, 0.33, 0.4, 0.75, 0.65, 0.16, 0.57, 0.59, 0.21, 0.61, 0.59, 0.14, 0.73, 0.71, 0.69, 0.18, 0.31, 0.2, 0.56, 0.73, 0.77, 0.33, 0.8, 0.17, 0.81, 1.0, 0.71, 0.68, 0.29, 0.0, 0.34, 0.46, 0.37, 0.42, 0.57, 0.78, 1.0, 0.75, 0.73, 0.11, 0.64, 0.69, 0.43, 0.45, 0.67, 0.3, 0.0, 0.7, 0.75, 0.32, 1.0, 0.33, 0.8, 0.33, 0.4, 0.72, 0.33, 0.0, 0.37, 0.65, 0.39, 0.56, 1.0, 0.57, 0.62, 0.36]"
204,885443,0.347,0.389,200,2025-02-23 07:22:12.270349,"['32215', '32226', '32231', '32233', '32238', '32245', '32246', '32247', '32253', '32259', '32264', '32270', '32275', '32277', '32283']","[5782, 3703, 1396, 4723, 2744, 2499, 539, 5658, 882, 506, 4732, 2612, 2740, 915, 2477, 3118, 4535, 117, 825, 557, 3561, 4838, 5236, 3682, 5614, 835, 2570, 1761, 5168, 3951, 2840, 3308, 4701, 3363, 4442, 5195]","[0.18, 1.0, 0.78, 0.16, 0.51, 0.7, 0.21, 0.3, 0.23, 0.6, 0.31, 0.55, 0.75, 0.77, 0.17, 0.51, 0.5, 0.0, 0.54, 0.0, 0.16, 0.55, 0.54, 0.65, 1.0, 0.57, 0.62, 0.81, 0.4, 0.43, 0.59, 0.25, 0.0, 0.75, 0.25, 0.55, 0.83, 0.34, 0.42, 0.25, 0.63, 0.53, 0.65, 0.77, 0.48, 0.0, 0.67, 0.74, 0.12, 0.59, 0.75, 0.11, 0.14, 0.8, 0.52, 0.21, 0.0, 0.76, 0.48, 0.75, 0.36, 0.17, 0.56, 1.0, 0.54, 0.44, 0.66, 0.58, 0.71, 0.75, 0.7, 0.4, 0.57, 0.48, 0.5]"
205,1176958,0.247,0.389,205,2025-02-23 07:22:12.513753,"['32221', '32224', '32240', '32242', '32243', '32247', '32248', '32249', '32251', '32263', '32265', '32266', '32270', '32276', '32286']","[5256, 3406, 1164, 3376, 4184, 1117, 3255, 1316, 342, 5402, 4547, 2072, 5065, 214, 4396, 3063, 1942, 2367, 295, 2668, 2640, 668, 4257, 391, 1611, 3608, 1268, 1893, 5692, 3786, 4725, 5460, 3932, 1538, 3310, 3450]","[0.35, 0.85, 0.76, 0.34, 0.89, 0.82, 0.36, 1.0, 0.24, 0.19, 1.0, 0.69, 0.31, 0.91, 0.68, 0.77, 0.13, 0.75, 0.78, 0.68, 0.65, 0.91, 0.2, 0.8, 0.77, 0.79, 0.75, 0.91, 0.25, 0.25, 0.87, 0.26, 0.75, 0.0, 0.75, 0.25, 0.87, 1.0, 0.24, 0.79, 0.85, 0.86, 0.84, 0.94, 0.82, 0.83, 0.89, 0.2, 0.7, 1.0, 0.24, 1.0, 1.0, 0.8, 0.04, 0.8, 0.25, 0.93, 0.06, 0.11, 0.38, 0.38, 0.83, 0.17, 0.68, 0.22, 0.84, 0.69, 0.82, 0.44, 0.77, 0.24, 0.5, 0.34, 0.71]"
206,912378,0.293,0.278,205,2025-02-23 07:22:12.635487,"['32218', '32224', '32231', '32234', '32236', '32238', '32246', '32248', '32249', '32251', '32263', '32270', '32281', '32286', '32287']","[216, 3406, 5541, 391, 1268, 2620, 835, 4000, 2943, 2664, 3951, 2840, 3255, 539, 5692, 5256, 5045, 3474, 1164, 4520, 2640, 5460, 1098, 4322, 2753, 2761, 5535, 990, 3263, 734, 1942, 712, 117, 5216, 342, 2072]","[0.34, 0.78, 0.76, 0.33, 1.0, 0.75, 0.3, 0.43, 0.27, 0.29, 0.75, 0.63, 0.37, 0.87, 0.51, 0.7, 0.21, 0.75, 0.72, 0.63, 0.25, 0.85, 0.25, 0.77, 0.75, 0.71, 0.65, 0.87, 0.48, 0.53, 0.8, 0.39, 1.0, 0.43, 1.0, 0.75, 0.85, 0.75, 0.3, 0.69, 0.79, 0.79, 0.78, 0.9, 0.75, 0.74, 0.84, 0.35, 0.51, 0.75, 0.34, 0.44, 0.54, 0.78, 0.09, 0.66, 0.0, 0.88, 0.13, 0.22, 0.4, 0.45, 0.65, 0.25, 0.66, 0.28, 0.77, 0.75, 0.78, 0.46, 0.73, 0.3, 0.5, 0.5, 0.63]"
207,449214,0.408,0.056,205,2025-02-23 07:22:12.749006,"['32240', '32243', '32247', '32248', '32249', '32261', '32264', '32265', '32266', '32269', '32276', '32281', '32286', '32287', '32288']","[539, 117, 5195, 3951, 3255, 5535, 2050, 835, 216, 2943, 2753, 4322, 2664, 3263, 2840, 506, 4161, 3593, 734, 2270, 2761, 4033, 3406, 5541, 391, 3474, 2620, 3052, 4600, 1098, 3063, 1268, 712, 4003, 1103, 4000]","[0.31, 0.74, 0.76, 0.29, 0.75, 0.72, 0.27, 0.4, 0.27, 0.36, 0.46, 0.6, 0.4, 0.85, 0.38, 0.65, 0.28, 0.51, 0.67, 0.59, 0.38, 0.8, 0.36, 0.75, 0.62, 0.67, 1.0, 0.84, 0.49, 1.0, 0.75, 0.47, 0.48, 0.0, 1.0, 0.25, 0.83, 0.46, 0.34, 0.62, 0.74, 0.73, 0.74, 0.87, 0.7, 0.66, 0.79, 0.75, 0.38, 0.53, 0.0, 0.0, 0.0, 0.77, 0.15, 1.0, 0.43, 0.84, 0.19, 0.32, 0.4, 0.48, 0.0, 0.31, 0.64, 0.32, 0.72, 0.25, 0.75, 0.48, 0.7, 0.34, 0.25, 0.0, 1.0]"
208,842819,0.371,0.083,205,2025-02-23 07:22:12.871148,"['32217', '32218', '32219', '32223', '32225', '32226', '32230', '32236', '32239', '32249', '32255', '32259', '32269', '32273', '32287']","[3703, 3052, 882, 5195, 5760, 4723, 5658, 539, 557, 2586, 506, 4226, 4033, 3720, 2744, 3035, 5888, 4003, 637, 838, 5385, 823, 2840, 4119, 5614, 4600, 277, 4663, 3326, 5237, 2096, 3266, 5315, 4319, 5782, 2378]","[0.44, 0.52, 0.73, 0.0, 0.25, 1.0, 0.19, 0.28, 0.4, 1.0, 0.34, 0.25, 1.0, 0.73, 0.17, 0.56, 0.0, 0.26, 0.6, 0.56, 0.18, 0.72, 0.75, 0.71, 0.34, 0.0, 0.36, 0.69, 0.65, 0.68, 0.51, 0.72, 0.21, 0.71, 0.45, 1.0, 0.75, 0.35, 0.47, 0.42, 0.56, 0.75, 0.56, 0.7, 0.7, 1.0, 0.61, 0.72, 0.16, 0.62, 0.61, 0.31, 0.38, 0.72, 0.3, 0.0, 0.6, 0.6, 0.34, 0.0, 0.46, 0.68, 0.4, 0.41, 0.68, 0.44, 0.53, 0.44, 0.68, 0.47, 0.59, 0.45, 0.57, 1.0, 0.42]"
209,63005,0.285,0.167,205,2025-02-23 07:22:12.989130,"['32221', '32224', '32228', '32231', '32243', '32248', '32249', '32251', '32263', '32265', '32266', '32270', '32276', '32283', '32286']","[5256, 1117, 1164, 1942, 342, 3310, 2072, 5742, 4257, 1268, 3255, 5402, 1316, 668, 4184, 3406, 5290, 734, 3376, 1196, 4396, 3063, 391, 5692, 2668, 3273, 295, 214, 4547, 3675, 2367, 1183, 1694, 1787, 4725, 5301]","[0.32, 0.85, 0.77, 0.3, 0.89, 0.83, 0.36, 1.0, 0.23, 0.2, 0.75, 0.69, 0.3, 0.91, 1.0, 0.76, 0.13, 1.0, 0.77, 0.66, 0.63, 0.89, 0.2, 0.79, 0.78, 0.79, 0.73, 0.91, 0.42, 0.25, 0.87, 0.27, 0.74, 0.32, 0.25, 0.25, 0.87, 0.75, 0.24, 0.78, 0.85, 0.86, 0.84, 0.94, 0.79, 0.82, 0.89, 0.22, 0.68, 1.0, 0.25, 0.75, 1.0, 0.8, 0.05, 0.77, 0.25, 0.93, 0.07, 0.13, 0.38, 0.37, 1.0, 0.18, 0.66, 0.22, 0.84, 0.69, 0.82, 0.5, 0.77, 0.25, 0.5, 0.34, 0.71]"
210,693548,0.441,0.028,210,2025-02-23 07:22:13.228540,"['32215', '32218', '32219', '32239', '32240', '32244', '32252', '32253', '32256', '32265', '32271', '32273', '32276', '32277', '32279']","[882, 3703, 2499, 2744, 5782, 2586, 3383, 3035, 4723, 3484, 2338, 174, 1760, 5371, 915, 3052, 2740, 4732, 5237, 5385, 838, 557, 1596, 4226, 2408, 5658, 539, 1007, 823, 2612, 905, 1214, 277, 1761, 5915, 5760]","[0.37, 1.0, 0.73, 0.35, 0.25, 1.0, 0.15, 0.24, 0.4, 0.62, 0.33, 0.42, 0.59, 0.65, 0.11, 0.52, 0.62, 0.2, 0.55, 0.53, 0.12, 0.61, 0.7, 0.68, 0.26, 0.0, 0.0, 0.68, 0.61, 0.65, 0.0, 0.81, 0.16, 0.78, 0.38, 0.72, 0.7, 0.3, 1.0, 1.0, 0.51, 0.43, 0.0, 0.61, 0.64, 0.39, 0.57, 0.8, 0.09, 0.66, 0.7, 0.0, 0.23, 0.72, 0.45, 0.24, 0.58, 1.0, 0.48, 1.0, 0.46, 0.69, 0.0, 0.83, 0.63, 0.67, 0.52, 0.42, 0.7, 0.48, 0.58, 0.46, 0.57, 0.59, 0.39]"
211,438855,0.287,0.5,210,2025-02-23 07:22:13.346369,"['32224', '32234', '32236', '32238', '32242', '32245', '32246', '32247', '32251', '32253', '32263', '32264', '32265', '32266', '32287']","[2664, 3500, 2112, 712, 3052, 2761, 5460, 981, 3706, 4757, 1176, 4322, 4520, 1666, 4412, 2640, 2943, 114, 2843, 111, 3285, 5594, 5195, 2058, 342, 4033, 1098, 1932, 1359, 5256, 5238, 2281, 3645, 1538, 5065, 863]","[0.49, 0.71, 0.72, 0.49, 0.77, 0.65, 0.27, 0.4, 0.35, 0.25, 1.0, 0.6, 0.41, 0.84, 0.51, 0.75, 0.22, 0.61, 0.76, 0.69, 1.0, 0.89, 0.0, 0.78, 1.0, 0.62, 0.52, 0.84, 0.75, 0.65, 0.71, 0.75, 0.25, 0.75, 0.63, 0.26, 0.79, 0.75, 0.33, 0.75, 0.74, 0.78, 0.75, 0.86, 0.84, 0.77, 0.82, 0.3, 0.52, 0.75, 0.0, 0.75, 0.75, 0.75, 0.06, 0.74, 0.59, 0.85, 0.08, 0.16, 0.44, 0.56, 0.6, 0.23, 0.71, 0.28, 0.74, 0.62, 0.8, 0.41, 0.71, 0.33, 0.53, 0.5, 0.62]"
212,1505924,0.337,0.278,210,2025-02-23 07:22:13.463703,"['32217', '32218', '32219', '32225', '32226', '32239', '32244', '32248', '32249', '32253', '32269', '32273', '32281', '32287', '32288']","[3703, 3052, 5195, 4226, 882, 3720, 506, 539, 557, 4033, 4003, 4723, 637, 5760, 2586, 1359, 2378, 2948, 2840, 2744, 5918, 1331, 1553, 823, 5675, 480, 449, 4600, 650, 4701, 3053, 3266, 5658, 4883, 5888, 5758]","[0.47, 0.52, 0.71, 0.25, 1.0, 0.25, 0.19, 0.28, 0.43, 0.47, 0.41, 0.75, 1.0, 0.72, 0.21, 0.62, 0.47, 0.32, 0.64, 0.61, 0.23, 0.76, 0.6, 0.72, 0.33, 0.25, 0.36, 0.72, 0.63, 0.7, 0.75, 0.7, 0.28, 0.72, 0.75, 0.75, 0.72, 0.37, 0.46, 0.25, 0.58, 0.55, 0.58, 0.69, 0.76, 0.56, 0.65, 0.63, 0.2, 0.61, 0.61, 0.41, 0.43, 0.71, 0.23, 0.25, 0.63, 0.64, 0.26, 0.25, 0.47, 0.69, 0.39, 0.38, 0.69, 0.43, 0.57, 0.75, 0.74, 0.43, 0.61, 0.42, 0.57, 0.75, 0.25]"
213,1264288,0.218,0.278,210,2025-02-23 07:22:13.581395,"['32221', '32224', '32234', '32240', '32243', '32247', '32248', '32251', '32253', '32262', '32263', '32265', '32266', '32283', '32286']","[1164, 3063, 3255, 1196, 5256, 4725, 2072, 668, 4459, 4543, 806, 2668, 391, 4651, 3295, 4396, 2298, 734, 756, 5157, 3113, 3474, 1183, 295, 1316, 5245, 5301, 1268, 5763, 2246, 3376, 2367, 4500, 558, 5402, 148]","[0.26, 0.87, 0.77, 0.22, 0.89, 0.88, 0.35, 1.0, 0.18, 0.2, 0.25, 0.71, 0.3, 0.91, 0.67, 0.76, 0.14, 0.74, 0.76, 0.66, 1.0, 0.87, 0.21, 0.78, 0.82, 0.81, 1.0, 0.93, 0.31, 0.25, 0.87, 0.24, 0.75, 0.0, 0.75, 0.12, 0.87, 1.0, 0.25, 1.0, 0.85, 0.88, 0.88, 0.94, 0.74, 0.79, 0.9, 0.22, 0.75, 1.0, 0.24, 0.25, 0.75, 0.82, 0.06, 0.74, 0.34, 0.95, 0.08, 0.18, 0.36, 0.3, 0.79, 0.22, 0.62, 0.21, 0.87, 0.78, 0.84, 1.0, 0.81, 0.26, 0.0, 0.31, 0.73]"
214,1044424,0.413,0.028,210,2025-02-23 07:22:13.697158,"['32224', '32225', '32231', '32238', '32240', '32242', '32243', '32244', '32248', '32253', '32261', '32264', '32269', '32275', '32287']","[3052, 4322, 5195, 4033, 2664, 506, 539, 990, 712, 4003, 2840, 117, 576, 3596, 4065, 3263, 4723, 4600, 3500, 2112, 2761, 4161, 5541, 5216, 2943, 1553, 5460, 2050, 637, 5905, 4455, 835, 5658, 823, 4226, 4539]","[0.44, 0.64, 0.73, 0.43, 0.67, 0.6, 0.23, 0.35, 0.36, 0.36, 0.75, 1.0, 0.46, 0.8, 0.35, 0.68, 0.33, 0.25, 0.7, 0.64, 0.37, 0.82, 0.46, 0.75, 1.0, 0.56, 1.0, 0.81, 1.0, 1.0, 0.75, 0.55, 0.44, 0.6, 1.0, 0.39, 0.77, 0.45, 0.38, 0.25, 0.68, 0.69, 0.69, 0.81, 0.78, 0.66, 0.76, 1.0, 0.35, 0.56, 0.0, 0.46, 0.52, 0.75, 0.14, 0.75, 0.58, 0.79, 0.17, 0.31, 0.44, 1.0, 0.52, 0.31, 0.68, 0.35, 0.69, 0.56, 0.77, 0.43, 0.68, 0.37, 0.54, 0.5, 0.55]"
215,255511,0.328,0.25,215,2025-02-23 07:22:13.976353,"['32214', '32215', '32219', '32231', '32236', '32239', '32249', '32253', '32264', '32265', '32266', '32269', '32276', '32281', '32288']","[3052, 5195, 1553, 3703, 882, 4600, 4033, 4226, 5760, 4003, 506, 2948, 3720, 2586, 539, 5918, 2744, 5658, 3326, 576, 823, 637, 1359, 4119, 4954, 2840, 2050, 4846, 617, 4723, 117, 2833, 5888, 3094, 1331, 3266]","[0.75, 0.75, 0.74, 0.45, 0.53, 0.25, 0.21, 0.27, 0.42, 0.46, 0.37, 0.44, 0.54, 0.73, 0.24, 0.59, 0.47, 0.0, 0.64, 0.61, 0.24, 0.74, 0.75, 0.73, 0.36, 0.0, 0.38, 0.73, 0.64, 0.7, 0.49, 0.67, 0.26, 0.71, 0.53, 0.0, 0.75, 0.35, 0.43, 1.0, 0.61, 0.54, 0.55, 0.73, 0.74, 0.57, 0.65, 0.63, 0.19, 0.6, 0.0, 0.0, 0.75, 0.72, 0.26, 0.0, 0.62, 0.69, 0.26, 0.43, 0.47, 0.67, 0.33, 0.35, 0.7, 0.41, 0.6, 0.5, 0.72, 0.45, 0.64, 0.41, 0.57, 0.55, 0.25]"
216,796405,0.35,0.25,215,2025-02-23 07:22:14.098947,"['32214', '32236', '32244', '32247', '32248', '32263', '32264', '32265', '32266', '32269', '32270', '32275', '32281', '32283', '32286']","[1176, 2943, 4000, 2640, 2465, 2761, 5541, 712, 628, 4322, 2498, 3249, 3406, 4455, 2058, 1164, 4520, 2664, 5692, 211, 5402, 3124, 5248, 4299, 1786, 2236, 5110, 3263, 5364, 857, 5256, 5614, 449, 4345, 4184, 342]","[0.25, 0.76, 0.74, 0.43, 0.82, 0.71, 0.32, 0.42, 0.29, 0.23, 0.54, 0.62, 0.37, 0.87, 0.57, 0.74, 0.2, 0.66, 0.76, 0.7, 0.57, 0.87, 0.0, 0.79, 0.65, 0.68, 0.61, 0.88, 0.52, 0.6, 1.0, 0.35, 0.64, 0.0, 1.0, 0.21, 0.83, 0.52, 0.29, 0.72, 0.79, 0.81, 0.76, 0.89, 0.82, 0.8, 0.85, 0.26, 0.58, 0.0, 1.0, 1.0, 1.0, 0.77, 0.07, 0.75, 0.25, 0.89, 0.08, 0.14, 0.45, 0.67, 0.64, 0.2, 0.73, 0.25, 0.79, 0.75, 0.79, 0.75, 0.76, 0.3, 0.5, 0.41, 0.65]"
217,647239,0.336,0.056,215,2025-02-23 07:22:14.213165,"['32225', '32240', '32242', '32243', '32245', '32248', '32261', '32263', '32270', '32275', '32276', '32281', '32283', '32286', '32287']","[539, 3052, 117, 2840, 506, 4033, 5195, 216, 712, 835, 4003, 2761, 2612, 4723, 1553, 3703, 5216, 4065, 2664, 3500, 1098, 2943, 1359, 2753, 1249, 3596, 823, 3263, 637, 990, 5692, 4600, 2050, 3285, 3951, 1176]","[0.41, 0.67, 0.75, 0.38, 0.68, 0.63, 0.26, 0.34, 0.32, 0.38, 0.44, 0.75, 0.46, 0.8, 0.37, 0.64, 0.34, 0.47, 0.68, 0.63, 0.37, 0.78, 0.45, 0.75, 0.52, 0.58, 1.0, 0.82, 1.0, 1.0, 0.64, 0.75, 0.42, 0.58, 0.75, 0.38, 0.81, 0.42, 0.36, 0.58, 0.71, 0.68, 0.66, 0.82, 0.74, 0.65, 0.76, 0.75, 0.33, 1.0, 0.45, 0.4, 0.47, 0.76, 0.2, 0.54, 1.0, 0.81, 0.19, 0.34, 0.44, 0.17, 1.0, 0.3, 0.69, 0.34, 0.7, 1.0, 0.76, 0.75, 0.7, 0.36, 0.5, 0.0, 0.54]"
218,618378,0.23,0.306,215,2025-02-23 07:22:14.329909,"['32214', '32221', '32224', '32242', '32243', '32245', '32251', '32263', '32265', '32266', '32270', '32276', '32281', '32283', '32286']","[1164, 214, 3310, 1117, 3029, 5256, 3406, 4184, 342, 5402, 3273, 3474, 4396, 4257, 2498, 3084, 3063, 1871, 3932, 4547, 5692, 1316, 5290, 2019, 3255, 806, 2072, 5027, 3376, 5065, 295, 2601, 1787, 4725, 1183, 1942]","[0.0, 0.85, 0.76, 0.34, 0.89, 0.82, 0.37, 0.75, 0.21, 0.18, 0.75, 0.7, 0.31, 0.91, 0.68, 0.77, 0.14, 0.76, 0.79, 0.71, 0.68, 0.89, 0.21, 0.81, 0.77, 0.77, 0.74, 0.92, 0.75, 0.25, 0.85, 0.0, 0.76, 0.34, 0.62, 0.13, 0.87, 0.75, 0.24, 0.79, 0.85, 0.88, 0.83, 0.93, 0.8, 0.84, 0.9, 0.18, 0.71, 0.25, 0.23, 1.0, 1.0, 0.8, 0.05, 0.81, 0.0, 0.94, 0.06, 0.11, 0.42, 0.37, 0.83, 0.18, 0.72, 0.21, 0.85, 1.0, 0.82, 0.0, 0.81, 0.26, 0.5, 0.34, 0.73]"
219,670938,0.255,0.417,215,2025-02-23 07:22:14.446600,"['32214', '32221', '32242', '32243', '32245', '32251', '32263', '32264', '32265', '32266', '32270', '32275', '32281', '32283', '32286']","[1164, 5402, 3406, 2048, 668, 3273, 5256, 4444, 535, 4807, 2943, 133, 214, 2253, 3063, 5541, 3310, 3474, 3124, 4322, 3188, 5290, 4504, 5134, 1786, 1926, 342, 1117, 4396, 3255, 2072, 2761, 2664, 1783, 3330, 2019]","[0.0, 0.83, 0.76, 0.31, 0.86, 0.81, 0.35, 0.25, 0.22, 0.22, 0.56, 0.67, 0.33, 0.89, 0.62, 0.74, 0.17, 0.7, 0.76, 0.68, 0.61, 0.86, 0.24, 0.79, 0.74, 0.75, 0.73, 0.91, 0.0, 0.25, 0.83, 0.0, 0.7, 0.38, 0.58, 0.16, 0.87, 0.75, 0.26, 0.75, 0.83, 0.85, 0.81, 0.92, 0.77, 0.8, 0.88, 0.24, 0.62, 0.0, 0.0, 1.0, 0.75, 0.8, 0.08, 0.74, 0.25, 0.93, 0.08, 0.16, 0.41, 0.67, 0.71, 0.21, 0.7, 0.23, 0.83, 0.75, 0.81, 0.25, 0.79, 0.27, 0.5, 0.36, 0.69]"
220,1396301,0.366,0.194,220,2025-02-23 07:22:14.688821,"['32225', '32226', '32236', '32239', '32244', '32248', '32249', '32253', '32261', '32264', '32265', '32266', '32281', '32287', '32288']","[3052, 4003, 5195, 3720, 2664, 4033, 4455, 814, 4600, 5899, 1176, 1331, 3285, 4322, 1359, 5647, 5675, 5098, 4954, 449, 5555, 2058, 4825, 3500, 2112, 5614, 3749, 2948, 4226, 5888, 253, 5844, 5597, 480, 5829, 712]","[0.57, 0.58, 0.72, 0.61, 0.66, 0.48, 0.23, 0.33, 0.45, 0.33, 0.46, 0.25, 1.0, 0.79, 0.37, 0.71, 0.32, 0.45, 0.73, 0.69, 0.39, 0.85, 0.25, 0.75, 0.43, 0.75, 0.37, 0.74, 0.69, 0.75, 1.0, 0.59, 0.45, 0.67, 0.75, 0.25, 0.77, 0.42, 0.38, 1.0, 0.64, 0.65, 0.6, 0.78, 0.84, 0.73, 0.72, 1.0, 0.36, 0.55, 0.75, 1.0, 1.0, 0.69, 0.09, 0.65, 0.67, 0.73, 0.12, 0.22, 0.47, 0.72, 0.49, 0.24, 0.74, 0.35, 0.67, 0.5, 0.72, 0.39, 0.67, 0.38, 0.55, 1.0, 0.5]"
221,92176,0.404,0.083,220,2025-02-23 07:22:14.808455,"['32214', '32215', '32218', '32223', '32230', '32239', '32244', '32252', '32253', '32254', '32255', '32256', '32269', '32274', '32280']","[3052, 3720, 4226, 4003, 5899, 5760, 4033, 2058, 2948, 3500, 5195, 4455, 1359, 449, 4953, 2664, 1331, 3694, 1822, 814, 480, 1176, 4325, 4539, 4412, 5555, 5647, 2378, 1929, 3701, 4954, 4846, 3961, 3326, 2505, 4557]","[1.0, 0.0, 0.71, 0.67, 0.0, 0.38, 0.21, 0.29, 0.52, 0.0, 0.43, 0.46, 0.54, 0.74, 0.29, 0.69, 0.0, 0.37, 0.71, 0.68, 0.32, 0.83, 0.56, 0.74, 0.34, 0.0, 0.28, 0.67, 0.75, 0.8, 1.0, 0.68, 0.36, 0.74, 0.66, 0.52, 0.74, 0.38, 0.0, 0.0, 1.0, 0.0, 1.0, 0.72, 0.85, 0.69, 0.66, 0.51, 0.28, 0.58, 0.57, 0.61, 0.65, 0.66, 0.12, 1.0, 0.72, 0.65, 0.15, 0.26, 1.0, 0.79, 0.42, 0.26, 0.76, 0.39, 0.83, 0.44, 0.7, 0.38, 0.64, 0.41, 0.56, 0.57, 0.45]"
222,500445,0.435,0.111,220,2025-02-23 07:22:14.922981,"['32214', '32217', '32222', '32223', '32239', '32252', '32254', '32256', '32257', '32266', '32271', '32274', '32279', '32280', '32285']","[4226, 2338, 882, 2586, 3703, 3052, 292, 4319, 5385, 2879, 2839, 2547, 557, 5760, 4119, 3885, 277, 4861, 525, 4723, 3383, 930, 5326, 2744, 838, 3720, 5915, 3484, 5114, 4804, 3115, 2499, 5237, 5658, 1769, 5195]","[1.0, 0.4, 0.71, 1.0, 0.35, 0.29, 0.15, 0.22, 0.0, 1.0, 0.3, 0.38, 0.63, 0.65, 0.13, 0.55, 0.59, 0.2, 0.6, 0.58, 0.15, 0.69, 0.7, 0.68, 0.23, 0.0, 0.24, 0.59, 0.76, 0.79, 0.38, 0.82, 0.17, 0.83, 0.51, 0.73, 0.7, 0.29, 0.25, 0.31, 1.0, 0.4, 0.0, 1.0, 0.76, 0.48, 0.52, 0.75, 0.1, 0.65, 0.71, 0.37, 0.0, 0.64, 0.33, 0.34, 0.7, 0.75, 0.39, 0.57, 1.0, 0.83, 0.31, 0.42, 0.71, 1.0, 0.0, 0.37, 0.65, 0.43, 0.56, 1.0, 0.59, 0.63, 0.33]"
223,1228308,0.336,0.083,220,2025-02-23 07:22:15.040465,"['32224', '32228', '32231', '32238', '32239', '32240', '32242', '32245', '32247', '32248', '32251', '32263', '32264', '32270', '32287']","[4322, 2664, 4033, 1098, 5460, 3706, 1316, 2843, 712, 981, 1359, 3285, 2112, 4412, 49, 4757, 4176, 1176, 4161, 5594, 3406, 5654, 5238, 342, 2761, 1666, 3593, 2498, 3500, 5065, 5195, 990, 2943, 4520, 5692, 5402]","[0.48, 0.72, 0.74, 0.5, 0.79, 0.67, 0.29, 0.41, 0.34, 0.25, 1.0, 0.59, 0.41, 0.86, 1.0, 0.75, 0.22, 1.0, 0.76, 0.7, 0.53, 0.87, 0.34, 0.77, 0.75, 1.0, 0.75, 0.84, 1.0, 0.65, 0.73, 1.0, 0.61, 1.0, 0.75, 0.26, 0.83, 0.0, 0.31, 0.67, 0.74, 0.77, 0.72, 0.87, 0.82, 0.79, 0.82, 0.31, 0.52, 0.0, 0.0, 0.59, 0.67, 0.73, 0.07, 0.73, 0.75, 0.86, 0.09, 0.17, 0.44, 0.59, 0.62, 0.21, 0.72, 0.28, 0.77, 0.59, 0.76, 0.41, 0.74, 0.31, 0.53, 0.25, 0.6]"
224,1418787,0.317,0.417,220,2025-02-23 07:22:15.158555,"['32217', '32218', '32219', '32223', '32225', '32238', '32239', '32244', '32248', '32249', '32256', '32266', '32269', '32281', '32288']","[3052, 539, 2948, 5195, 4003, 3720, 4033, 506, 5658, 4600, 3703, 2378, 2050, 1331, 557, 4701, 712, 5760, 835, 1359, 4226, 2840, 4622, 3266, 889, 637, 4975, 576, 1553, 2833, 480, 449, 5614, 5888, 882, 253]","[0.41, 0.61, 0.74, 0.0, 0.75, 0.0, 0.22, 0.32, 0.36, 0.0, 0.4, 0.25, 0.5, 0.79, 0.27, 0.64, 0.39, 0.38, 0.66, 0.61, 0.3, 0.76, 0.49, 0.71, 0.0, 0.25, 0.48, 0.77, 0.6, 0.65, 1.0, 0.62, 0.36, 0.67, 0.75, 0.0, 0.79, 0.39, 0.39, 0.49, 0.63, 0.62, 0.75, 0.77, 0.74, 0.62, 0.71, 0.56, 0.24, 0.57, 0.52, 0.38, 0.25, 0.71, 0.18, 0.25, 0.55, 0.74, 0.24, 0.41, 0.43, 0.66, 0.49, 0.34, 0.67, 0.39, 0.65, 0.5, 0.72, 0.46, 0.67, 0.39, 0.55, 0.51, 0.5]"
225,684793,0.268,0.417,225,2025-02-23 07:22:15.403328,"['32214', '32217', '32221', '32228', '32240', '32243', '32245', '32247', '32249', '32251', '32263', '32265', '32270', '32275', '32286']","[342, 4184, 5065, 981, 1316, 1611, 2367, 1538, 3706, 3151, 2498, 4547, 5692, 1098, 4757, 2494, 2664, 2843, 5594, 2756, 295, 3255, 114, 3084, 3474, 1919, 4617, 2668, 863, 4710, 3500, 4412, 1666, 5256, 1932, 3029]","[0.75, 0.81, 0.73, 0.75, 0.88, 0.71, 0.34, 0.75, 0.33, 0.14, 0.61, 0.65, 0.34, 0.9, 1.0, 0.81, 0.14, 0.74, 0.82, 0.75, 0.68, 0.93, 0.24, 0.8, 0.71, 0.69, 1.0, 0.87, 0.54, 0.75, 0.82, 0.0, 0.74, 0.0, 0.71, 0.0, 0.83, 1.0, 0.27, 0.77, 0.82, 0.86, 0.83, 0.93, 0.87, 0.84, 0.87, 0.18, 0.73, 0.75, 0.29, 1.0, 0.79, 0.79, 0.03, 0.86, 1.0, 0.92, 0.04, 0.08, 0.43, 0.33, 0.71, 0.15, 0.73, 0.21, 0.82, 0.67, 0.82, 0.39, 0.76, 0.27, 0.75, 0.4, 0.68]"
226,474894,0.277,0.444,225,2025-02-23 07:22:15.520153,"['32221', '32224', '32228', '32231', '32243', '32245', '32246', '32247', '32249', '32251', '32261', '32266', '32275', '32283', '32286']","[391, 3063, 734, 835, 5535, 2072, 216, 1268, 3951, 2172, 1164, 4459, 506, 5045, 3255, 539, 806, 2943, 5256, 3474, 3406, 5541, 3593, 5614, 4000, 4500, 5692, 2753, 5123, 5700, 5906, 3228, 2420, 4396, 2640, 4814]","[0.22, 0.84, 0.78, 0.2, 0.83, 0.83, 0.31, 0.75, 0.19, 0.3, 0.25, 0.64, 0.35, 0.88, 0.25, 0.7, 0.22, 0.75, 0.7, 0.6, 0.49, 0.78, 0.28, 0.74, 0.74, 0.72, 0.77, 0.9, 0.35, 0.25, 0.83, 0.25, 1.0, 0.75, 0.43, 0.0, 0.87, 1.0, 0.3, 0.7, 0.8, 0.81, 0.82, 0.92, 0.65, 0.64, 0.86, 0.25, 0.5, 0.49, 0.33, 0.28, 0.0, 0.82, 0.15, 0.59, 0.31, 0.92, 0.16, 0.34, 0.36, 0.33, 0.72, 0.29, 0.6, 0.28, 0.81, 0.69, 0.8, 0.75, 0.77, 0.28, 0.5, 0.4, 0.64]"
227,392556,0.359,0.361,225,2025-02-23 07:22:15.635414,"['32214', '32217', '32218', '32219', '32223', '32225', '32226', '32230', '32238', '32248', '32249', '32253', '32259', '32269', '32288']","[3052, 5195, 539, 2948, 4033, 4600, 637, 557, 5888, 5760, 2050, 1331, 882, 3703, 5758, 506, 2840, 4003, 3266, 2378, 4701, 5658, 3720, 4975, 4622, 1359, 4065, 712, 5614, 480, 336, 388, 4723, 1553, 4663, 4226]","[0.25, 0.59, 0.73, 0.0, 1.0, 0.0, 0.22, 0.33, 0.4, 0.25, 0.39, 0.0, 0.0, 0.77, 0.26, 0.63, 0.25, 0.36, 0.66, 0.61, 0.27, 0.77, 0.53, 0.73, 0.0, 0.47, 0.4, 0.74, 0.62, 0.68, 0.57, 0.62, 0.29, 0.67, 1.0, 0.25, 0.77, 0.38, 0.44, 0.25, 0.62, 0.59, 0.61, 0.76, 0.75, 0.75, 0.69, 0.58, 0.26, 0.58, 0.57, 0.39, 0.45, 0.75, 0.23, 0.0, 0.59, 0.7, 0.21, 0.39, 0.44, 0.65, 0.47, 0.33, 0.68, 0.4, 0.6, 0.48, 0.74, 0.44, 0.63, 0.41, 0.54, 0.55, 0.25]"
228,460276,0.207,0.278,225,2025-02-23 07:22:15.750293,"['32221', '32224', '32242', '32243', '32245', '32246', '32249', '32251', '32263', '32265', '32266', '32270', '32275', '32283', '32286']","[3406, 1164, 5541, 2943, 5402, 4322, 5256, 2640, 5692, 3273, 3255, 668, 4547, 2664, 1316, 3063, 342, 2761, 3084, 2843, 3029, 3310, 4000, 214, 4396, 1117, 1268, 3249, 4757, 2498, 1786, 3474, 712, 1273, 2048, 133]","[0.38, 0.82, 0.75, 0.36, 0.85, 0.76, 0.33, 0.0, 0.27, 0.2, 0.75, 0.65, 0.34, 0.89, 0.61, 0.77, 0.17, 0.69, 0.77, 0.69, 0.6, 0.88, 0.26, 0.77, 0.72, 0.7, 0.67, 0.88, 0.25, 0.25, 0.82, 0.25, 1.0, 0.41, 0.6, 0.0, 0.84, 0.75, 0.28, 0.74, 0.81, 0.84, 0.82, 0.92, 0.8, 0.77, 0.87, 0.25, 0.64, 0.25, 0.31, 0.75, 0.75, 0.8, 0.07, 0.77, 0.25, 0.92, 0.07, 0.15, 0.4, 0.67, 0.71, 0.2, 0.68, 0.23, 0.81, 0.68, 0.81, 0.25, 0.76, 0.27, 0.5, 0.4, 0.66]"
229,1400377,0.317,0.417,225,2025-02-23 07:22:15.868434,"['32223', '32244', '32249', '32252', '32253', '32254', '32255', '32256', '32259', '32269', '32271', '32273', '32274', '32279', '32285']","[2586, 4319, 5918, 5760, 3052, 2910, 5385, 4226, 4119, 1769, 3703, 525, 1868, 1770, 5195, 4033, 3998, 3326, 4003, 374, 277, 930, 3383, 2547, 4988, 4953, 1929, 882, 557, 3720, 823, 2609, 4846, 4600, 5673, 2879]","[0.62, 0.39, 0.69, 0.63, 0.39, 0.27, 0.17, 0.25, 0.56, 0.25, 0.35, 0.38, 0.61, 0.69, 0.17, 0.6, 0.56, 0.24, 0.64, 0.63, 0.18, 0.78, 0.68, 0.73, 0.23, 0.32, 0.2, 0.59, 0.77, 0.81, 0.0, 0.76, 0.17, 0.8, 0.59, 1.0, 0.69, 0.31, 0.25, 0.0, 0.25, 1.0, 0.25, 0.6, 0.8, 1.0, 0.54, 0.68, 0.17, 0.64, 0.7, 0.5, 0.52, 0.7, 0.26, 0.25, 0.75, 0.25, 0.23, 0.25, 0.33, 0.8, 0.32, 0.34, 0.73, 0.33, 0.45, 0.35, 0.7, 0.38, 0.54, 0.5, 0.58, 0.63, 0.37]"
230,416817,0.286,0.5,230,2025-02-23 07:22:16.113562,"['32214', '32217', '32225', '32228', '32234', '32236', '32238', '32240', '32245', '32248', '32249', '32263', '32286', '32287', '32288']","[2664, 4322, 3406, 4757, 5460, 342, 2498, 712, 3500, 5692, 4520, 5594, 5065, 4184, 2761, 981, 114, 5195, 2112, 5238, 2640, 3151, 3706, 2943, 3052, 4412, 1098, 1611, 2843, 2281, 1316, 5647, 49, 1932, 5256, 3029]","[0.75, 0.76, 0.71, 0.75, 0.81, 0.69, 0.3, 0.42, 0.34, 0.23, 0.58, 0.0, 0.38, 0.87, 0.75, 0.77, 0.18, 0.65, 0.78, 0.73, 0.75, 0.9, 0.25, 0.78, 0.75, 0.65, 0.75, 0.85, 0.56, 0.65, 0.76, 0.0, 0.64, 0.5, 1.0, 0.25, 0.82, 0.51, 0.3, 0.71, 0.77, 0.78, 0.77, 0.88, 0.82, 0.79, 0.84, 0.26, 0.6, 0.75, 0.35, 0.65, 0.69, 0.76, 0.06, 0.77, 0.55, 0.87, 0.08, 0.13, 0.45, 0.54, 0.64, 0.19, 0.7, 0.3, 0.76, 0.61, 0.78, 0.42, 0.7, 0.3, 0.75, 0.25, 0.75]"
231,994272,0.367,0.583,230,2025-02-23 07:22:16.229794,"['32214', '32223', '32230', '32248', '32249', '32252', '32257', '32260', '32266', '32269', '32271', '32274', '32279', '32284', '32285']","[2547, 4988, 4319, 1770, 1533, 3998, 3244, 4780, 3089, 2609, 5771, 4119, 1297, 2910, 2693, 930, 5655, 1868, 5521, 525, 2586, 914, 2106, 5753, 5323, 1769, 2482, 374, 3373, 5817, 4312, 5385, 2656, 4226, 3581, 1012]","[1.0, 0.28, 0.63, 0.84, 0.33, 0.12, 0.16, 0.18, 0.71, 0.0, 0.36, 0.28, 0.63, 0.62, 0.14, 0.63, 1.0, 0.2, 0.69, 0.73, 0.14, 0.84, 0.76, 0.72, 0.14, 0.21, 0.09, 0.45, 0.87, 0.9, 0.26, 0.84, 0.14, 0.89, 1.0, 1.0, 0.6, 0.29, 0.0, 0.3, 0.38, 0.31, 0.35, 0.0, 0.88, 0.61, 0.0, 0.67, 0.15, 0.66, 0.75, 0.73, 1.0, 0.6, 0.18, 1.0, 0.86, 0.0, 0.22, 0.26, 0.0, 0.88, 0.21, 0.33, 0.78, 0.67, 0.37, 0.27, 0.64, 0.32, 0.5, 0.5, 0.62, 0.64, 0.31]"
232,575138,0.325,0.278,230,2025-02-23 07:22:16.343460,"['32214', '32224', '32225', '32226', '32238', '32239', '32245', '32248', '32253', '32255', '32261', '32264', '32274', '32281', '32287']","[3285, 4520, 2058, 4033, 3052, 5460, 2664, 3749, 4757, 1176, 4322, 5594, 1359, 3961, 3706, 2943, 3493, 4412, 712, 2112, 3500, 2640, 1316, 4003, 990, 5238, 1098, 1932, 5110, 114, 5541, 5264, 5692, 5003, 795, 1942]","[1.0, 0.7, 0.7, 0.53, 0.75, 0.6, 0.27, 0.37, 0.38, 0.28, 1.0, 1.0, 0.25, 0.84, 0.47, 0.74, 0.23, 0.57, 0.76, 0.72, 0.46, 0.88, 0.39, 0.77, 1.0, 1.0, 0.46, 0.81, 0.61, 0.68, 0.69, 1.0, 0.54, 0.58, 1.0, 0.28, 0.8, 0.47, 0.34, 1.0, 0.72, 0.75, 0.71, 0.84, 0.82, 0.75, 0.79, 0.0, 0.5, 0.52, 1.0, 0.63, 0.66, 0.74, 0.07, 0.72, 0.59, 0.82, 0.11, 0.16, 0.83, 0.6, 0.57, 0.22, 0.7, 0.34, 0.7, 0.5, 0.76, 0.42, 0.67, 0.33, 0.52, 0.75, 0.58]"
233,1577216,0.444,0.111,230,2025-02-23 07:22:16.464635,"['32214', '32224', '32225', '32226', '32238', '32239', '32240', '32245', '32248', '32253', '32261', '32270', '32275', '32287', '32288']","[3052, 4033, 4003, 506, 2948, 1359, 2050, 637, 3285, 1553, 4226, 3500, 539, 5758, 2058, 4622, 2761, 3694, 1176, 2840, 5195, 2664, 336, 4455, 990, 5888, 712, 4539, 4975, 5593, 576, 889, 3961, 1077, 4825, 786]","[0.25, 0.61, 0.7, 0.54, 0.64, 0.5, 0.24, 0.32, 0.42, 0.37, 0.75, 0.75, 0.0, 0.79, 0.34, 0.68, 0.33, 0.44, 0.71, 0.69, 0.33, 0.84, 0.49, 0.74, 0.0, 0.0, 0.75, 0.75, 0.65, 0.71, 0.59, 1.0, 0.39, 0.67, 1.0, 0.41, 0.77, 0.42, 0.39, 1.0, 0.65, 0.61, 0.63, 0.77, 0.8, 0.67, 0.71, 0.25, 0.35, 0.56, 0.51, 0.56, 0.58, 0.72, 0.13, 0.61, 1.0, 0.72, 0.17, 0.24, 0.47, 0.67, 0.48, 0.27, 0.69, 0.4, 0.63, 0.5, 0.73, 0.43, 0.63, 0.38, 0.55, 0.25, 0.5]"
234,924313,0.253,0.444,230,2025-02-23 07:22:16.579511,"['32214', '32234', '32240', '32242', '32243', '32247', '32248', '32251', '32253', '32263', '32264', '32270', '32275', '32283', '32286']","[2664, 5692, 5065, 3500, 2112, 1316, 5460, 2498, 1098, 4412, 2843, 3029, 3706, 4322, 4184, 1538, 981, 5594, 342, 712, 145, 2761, 3084, 4757, 2756, 2465, 2281, 1612, 5844, 111, 2943, 4710, 5647, 3151, 2494, 5654]","[0.75, 0.76, 0.71, 0.51, 0.82, 0.69, 0.31, 0.42, 0.35, 0.22, 0.59, 0.61, 0.37, 0.87, 0.58, 0.78, 0.17, 0.67, 0.79, 0.74, 1.0, 0.91, 0.31, 0.78, 0.65, 0.65, 1.0, 0.85, 1.0, 1.0, 0.77, 0.36, 0.66, 0.25, 0.75, 0.2, 0.82, 1.0, 0.29, 0.75, 0.77, 0.78, 0.77, 0.88, 0.84, 0.8, 0.84, 0.24, 0.62, 0.25, 0.25, 0.68, 0.72, 0.76, 0.05, 0.79, 1.0, 0.87, 0.07, 0.11, 0.46, 0.33, 0.65, 0.18, 0.71, 0.29, 0.76, 0.61, 0.78, 0.25, 0.7, 0.3, 0.75, 0.39, 0.64]"
235,1395288,0.374,0.306,235,2025-02-23 07:22:16.819678,"['32224', '32228', '32238', '32239', '32240', '32247', '32248', '32251', '32262', '32263', '32265', '32269', '32275', '32286', '32288']","[4322, 2664, 3406, 5541, 5692, 2943, 1316, 2640, 712, 4547, 2761, 5402, 5700, 1164, 2498, 1293, 1098, 1273, 4033, 5065, 3474, 5110, 5256, 4000, 3310, 3263, 342, 5614, 576, 5264, 1786, 1382, 2339, 4987, 3951, 3706]","[0.4, 0.76, 0.75, 0.41, 0.83, 0.71, 0.31, 0.45, 0.3, 0.26, 0.75, 0.61, 0.38, 0.87, 0.25, 0.75, 0.21, 0.65, 0.75, 0.68, 0.53, 0.87, 0.27, 0.78, 1.0, 1.0, 1.0, 0.87, 0.51, 0.59, 0.76, 0.36, 0.63, 0.25, 0.75, 0.2, 0.83, 0.75, 0.3, 0.7, 0.79, 0.79, 0.78, 0.89, 0.8, 0.77, 0.83, 0.3, 0.0, 0.0, 0.36, 1.0, 0.62, 0.78, 0.07, 1.0, 0.49, 0.88, 0.08, 0.17, 0.42, 0.83, 0.68, 0.24, 0.69, 0.29, 0.75, 0.65, 0.79, 0.44, 0.73, 0.29, 0.5, 0.42, 1.0]"
236,604639,0.185,0.472,235,2025-02-23 07:22:16.937923,"['32221', '32234', '32242', '32243', '32246', '32248', '32251', '32253', '32263', '32265', '32270', '32275', '32286', '32287', '32288']","[5256, 1164, 342, 3255, 5692, 3084, 3063, 4396, 3310, 4184, 3474, 3029, 1316, 2668, 3406, 1196, 5402, 2367, 668, 5065, 295, 2072, 391, 214, 2761, 4547, 1117, 3593, 3675, 2498, 5460, 2843, 3709, 3273, 4459, 1268]","[0.35, 0.83, 0.76, 0.35, 0.89, 0.8, 0.35, 1.0, 0.24, 0.21, 0.58, 0.67, 0.33, 0.9, 0.66, 0.78, 0.15, 0.74, 0.78, 0.69, 1.0, 0.89, 0.19, 0.79, 0.78, 0.73, 0.72, 0.9, 0.75, 0.25, 0.84, 0.26, 1.0, 0.34, 1.0, 0.13, 0.86, 0.75, 0.26, 0.75, 0.85, 0.85, 0.84, 0.93, 0.8, 0.82, 0.88, 0.22, 0.68, 0.75, 0.28, 0.75, 0.65, 0.8, 0.05, 0.77, 0.25, 0.92, 0.06, 0.13, 0.4, 0.33, 0.76, 0.21, 0.68, 0.24, 0.81, 0.71, 0.82, 0.45, 0.77, 0.25, 0.75, 0.0, 0.75]"
237,376573,0.299,0.306,235,2025-02-23 07:22:17.056133,"['32217', '32218', '32219', '32222', '32223', '32239', '32248', '32249', '32253', '32259', '32261', '32279', '32281', '32287', '32288']","[3052, 4033, 4723, 4226, 557, 5195, 882, 4003, 3703, 539, 5760, 4119, 2586, 5385, 3720, 5888, 3326, 4600, 4663, 4319, 2744, 4846, 3158, 2948, 1553, 2740, 506, 5237, 637, 4954, 2378, 277, 2879, 2612, 2338, 5658]","[0.51, 0.45, 0.73, 0.25, 0.25, 0.25, 0.19, 0.28, 0.25, 0.25, 0.36, 0.43, 0.57, 0.71, 0.2, 0.6, 0.54, 0.28, 0.63, 0.6, 0.2, 0.75, 0.61, 0.72, 0.31, 0.75, 0.29, 0.67, 0.69, 0.75, 0.43, 0.72, 0.22, 0.75, 1.0, 1.0, 0.72, 0.33, 0.48, 0.75, 0.54, 0.49, 0.5, 0.66, 0.78, 1.0, 0.58, 1.0, 0.16, 0.62, 0.66, 0.39, 0.45, 0.7, 0.25, 0.42, 0.65, 0.58, 0.27, 0.46, 0.47, 0.74, 0.38, 0.41, 0.7, 1.0, 0.5, 0.25, 0.7, 0.45, 0.57, 0.43, 0.57, 0.75, 0.5]"
238,1120954,0.24,0.583,235,2025-02-23 07:22:17.179046,"['32214', '32227', '32232', '32233', '32235', '32236', '32241', '32248', '32254', '32257', '32259', '32260', '32274', '32283', '32285']","[1596, 4927, 3128, 2011, 5114, 2338, 308, 1569, 5915, 1585, 4122, 1904, 5297, 3349, 4804, 3898, 4156, 4438, 5326, 2273, 2260, 1204, 1458, 3484, 5624, 905, 5192, 44, 5730, 3025, 2334, 4554, 2707, 2731, 5385, 1497]","[0.75, 0.19, 0.72, 0.63, 0.17, 0.15, 0.11, 0.17, 0.64, 0.76, 0.22, 0.28, 0.74, 0.0, 0.05, 0.43, 0.82, 0.08, 0.0, 0.0, 0.05, 1.0, 1.0, 0.66, 0.09, 0.17, 0.1, 0.0, 0.82, 0.85, 0.17, 0.92, 0.05, 0.92, 0.25, 0.88, 0.6, 0.2, 0.64, 0.18, 0.25, 0.21, 0.24, 0.0, 0.76, 0.0, 0.0, 0.91, 0.03, 0.72, 0.86, 0.28, 0.28, 0.62, 0.57, 0.17, 0.76, 0.24, 0.57, 0.76, 0.0, 0.88, 0.17, 0.59, 0.7, 0.67, 0.27, 0.28, 0.59, 0.5, 0.4, 0.5, 0.63, 0.74, 0.23]"
239,955327,0.372,0.028,235,2025-02-23 07:22:17.298183,"['32217', '32224', '32234', '32236', '32238', '32240', '32247', '32248', '32251', '32253', '32261', '32263', '32274', '32286', '32288']","[2943, 2664, 2112, 4757, 4322, 5460, 3706, 4520, 981, 3500, 2058, 4412, 5238, 2640, 5088, 5594, 2281, 211, 857, 5065, 5003, 1932, 1666, 1359, 357, 4987, 5541, 2189, 5692, 5110, 145, 5248, 3665, 1316, 4455, 2498]","[0.56, 0.71, 0.72, 1.0, 0.83, 0.61, 0.31, 0.43, 0.39, 0.21, 1.0, 0.59, 0.39, 0.86, 0.59, 0.79, 0.19, 0.67, 0.79, 0.73, 1.0, 0.91, 0.25, 0.79, 1.0, 0.61, 0.25, 0.84, 0.61, 0.71, 0.73, 0.37, 0.66, 0.25, 1.0, 0.21, 0.8, 0.25, 0.31, 0.75, 0.78, 0.78, 0.76, 0.88, 0.87, 0.83, 0.81, 0.0, 0.62, 0.25, 0.37, 0.69, 0.76, 0.76, 0.04, 0.81, 0.61, 0.85, 0.05, 0.1, 0.83, 0.6, 0.64, 0.19, 0.75, 0.29, 0.73, 0.61, 0.78, 0.38, 0.72, 0.3, 0.5, 0.46, 0.25]"
240,776218,0.448,0.139,240,2025-02-23 07:22:17.543339,"['32215', '32217', '32218', '32219', '32225', '32230', '32248', '32252', '32253', '32255', '32259', '32271', '32273', '32280', '32283']","[882, 557, 3703, 3052, 539, 5195, 5658, 5760, 4033, 2740, 2586, 4723, 4732, 4226, 5385, 2378, 2840, 2744, 5782, 3035, 506, 2612, 3383, 277, 4003, 238, 823, 1788, 835, 4701, 1331, 4600, 5918, 1761, 3308, 4038]","[0.39, 1.0, 0.76, 0.0, 0.25, 0.25, 0.19, 0.28, 0.39, 0.56, 0.34, 0.25, 0.55, 0.73, 0.14, 0.54, 1.0, 0.28, 0.59, 0.55, 0.17, 0.68, 0.6, 0.69, 0.36, 0.43, 0.4, 0.7, 0.58, 0.64, 0.51, 0.7, 0.24, 0.72, 0.75, 0.59, 0.74, 0.32, 1.0, 0.0, 0.54, 1.0, 0.57, 0.71, 0.66, 0.75, 0.61, 0.73, 0.15, 0.61, 0.62, 0.27, 0.3, 0.73, 0.33, 0.33, 0.53, 1.0, 0.34, 1.0, 0.42, 0.63, 0.43, 0.44, 0.65, 0.47, 0.67, 0.46, 0.69, 0.0, 0.62, 0.44, 0.56, 0.55, 0.43]"
241,1409616,0.288,0.417,240,2025-02-23 07:22:17.661421,"['32221', '32224', '32225', '32243', '32248', '32251', '32253', '32261', '32262', '32263', '32266', '32270', '32283', '32286', '32287']","[734, 2072, 391, 3063, 3255, 182, 4459, 4725, 1164, 835, 841, 3829, 5256, 1268, 4500, 68, 2246, 1750, 1117, 3593, 5045, 5486, 2980, 5301, 1942, 2668, 206, 5847, 5763, 5157, 2715, 2172, 776, 3086, 295, 806]","[0.2, 0.88, 0.79, 0.17, 0.87, 0.89, 0.35, 0.75, 0.16, 0.26, 0.75, 0.25, 0.31, 0.91, 0.57, 0.7, 0.15, 0.71, 0.71, 0.6, 0.57, 0.82, 0.21, 0.75, 0.81, 0.78, 0.83, 0.92, 0.29, 0.0, 0.87, 0.26, 0.7, 0.3, 0.25, 0.14, 0.88, 1.0, 0.25, 1.0, 0.82, 0.86, 0.85, 0.94, 0.64, 0.72, 0.9, 0.0, 1.0, 1.0, 0.25, 0.3, 0.0, 0.83, 0.1, 0.63, 0.25, 0.93, 0.1, 0.28, 0.34, 0.26, 0.77, 0.27, 0.59, 0.23, 0.85, 0.73, 0.81, 0.5, 0.81, 0.25, 0.25, 0.0, 0.7]"
242,1564720,0.249,0.278,240,2025-02-23 07:22:17.774701,"['32225', '32227', '32229', '32232', '32233', '32241', '32248', '32253', '32257', '32260', '32268', '32274', '32277', '32280', '32284']","[5915, 1007, 5326, 3128, 1585, 846, 1204, 905, 1569, 2888, 4927, 2338, 2011, 1596, 277, 4861, 5114, 308, 4554, 3898, 4438, 3349, 4319, 1156, 4156, 1458, 2334, 5385, 3025, 128, 1651, 5562, 5192, 5733, 525, 3974]","[0.6, 0.23, 0.73, 0.59, 0.19, 0.16, 0.12, 0.16, 0.64, 0.74, 0.23, 0.25, 0.71, 0.75, 0.04, 1.0, 0.77, 0.1, 1.0, 0.75, 0.06, 0.61, 0.84, 0.65, 0.11, 0.19, 0.12, 0.0, 0.79, 0.83, 0.21, 0.9, 0.07, 0.91, 0.25, 0.87, 0.58, 0.2, 0.63, 0.0, 0.31, 0.25, 0.31, 0.0, 0.71, 0.33, 0.0, 0.9, 0.04, 0.71, 0.84, 0.31, 0.29, 0.62, 1.0, 0.21, 0.76, 0.26, 0.52, 0.72, 0.33, 0.86, 0.2, 0.83, 0.72, 0.65, 0.0, 0.27, 0.58, 0.44, 0.25, 0.59, 0.63, 0.71, 0.26]"
243,1391136,0.382,0.083,240,2025-02-23 07:22:17.893168,"['32224', '32225', '32231', '32240', '32245', '32246', '32247', '32251', '32262', '32263', '32265', '32269', '32270', '32286', '32287']","[3052, 5195, 2664, 4322, 786, 3500, 4412, 4033, 4539, 2943, 5238, 3706, 5541, 4757, 4520, 2112, 1098, 4600, 5647, 1077, 2761, 506, 1666, 2281, 4003, 835, 4975, 449, 1359, 3285, 990, 3367, 576, 5003, 2843, 5264]","[0.52, 0.65, 0.74, 0.52, 0.7, 0.57, 0.26, 0.36, 0.43, 0.31, 1.0, 0.75, 0.46, 0.83, 0.39, 0.69, 0.28, 1.0, 0.74, 0.66, 0.41, 0.86, 0.42, 0.75, 0.49, 0.53, 0.25, 0.77, 0.61, 0.69, 0.66, 0.75, 1.0, 1.0, 0.62, 0.33, 0.77, 0.25, 0.37, 0.62, 0.68, 0.71, 0.68, 0.82, 0.8, 0.73, 0.76, 0.42, 0.0, 1.0, 0.46, 0.75, 0.63, 0.74, 0.09, 1.0, 0.25, 0.77, 0.1, 0.22, 0.45, 0.63, 0.55, 0.25, 0.7, 0.34, 0.68, 0.55, 0.77, 0.42, 0.68, 0.35, 0.25, 0.25, 0.57]"
244,23509,0.313,0.333,240,2025-02-23 07:22:18.022363,"['32217', '32225', '32226', '32236', '32238', '32239', '32244', '32248', '32253', '32269', '32270', '32276', '32281', '32287', '32288']","[3052, 5195, 539, 637, 506, 4003, 3703, 4033, 2840, 4723, 2378, 2612, 5658, 4226, 557, 835, 4600, 882, 2505, 4701, 5760, 3326, 2050, 1553, 4796, 823, 2847, 990, 5888, 4846, 117, 388, 2948, 5758, 2740, 2744]","[0.42, 0.6, 0.76, 0.0, 0.58, 0.54, 0.22, 0.31, 0.39, 0.46, 0.39, 0.0, 0.25, 0.77, 0.23, 0.6, 0.41, 0.37, 0.65, 0.59, 0.25, 0.75, 0.75, 0.71, 0.0, 0.75, 0.43, 0.74, 0.58, 0.65, 0.75, 0.62, 0.33, 0.67, 0.25, 0.48, 0.76, 0.37, 0.43, 0.75, 0.6, 0.6, 0.62, 0.76, 0.71, 0.57, 0.68, 0.62, 0.24, 0.58, 0.55, 0.36, 0.41, 0.74, 0.23, 0.75, 0.75, 0.7, 0.24, 0.45, 0.43, 0.62, 0.33, 0.37, 0.67, 0.42, 0.6, 0.5, 0.72, 0.47, 0.65, 0.4, 0.54, 0.5, 0.5]"
245,915744,0.279,0.056,245,2025-02-23 07:22:18.257052,"['32221', '32224', '32231', '32240', '32243', '32248', '32251', '32262', '32263', '32265', '32266', '32281', '32283', '32286', '32287']","[3255, 1098, 5256, 342, 4725, 5692, 2668, 5460, 295, 1290, 3474, 5065, 4520, 2843, 4184, 5459, 1538, 1164, 5402, 1196, 3063, 3450, 5801, 3084, 1268, 3029, 1117, 981, 2072, 4547, 4710, 2664, 4396, 216, 5245, 5742]","[0.35, 0.84, 0.75, 0.32, 0.86, 0.79, 0.33, 1.0, 0.24, 0.23, 1.0, 0.68, 0.31, 0.9, 0.63, 0.77, 0.15, 1.0, 0.77, 0.67, 0.63, 0.87, 0.24, 0.78, 0.75, 0.75, 1.0, 0.9, 0.43, 1.0, 0.83, 0.26, 0.7, 0.37, 1.0, 0.16, 0.84, 0.75, 0.25, 0.76, 0.84, 0.84, 0.83, 0.92, 0.78, 0.8, 0.86, 0.24, 1.0, 1.0, 0.27, 0.75, 0.0, 0.8, 0.07, 0.77, 0.42, 0.92, 0.07, 0.14, 0.39, 0.41, 0.75, 0.2, 0.7, 0.24, 0.8, 1.0, 0.83, 0.25, 0.78, 0.26, 0.25, 0.25, 0.67]"
246,703527,0.346,0.417,245,2025-02-23 07:22:18.380348,"['32218', '32219', '32222', '32225', '32226', '32236', '32254', '32255', '32264', '32265', '32269', '32276', '32280', '32281', '32288']","[3052, 2664, 5195, 3500, 5647, 4322, 4412, 4003, 990, 1612, 4942, 5238, 3665, 2112, 4033, 3134, 4455, 2050, 4600, 3694, 4120, 712, 1359, 4953, 4611, 1822, 2943, 4757, 1932, 5758, 5844, 3720, 145, 4539, 4975, 5098]","[0.59, 0.59, 0.7, 0.6, 0.0, 0.25, 0.24, 0.36, 0.0, 0.33, 0.48, 0.25, 0.0, 0.81, 0.39, 0.71, 0.33, 0.46, 0.73, 0.69, 0.41, 0.86, 0.25, 0.77, 0.4, 0.51, 0.34, 0.74, 0.69, 0.75, 0.59, 0.54, 0.44, 0.65, 0.67, 0.41, 0.74, 0.44, 0.39, 0.57, 1.0, 0.75, 0.65, 0.77, 0.85, 0.74, 0.7, 0.41, 0.44, 0.55, 0.25, 1.0, 0.7, 0.71, 0.1, 1.0, 0.68, 0.74, 0.11, 0.18, 0.47, 0.69, 0.0, 0.24, 0.78, 0.35, 0.67, 0.25, 0.76, 0.38, 0.64, 0.37, 0.54, 0.53, 0.75]"
247,1511588,0.311,0.472,245,2025-02-23 07:22:18.499089,"['32223', '32225', '32226', '32230', '32233', '32236', '32239', '32240', '32242', '32244', '32259', '32269', '32281', '32283', '32287']","[3703, 539, 882, 2840, 2612, 4723, 557, 5658, 117, 835, 506, 2744, 5782, 2499, 3741, 637, 4701, 5195, 823, 2740, 3052, 216, 4033, 5855, 4535, 4003, 4065, 2378, 4838, 2289, 4226, 1396, 3094, 889, 825, 2948]","[0.29, 0.64, 0.76, 0.27, 0.53, 0.58, 0.21, 0.33, 0.29, 1.0, 0.37, 0.75, 0.0, 0.75, 0.19, 0.55, 0.75, 0.29, 0.58, 1.0, 0.2, 0.64, 0.75, 0.67, 0.42, 1.0, 0.75, 0.75, 1.0, 0.54, 0.75, 0.6, 0.25, 0.64, 0.38, 0.55, 0.78, 0.36, 0.43, 0.45, 0.63, 0.54, 0.63, 0.74, 0.62, 0.25, 0.65, 0.7, 0.18, 0.59, 0.58, 0.17, 0.26, 0.75, 0.38, 0.0, 0.46, 0.71, 0.38, 0.63, 0.4, 0.55, 0.53, 0.43, 0.62, 0.42, 0.57, 0.75, 0.75, 1.0, 0.65, 0.39, 0.54, 0.75, 0.45]"
248,320077,0.354,0.5,245,2025-02-23 07:22:18.617790,"['32218', '32219', '32236', '32238', '32239', '32240', '32245', '32248', '32253', '32264', '32266', '32281', '32286', '32287', '32288']","[539, 3052, 2840, 4033, 5195, 712, 506, 5692, 117, 2761, 216, 2943, 2050, 4003, 3951, 4723, 3285, 835, 5541, 4322, 2612, 3263, 1098, 2753, 2640, 3406, 1176, 4520, 4600, 990, 5216, 2664, 4814, 5614, 4161, 3596]","[0.38, 0.74, 0.75, 0.36, 0.75, 0.75, 0.26, 0.41, 0.29, 0.36, 0.49, 0.59, 0.4, 0.84, 0.41, 0.69, 0.29, 0.51, 0.7, 0.63, 0.42, 0.8, 1.0, 0.74, 0.75, 0.75, 1.0, 0.83, 0.52, 0.57, 0.7, 0.75, 0.49, 0.52, 1.0, 0.32, 0.8, 0.47, 0.34, 0.75, 0.75, 0.71, 0.74, 0.85, 0.74, 0.69, 0.77, 0.43, 0.43, 0.52, 0.75, 0.39, 0.75, 0.77, 0.15, 0.6, 0.49, 0.84, 0.15, 0.29, 0.41, 0.52, 0.63, 0.28, 0.69, 0.32, 0.7, 0.75, 0.79, 0.45, 0.71, 0.33, 0.75, 0.25, 0.75]"
249,568770,0.378,0.222,245,2025-02-23 07:22:18.732875,"['32214', '32219', '32224', '32225', '32226', '32230', '32236', '32238', '32239', '32264', '32269', '32276', '32281', '32287', '32288']","[3052, 4033, 3720, 3285, 5760, 4003, 5195, 2948, 5675, 5899, 5098, 1359, 4226, 5567, 5647, 1176, 4975, 2664, 449, 3961, 4611, 2755, 4412, 5242, 4062, 4539, 3500, 628, 2058, 4120, 2316, 4954, 2189, 4600, 5238, 480]","[1.0, 0.55, 0.7, 0.61, 0.59, 0.0, 0.23, 0.33, 0.47, 0.37, 0.0, 0.75, 1.0, 0.79, 0.34, 0.69, 0.0, 0.4, 0.72, 0.68, 0.36, 0.84, 0.0, 0.76, 0.0, 0.75, 0.3, 0.71, 0.71, 0.77, 0.55, 0.59, 0.38, 0.69, 0.66, 0.47, 0.72, 0.42, 0.42, 0.53, 0.64, 0.59, 0.61, 0.74, 0.84, 0.71, 0.66, 0.47, 0.38, 0.56, 1.0, 0.58, 0.67, 0.7, 0.13, 1.0, 0.7, 0.69, 0.13, 0.23, 0.48, 0.71, 0.67, 0.26, 0.77, 0.37, 0.57, 0.5, 0.74, 0.38, 0.62, 0.39, 0.55, 0.75, 1.0]"
250,1288391,0.201,0.194,250,2025-02-23 07:22:18.973843,"['32221', '32224', '32225', '32243', '32245', '32246', '32248', '32251', '32253', '32262', '32263', '32265', '32266', '32283', '32286']","[1164, 3063, 5245, 756, 3255, 2980, 5402, 1117, 5256, 214, 2072, 535, 3273, 4504, 2253, 2668, 3376, 558, 3330, 3786, 4396, 133, 1316, 3113, 206, 1266, 492, 4725, 806, 4651, 3084, 4547, 2695, 5747, 3829, 3029]","[0.27, 0.89, 0.77, 0.26, 0.91, 0.87, 0.36, 0.75, 0.17, 0.17, 1.0, 1.0, 0.3, 0.92, 0.71, 0.78, 0.12, 0.77, 0.8, 0.67, 0.69, 0.89, 0.19, 0.79, 0.82, 0.8, 0.8, 0.93, 0.32, 0.0, 0.89, 0.25, 1.0, 0.29, 0.75, 0.1, 0.9, 1.0, 0.23, 0.75, 0.86, 0.88, 0.88, 0.94, 0.73, 0.82, 0.91, 0.21, 1.0, 0.25, 0.21, 0.0, 1.0, 0.81, 0.06, 0.77, 0.34, 0.96, 0.05, 0.13, 0.35, 0.29, 0.8, 0.19, 0.62, 0.21, 0.86, 0.76, 0.83, 0.25, 0.81, 0.23, 0.0, 0.31, 0.74]"
251,1065955,0.283,0.167,250,2025-02-23 07:22:19.090994,"['32224', '32228', '32234', '32243', '32248', '32251', '32253', '32262', '32263', '32264', '32266', '32269', '32275', '32283', '32286']","[216, 835, 734, 5541, 4322, 2664, 3255, 3593, 2840, 889, 1268, 539, 3406, 2050, 391, 2668, 3474, 2072, 668, 5522, 3063, 2943, 1942, 117, 1103, 3951, 2753, 5256, 1164, 4396, 5045, 5692, 5195, 506, 2761, 712]","[0.27, 0.81, 0.77, 0.26, 0.79, 0.78, 0.29, 0.42, 0.21, 0.31, 0.75, 0.62, 0.39, 0.87, 0.75, 0.69, 0.25, 0.59, 0.72, 0.61, 0.25, 0.81, 0.32, 0.75, 0.69, 0.69, 0.7, 0.88, 0.39, 0.0, 0.8, 0.38, 0.58, 0.44, 1.0, 0.23, 0.86, 0.25, 0.31, 1.0, 0.77, 0.77, 0.79, 0.89, 0.68, 0.69, 0.83, 0.42, 0.25, 0.75, 0.0, 0.33, 0.0, 0.79, 0.14, 1.0, 0.38, 0.9, 0.13, 0.3, 0.36, 0.0, 0.68, 0.28, 0.6, 0.3, 0.77, 0.67, 0.78, 0.25, 0.75, 0.29, 0.75, 0.39, 0.63]"
252,133769,0.375,0.0,250,2025-02-23 07:22:19.204475,"['32217', '32219', '32225', '32226', '32236', '32239', '32245', '32246', '32249', '32253', '32261', '32266', '32281', '32287', '32288']","[3052, 5195, 539, 4003, 506, 3703, 4033, 1553, 4600, 3094, 4723, 4226, 2050, 449, 882, 2761, 117, 786, 2840, 3729, 3720, 3285, 5758, 2612, 637, 5760, 5888, 2943, 2744, 576, 712, 4796, 1331, 1359, 835, 2948]","[0.41, 0.62, 0.74, 0.0, 0.6, 0.75, 0.23, 0.31, 0.34, 0.43, 0.41, 1.0, 1.0, 0.78, 0.29, 0.64, 0.41, 0.37, 0.68, 0.61, 0.26, 0.77, 0.75, 0.73, 0.43, 0.0, 0.45, 0.77, 0.57, 0.64, 0.61, 0.75, 0.25, 0.66, 0.52, 0.0, 0.79, 0.4, 0.41, 1.0, 0.64, 0.59, 0.64, 0.77, 0.73, 0.6, 0.69, 1.0, 0.24, 0.57, 0.53, 0.37, 1.0, 0.74, 0.21, 0.47, 0.55, 0.76, 0.21, 0.39, 0.42, 0.64, 0.49, 0.34, 0.65, 0.42, 0.61, 0.5, 0.73, 0.45, 0.65, 0.37, 0.55, 0.5, 0.5]"
253,1398574,0.285,0.111,250,2025-02-23 07:22:19.328293,"['32214', '32217', '32219', '32224', '32225', '32226', '32238', '32239', '32240', '32253', '32261', '32269', '32270', '32281', '32287']","[3052, 3500, 3285, 2620, 2943, 4033, 2761, 2664, 4003, 712, 2050, 5195, 506, 4539, 5541, 5654, 4412, 4322, 5614, 4600, 4299, 539, 1359, 2112, 5256, 5593, 2189, 449, 216, 3367, 835, 5647, 3263, 1786, 637, 3248]","[0.25, 0.72, 0.73, 0.0, 0.74, 1.0, 0.27, 0.37, 0.31, 0.29, 0.75, 0.75, 0.75, 0.84, 0.46, 0.71, 0.27, 0.54, 0.75, 0.66, 0.43, 0.85, 0.38, 0.76, 0.0, 0.75, 0.0, 0.83, 0.53, 0.62, 0.72, 0.45, 0.53, 0.55, 0.59, 0.29, 0.82, 0.48, 0.34, 0.75, 0.73, 0.71, 0.73, 0.85, 0.78, 0.73, 0.78, 0.0, 0.42, 0.52, 0.41, 0.5, 0.59, 0.75, 0.11, 1.0, 0.75, 0.85, 0.11, 0.22, 0.41, 0.56, 0.6, 0.26, 0.67, 0.33, 0.71, 0.75, 0.76, 0.43, 0.7, 0.32, 0.51, 0.5, 0.58]"
254,446403,0.231,0.278,250,2025-02-23 07:22:19.444228,"['32214', '32224', '32225', '32228', '32231', '32234', '32238', '32245', '32246', '32251', '32253', '32266', '32276', '32281', '32286']","[1176, 3052, 2664, 3500, 1612, 2761, 4412, 4033, 4757, 1932, 1359, 2756, 2943, 712, 5692, 4520, 5204, 3285, 3706, 981, 4322, 2281, 4539, 2112, 1098, 5647, 2498, 3029, 342, 1786, 2058, 145, 5844, 2189, 5460, 3406]","[0.75, 0.73, 0.72, 0.54, 0.8, 0.64, 0.29, 0.39, 0.34, 0.21, 0.25, 0.75, 0.41, 0.86, 0.75, 0.77, 0.2, 0.75, 0.8, 0.71, 0.75, 0.9, 0.34, 0.78, 0.25, 0.62, 0.51, 0.83, 0.57, 0.66, 0.74, 0.75, 0.75, 0.52, 0.67, 0.23, 0.82, 0.75, 0.31, 1.0, 0.75, 0.76, 0.76, 0.87, 0.83, 0.81, 0.81, 0.3, 0.55, 0.5, 0.37, 0.65, 1.0, 0.74, 0.06, 0.74, 0.58, 0.87, 0.06, 0.12, 0.43, 0.58, 0.67, 0.2, 0.71, 0.3, 0.73, 0.75, 0.78, 0.39, 0.71, 0.3, 0.5, 0.42, 0.61]"
255,934585,0.325,0.056,255,2025-02-23 07:22:19.690587,"['32214', '32219', '32224', '32236', '32239', '32240', '32242', '32245', '32248', '32270', '32276', '32283', '32286', '32287', '32288']","[539, 506, 3052, 2840, 2050, 216, 117, 712, 4033, 5195, 2753, 5541, 5758, 3951, 4003, 3263, 3703, 637, 889, 2943, 5614, 42, 576, 2761, 4723, 2612, 1176, 835, 1273, 3474, 1249, 1553, 264, 2505, 4065, 3063]","[0.0, 0.71, 0.75, 0.29, 0.68, 1.0, 0.25, 0.4, 0.28, 0.4, 0.25, 0.58, 0.44, 0.84, 0.37, 0.65, 0.32, 0.49, 0.68, 0.58, 0.33, 0.77, 1.0, 0.72, 0.57, 0.25, 1.0, 0.83, 0.25, 0.54, 0.7, 0.75, 0.43, 0.51, 1.0, 0.35, 0.83, 0.43, 0.36, 0.58, 0.7, 0.69, 0.72, 0.84, 0.69, 0.64, 0.79, 0.5, 0.35, 0.53, 0.41, 0.33, 0.42, 0.77, 0.2, 0.54, 0.75, 0.82, 0.18, 0.38, 0.39, 0.51, 1.0, 0.33, 0.63, 0.35, 0.71, 0.59, 0.76, 0.25, 0.71, 0.36, 0.5, 0.0, 1.0]"
256,846170,0.273,0.306,255,2025-02-23 07:22:19.817450,"['32217', '32224', '32225', '32226', '32231', '32236', '32238', '32239', '32248', '32249', '32266', '32281', '32286', '32287', '32288']","[3052, 4322, 2664, 4412, 5195, 5647, 1077, 3285, 3706, 4600, 3500, 3406, 4757, 5238, 2943, 3367, 1932, 2050, 1176, 2189, 5758, 1612, 5844, 4033, 2281, 3592, 4975, 1666, 4120, 4455, 2112, 5692, 145, 4846, 2840, 3293]","[0.56, 0.62, 0.71, 0.75, 0.71, 0.52, 0.25, 0.37, 0.42, 0.28, 1.0, 0.25, 0.25, 0.83, 0.45, 0.72, 0.27, 0.75, 0.76, 0.69, 0.44, 0.88, 0.75, 0.76, 0.25, 0.75, 0.41, 0.78, 0.64, 0.73, 0.65, 0.48, 0.52, 0.58, 0.75, 0.0, 0.79, 0.46, 0.35, 0.63, 0.67, 0.71, 0.67, 0.81, 0.85, 0.78, 0.77, 0.37, 0.48, 0.52, 0.41, 0.64, 1.0, 0.73, 0.07, 0.75, 0.65, 0.78, 0.08, 0.16, 0.43, 0.67, 0.58, 0.21, 0.74, 0.33, 0.7, 0.25, 0.74, 0.39, 0.67, 0.38, 0.75, 0.25, 0.75]"
257,571313,0.37,0.278,255,2025-02-23 07:22:19.935435,"['32215', '32217', '32222', '32225', '32226', '32236', '32244', '32248', '32253', '32254', '32256', '32261', '32264', '32276', '32280']","[1822, 3052, 4953, 4846, 5760, 2316, 4539, 3720, 3326, 5195, 2664, 3665, 4600, 2968, 5647, 5844, 4808, 4033, 4942, 5555, 4226, 4455, 4003, 3645, 4368, 2112, 3500, 3900, 814, 1932, 4622, 4954, 3694, 4120, 2281, 4412]","[0.66, 0.25, 0.69, 1.0, 0.61, 0.35, 0.21, 0.31, 1.0, 0.32, 0.47, 0.25, 0.75, 0.78, 0.36, 0.7, 0.34, 0.44, 0.75, 0.7, 0.35, 0.88, 0.75, 0.76, 0.34, 0.44, 0.26, 0.7, 0.73, 0.81, 0.0, 0.59, 0.42, 0.69, 1.0, 0.43, 0.74, 0.41, 0.4, 0.75, 0.75, 0.63, 1.0, 0.73, 0.88, 0.76, 0.7, 0.0, 0.39, 0.55, 0.0, 0.69, 0.75, 0.69, 0.08, 0.74, 0.75, 0.67, 0.09, 0.16, 0.47, 0.78, 0.5, 0.22, 0.78, 0.38, 1.0, 0.46, 0.71, 0.36, 0.62, 0.44, 0.52, 0.59, 0.5]"
258,1285152,0.355,0.167,255,2025-02-23 07:22:20.050182,"['32217', '32231', '32240', '32242', '32246', '32247', '32248', '32261', '32263', '32266', '32270', '32275', '32281', '32286', '32288']","[539, 5692, 216, 712, 3052, 835, 2761, 1942, 5195, 506, 5541, 3474, 4322, 5256, 3255, 2943, 2664, 5700, 3406, 5614, 5535, 1098, 3951, 4065, 1316, 4814, 4442, 2620, 4600, 2050, 3310, 1117, 3263, 668, 4000, 1268]","[0.34, 0.77, 0.76, 0.0, 0.78, 0.73, 0.29, 0.45, 0.26, 0.3, 0.53, 0.63, 0.39, 0.87, 0.5, 0.7, 0.23, 0.25, 0.73, 0.63, 0.46, 0.83, 0.35, 0.75, 0.65, 0.69, 1.0, 0.86, 0.75, 0.54, 0.77, 0.38, 0.75, 0.75, 0.75, 0.25, 0.85, 0.49, 0.32, 0.68, 0.76, 0.77, 0.78, 0.88, 0.75, 0.74, 0.84, 0.25, 0.49, 0.75, 0.34, 0.42, 1.0, 0.78, 0.11, 0.67, 0.25, 0.87, 0.1, 0.24, 0.38, 0.17, 0.7, 0.26, 0.65, 0.3, 0.77, 1.0, 0.78, 0.47, 0.74, 0.32, 0.75, 0.42, 0.75]"
259,848850,0.373,0.361,255,2025-02-23 07:22:20.168063,"['32221', '32224', '32226', '32242', '32243', '32247', '32248', '32251', '32261', '32263', '32265', '32270', '32275', '32276', '32286']","[3255, 5256, 342, 214, 2072, 4000, 2640, 1164, 3406, 5065, 5402, 5460, 4184, 295, 5744, 2668, 3474, 981, 5692, 1316, 3376, 1942, 4520, 5459, 4725, 4547, 668, 5742, 1871, 1538, 114, 3706, 1117, 3063, 2339, 2664]","[0.38, 0.83, 0.76, 0.37, 0.86, 0.79, 0.34, 0.75, 0.25, 0.2, 1.0, 0.69, 0.0, 0.9, 0.67, 0.77, 0.15, 0.74, 0.8, 0.69, 0.64, 0.9, 0.25, 0.78, 0.74, 0.74, 0.7, 0.89, 0.0, 1.0, 0.83, 0.26, 0.73, 0.0, 1.0, 0.15, 0.86, 1.0, 0.26, 0.78, 0.82, 0.85, 0.83, 0.92, 0.81, 0.84, 0.89, 0.0, 0.68, 1.0, 0.25, 1.0, 0.68, 0.79, 0.05, 0.81, 0.0, 0.92, 0.05, 0.11, 0.38, 0.33, 0.67, 0.18, 0.69, 0.24, 0.83, 0.69, 0.8, 0.44, 0.77, 0.27, 0.75, 0.38, 0.71]"
260,389630,0.277,0.5,260,2025-02-23 07:22:20.406483,"['32214', '32217', '32218', '32229', '32252', '32253', '32254', '32257', '32259', '32271', '32274', '32277', '32280', '32283', '32285']","[5385, 2879, 2586, 1596, 4319, 2744, 525, 2338, 1204, 4861, 2547, 3703, 3998, 2910, 3484, 2839, 1497, 4804, 5326, 1760, 3885, 5562, 277, 882, 4226, 4554, 930, 1964, 4119, 5114, 3383, 1569, 1761, 2011, 5915, 905]","[1.0, 0.32, 0.71, 0.25, 0.25, 0.25, 0.16, 0.2, 0.52, 0.64, 0.3, 0.36, 0.67, 0.62, 0.09, 0.0, 0.71, 0.15, 0.55, 0.57, 0.09, 0.63, 0.75, 0.68, 0.16, 0.27, 0.21, 0.52, 0.77, 0.8, 0.3, 0.84, 0.11, 0.86, 0.5, 0.77, 0.68, 0.26, 0.25, 0.25, 0.25, 0.33, 0.36, 0.25, 0.73, 0.0, 0.45, 0.82, 0.07, 0.7, 0.78, 0.35, 0.33, 0.66, 0.44, 0.29, 0.72, 0.0, 0.45, 0.62, 0.33, 0.81, 0.26, 0.17, 0.68, 0.57, 0.33, 0.33, 0.63, 0.25, 0.52, 0.25, 0.58, 0.66, 0.3]"
261,1024655,0.294,0.194,260,2025-02-23 07:22:20.529374,"['32214', '32217', '32219', '32224', '32226', '32240', '32245', '32253', '32264', '32266', '32269', '32270', '32274', '32286', '32288']","[3052, 539, 506, 4033, 4322, 2664, 712, 2943, 5195, 216, 2050, 4003, 2840, 1359, 3285, 2761, 3951, 835, 2756, 5692, 2847, 2612, 3406, 1942, 3474, 990, 1316, 5614, 1176, 4600, 1268, 5535, 2060, 1553, 3500, 5123]","[0.75, 0.73, 0.74, 0.25, 0.72, 0.75, 0.28, 0.4, 0.28, 0.34, 0.0, 0.59, 0.25, 0.85, 0.43, 0.68, 0.32, 0.53, 0.7, 0.64, 0.38, 0.8, 0.37, 0.75, 0.57, 0.62, 1.0, 0.84, 0.53, 0.59, 0.72, 0.0, 0.49, 0.52, 0.53, 0.3, 0.83, 0.45, 0.34, 1.0, 0.73, 0.72, 0.72, 0.83, 0.75, 0.67, 0.79, 0.42, 0.4, 0.56, 1.0, 0.43, 0.25, 0.77, 0.13, 1.0, 0.75, 0.81, 0.15, 0.29, 0.5, 0.53, 0.62, 0.3, 0.64, 0.34, 0.72, 0.59, 0.76, 0.49, 0.71, 0.31, 0.75, 0.42, 0.5]"
262,942068,0.35,0.278,260,2025-02-23 07:22:20.653564,"['32222', '32223', '32248', '32252', '32253', '32254', '32256', '32259', '32260', '32271', '32273', '32274', '32279', '32280', '32285']","[3052, 2586, 4226, 5760, 4119, 4319, 1929, 3703, 5385, 557, 3326, 882, 5918, 3720, 4723, 2338, 4003, 2744, 5195, 1553, 3266, 4338, 5658, 637, 4033, 4954, 4846, 2378, 2096, 3383, 2948, 4663, 3139, 930, 5888, 5285]","[0.56, 0.42, 0.71, 0.58, 0.41, 0.33, 0.19, 0.25, 0.25, 0.25, 0.37, 0.42, 0.6, 0.7, 0.18, 0.58, 0.57, 0.26, 0.62, 0.62, 0.16, 0.74, 0.64, 0.72, 0.24, 0.36, 0.27, 0.61, 0.74, 0.78, 0.41, 0.75, 0.2, 0.79, 0.75, 0.63, 0.71, 0.32, 0.25, 0.0, 0.0, 0.45, 0.0, 0.6, 0.78, 0.25, 0.75, 0.69, 0.15, 0.66, 0.68, 0.47, 0.45, 0.68, 0.27, 0.45, 0.7, 0.75, 0.28, 0.25, 0.83, 0.77, 0.35, 0.4, 0.7, 0.83, 0.33, 0.39, 0.67, 0.45, 0.57, 0.5, 0.56, 0.6, 0.38]"
263,1355319,0.331,0.306,260,2025-02-23 07:22:20.776994,"['32222', '32223', '32230', '32244', '32248', '32252', '32253', '32254', '32255', '32256', '32260', '32269', '32273', '32274', '32280']","[5385, 4226, 3703, 5760, 2586, 3052, 557, 4119, 4033, 3720, 4003, 4319, 5918, 2740, 882, 3326, 823, 4846, 525, 2948, 539, 4723, 1769, 5195, 5782, 2378, 2879, 1761, 3383, 3694, 930, 2910, 1596, 5562, 2547, 4338]","[0.56, 0.42, 0.71, 0.59, 0.4, 0.32, 0.19, 0.25, 0.75, 0.0, 0.37, 0.42, 0.61, 0.7, 0.17, 0.58, 1.0, 0.25, 0.62, 0.63, 0.16, 0.74, 0.65, 0.72, 0.24, 0.35, 0.26, 0.6, 0.75, 0.79, 0.25, 0.75, 0.2, 0.8, 1.0, 0.63, 0.71, 0.32, 0.0, 0.0, 1.0, 1.0, 0.0, 0.6, 0.78, 0.53, 1.0, 0.69, 0.14, 0.66, 0.69, 0.47, 0.45, 0.68, 0.27, 0.25, 0.7, 0.5, 0.28, 0.75, 1.0, 0.78, 0.34, 0.4, 0.7, 0.49, 0.0, 0.39, 0.67, 0.45, 0.57, 0.45, 0.56, 0.6, 0.37]"
264,1185600,0.269,0.25,260,2025-02-23 07:22:20.893717,"['32221', '32234', '32242', '32243', '32246', '32248', '32251', '32253', '32263', '32264', '32265', '32266', '32278', '32283', '32286']","[1164, 5256, 2072, 1183, 5402, 1117, 3113, 391, 3310, 4396, 2298, 5742, 5747, 668, 3376, 5763, 4500, 182, 2668, 3063, 4371, 295, 4807, 5027, 5290, 4459, 5301, 1196, 734, 2246, 2980, 3474, 806, 3273, 5313, 3786]","[0.25, 0.89, 0.77, 0.22, 0.89, 0.88, 0.37, 1.0, 0.16, 0.2, 0.62, 0.73, 0.28, 0.93, 0.7, 0.76, 0.15, 0.78, 0.77, 0.67, 0.75, 0.86, 0.18, 0.78, 0.83, 0.81, 0.83, 0.93, 0.0, 0.0, 0.89, 0.2, 1.0, 0.26, 0.25, 0.11, 0.89, 1.0, 0.22, 1.0, 0.86, 0.88, 0.87, 0.93, 0.73, 0.79, 0.91, 0.2, 0.7, 0.75, 0.0, 0.75, 0.75, 0.82, 0.06, 0.75, 0.31, 0.94, 0.07, 0.16, 0.38, 0.3, 0.81, 0.21, 0.17, 0.22, 0.87, 0.74, 0.83, 0.5, 0.81, 0.21, 0.5, 0.28, 0.72]"
265,1219852,0.335,0.306,265,2025-02-23 07:22:21.138783,"['32214', '32219', '32224', '32225', '32226', '32239', '32261', '32262', '32264', '32266', '32269', '32276', '32281', '32287', '32288']","[3052, 4455, 4003, 3285, 4226, 3500, 4033, 2050, 4322, 1359, 1176, 712, 2058, 2664, 2948, 4062, 4825, 3720, 3863, 4412, 506, 5760, 4846, 5758, 4975, 3729, 480, 3694, 4539, 4345, 1433, 4120, 449, 4611, 857, 3961]","[0.75, 0.58, 0.72, 0.6, 0.63, 0.75, 0.22, 0.32, 0.45, 0.34, 0.75, 1.0, 0.25, 0.77, 0.35, 0.69, 0.35, 0.42, 0.73, 0.67, 0.34, 0.86, 0.48, 0.73, 0.39, 0.0, 0.36, 0.73, 0.67, 0.74, 0.54, 0.59, 0.4, 0.66, 0.66, 0.42, 0.74, 0.39, 0.39, 0.56, 0.63, 0.64, 0.64, 0.76, 0.82, 0.69, 0.7, 0.0, 0.0, 0.57, 1.0, 0.62, 1.0, 0.72, 0.11, 0.75, 0.66, 0.74, 0.11, 0.23, 0.48, 0.67, 0.17, 0.24, 0.75, 0.34, 0.61, 0.5, 0.72, 0.39, 0.64, 0.41, 0.55, 0.5, 0.75]"
266,497114,0.35,0.333,265,2025-02-23 07:22:21.258094,"['32215', '32217', '32218', '32219', '32222', '32223', '32225', '32226', '32236', '32244', '32249', '32261', '32264', '32274', '32281']","[3052, 3720, 4003, 4226, 4953, 5760, 4455, 4954, 2948, 5567, 4062, 2378, 4846, 2776, 3326, 4557, 3266, 4325, 480, 5899, 4033, 1359, 3694, 5675, 2664, 1822, 2316, 5195, 4883, 814, 2111, 3532, 616, 5098, 5647, 4120]","[0.68, 0.25, 0.71, 1.0, 0.75, 0.0, 0.2, 0.27, 0.75, 0.25, 0.43, 0.0, 1.0, 0.72, 0.29, 0.68, 0.42, 0.34, 0.72, 0.67, 0.28, 0.86, 0.25, 0.73, 0.28, 0.39, 0.24, 0.65, 0.75, 0.81, 1.0, 0.68, 0.32, 0.74, 0.69, 0.75, 0.7, 0.35, 0.44, 0.49, 0.56, 0.55, 0.56, 0.7, 0.84, 0.67, 0.63, 0.0, 0.29, 0.6, 0.75, 0.66, 0.67, 0.68, 0.13, 0.63, 0.74, 0.64, 0.13, 0.24, 0.83, 0.76, 0.37, 0.25, 0.78, 0.37, 0.53, 0.5, 0.69, 0.36, 0.6, 0.45, 0.57, 0.56, 0.41]"
267,329200,0.239,0.389,265,2025-02-23 07:22:21.373455,"['32219', '32220', '32221', '32224', '32234', '32242', '32243', '32247', '32248', '32251', '32263', '32265', '32266', '32283', '32286']","[1164, 4396, 2072, 5256, 3063, 5402, 5290, 5459, 2668, 3786, 3273, 2246, 4500, 5134, 4444, 5609, 5747, 4725, 4459, 2172, 214, 148, 3255, 2298, 3084, 1787, 668, 5276, 1316, 1456, 206, 806, 4371, 3829, 391, 1196]","[0.27, 0.89, 0.79, 0.24, 0.9, 1.0, 0.0, 1.0, 0.17, 0.2, 1.0, 0.72, 0.3, 0.91, 0.69, 0.76, 0.12, 0.77, 0.78, 0.65, 1.0, 0.87, 0.17, 0.76, 0.84, 0.82, 0.84, 0.93, 0.0, 0.0, 0.88, 0.21, 0.78, 0.0, 1.0, 0.11, 0.88, 1.0, 0.21, 0.81, 0.86, 0.9, 0.88, 0.94, 0.7, 0.8, 0.9, 0.19, 0.71, 0.0, 0.22, 0.75, 0.25, 0.83, 0.05, 0.75, 0.32, 0.96, 0.06, 0.16, 0.36, 0.28, 0.8, 0.19, 0.64, 0.19, 0.87, 0.76, 0.83, 0.5, 0.81, 0.26, 0.5, 0.29, 0.73]"
268,1469520,0.258,0.361,265,2025-02-23 07:22:21.496507,"['32219', '32224', '32234', '32242', '32243', '32247', '32248', '32251', '32263', '32265', '32266', '32270', '32275', '32283', '32286']","[2943, 2498, 214, 3406, 3330, 5541, 2668, 4322, 668, 1242, 1164, 2048, 3249, 1176, 2664, 3029, 3255, 3450, 211, 4000, 5256, 342, 2761, 3063, 2640, 5594, 5402, 4547, 4520, 1612, 5248, 2465, 5692, 981, 3273, 3084]","[0.47, 0.8, 0.76, 0.45, 0.84, 1.0, 0.31, 0.46, 0.29, 0.21, 0.25, 0.64, 0.37, 0.88, 0.63, 0.77, 0.16, 0.69, 0.79, 0.7, 1.0, 0.9, 0.25, 0.76, 0.68, 0.71, 0.65, 0.87, 0.0, 0.75, 0.78, 0.32, 0.69, 0.0, 1.0, 0.18, 0.83, 0.25, 0.26, 0.75, 0.79, 0.83, 0.81, 0.9, 0.8, 0.81, 0.85, 0.22, 0.65, 0.25, 0.3, 1.0, 1.0, 0.78, 0.05, 0.78, 0.0, 0.92, 0.05, 0.12, 0.43, 0.83, 0.68, 0.17, 0.72, 0.23, 0.8, 0.66, 0.79, 0.25, 0.76, 0.31, 0.5, 0.37, 0.65]"
269,1136452,0.337,0.306,265,2025-02-23 07:22:21.611244,"['32219', '32224', '32231', '32238', '32242', '32245', '32246', '32247', '32262', '32263', '32266', '32269', '32275', '32286', '32288']","[2664, 835, 216, 5692, 2943, 4322, 2761, 1268, 5195, 3052, 3951, 1098, 3406, 506, 4757, 5541, 3255, 2620, 2640, 391, 2840, 3706, 1316, 5460, 5535, 5256, 3500, 4520, 1942, 2843, 712, 5045, 4600, 342, 981, 114]","[0.4, 0.77, 0.76, 0.38, 0.8, 0.75, 0.28, 0.43, 0.28, 0.28, 1.0, 0.61, 0.4, 0.86, 0.51, 0.72, 0.22, 0.75, 0.74, 0.65, 0.49, 0.85, 0.3, 0.74, 0.75, 0.67, 0.65, 0.86, 0.75, 0.54, 0.76, 0.25, 0.75, 0.75, 0.58, 0.23, 0.83, 0.46, 0.29, 0.69, 0.76, 0.8, 0.78, 0.88, 0.74, 0.73, 0.82, 0.32, 0.75, 0.75, 0.36, 0.49, 0.25, 0.78, 0.09, 0.75, 0.47, 0.9, 0.1, 0.22, 0.41, 0.5, 0.65, 0.23, 0.69, 0.26, 0.77, 0.64, 0.78, 0.45, 0.73, 0.34, 0.75, 0.39, 0.75]"
270,926113,0.402,0.056,270,2025-02-23 07:22:21.856426,"['32214', '32215', '32222', '32223', '32225', '32226', '32230', '32236', '32244', '32248', '32249', '32253', '32254', '32265', '32274']","[3052, 3720, 4003, 4226, 5195, 3326, 4846, 5098, 4953, 814, 3094, 2948, 2378, 1553, 2058, 4062, 1331, 2664, 4954, 4033, 1822, 5555, 4600, 3134, 1359, 5760, 4455, 5899, 2505, 1176, 4030, 3285, 3500, 506, 576, 480]","[1.0, 0.75, 0.71, 0.6, 0.57, 0.4, 0.22, 0.32, 0.0, 0.0, 0.43, 0.0, 1.0, 0.77, 0.33, 0.68, 1.0, 0.39, 0.72, 0.67, 0.31, 0.85, 1.0, 0.75, 0.36, 0.44, 0.3, 0.69, 0.67, 0.77, 1.0, 0.64, 0.35, 0.71, 0.75, 0.75, 0.74, 0.38, 0.44, 1.0, 1.0, 0.56, 0.58, 0.73, 0.83, 0.67, 0.66, 0.5, 0.33, 0.58, 0.56, 1.0, 0.62, 0.71, 0.11, 0.64, 0.7, 0.68, 0.14, 0.25, 1.0, 0.74, 0.43, 0.26, 0.76, 0.4, 0.57, 0.45, 0.74, 0.41, 0.62, 0.42, 0.53, 0.55, 0.45]"
271,1118532,0.321,0.417,270,2025-02-23 07:22:21.983688,"['32214', '32217', '32240', '32242', '32245', '32247', '32248', '32249', '32251', '32262', '32263', '32266', '32275', '32286', '32287']","[2843, 5692, 2664, 342, 2761, 1316, 3406, 2498, 5460, 4184, 4322, 3029, 981, 5065, 4412, 114, 4757, 5594, 3500, 2465, 2112, 5402, 3255, 5238, 1176, 3706, 2943, 3084, 3248, 2494, 1538, 1098, 1666, 2281, 5647, 712]","[1.0, 0.79, 0.75, 0.25, 0.83, 0.7, 0.33, 0.46, 0.35, 0.2, 0.59, 0.63, 0.38, 0.89, 0.63, 0.78, 0.19, 0.68, 0.79, 0.72, 0.61, 0.91, 0.29, 0.79, 0.66, 0.65, 0.75, 0.85, 0.75, 0.64, 0.78, 0.25, 0.68, 0.25, 0.75, 0.25, 0.82, 0.75, 0.3, 0.74, 0.8, 0.8, 0.78, 0.89, 0.84, 0.81, 0.84, 0.24, 1.0, 0.0, 0.33, 0.66, 1.0, 0.78, 0.04, 0.82, 0.56, 0.89, 0.05, 0.11, 0.44, 0.83, 0.67, 0.17, 0.75, 0.26, 0.77, 0.62, 0.81, 0.43, 0.75, 0.3, 0.5, 0.0, 0.63]"
272,814981,0.513,0.0,270,2025-02-23 07:22:22.099515,"['32217', '32223', '32239', '32248', '32252', '32256', '32257', '32259', '32260', '32269', '32271', '32274', '32279', '32280', '32285']","[3052, 3703, 4226, 882, 4033, 3720, 2586, 5760, 4701, 5782, 823, 4003, 2378, 557, 539, 838, 3266, 5658, 506, 4723, 1359, 5918, 5888, 2948, 5195, 3383, 3139, 2744, 637, 1331, 3326, 5758, 2612, 4954, 4319, 4663]","[0.48, 0.53, 0.72, 1.0, 0.48, 0.43, 0.19, 0.29, 0.43, 1.0, 0.35, 0.45, 0.57, 0.73, 0.21, 0.6, 0.52, 0.28, 0.63, 0.6, 0.2, 0.75, 0.6, 0.71, 0.35, 0.0, 0.35, 0.7, 0.62, 0.71, 0.48, 0.72, 0.23, 0.73, 0.0, 0.59, 0.75, 0.33, 0.0, 0.44, 0.57, 0.48, 1.0, 1.0, 0.73, 1.0, 1.0, 0.66, 0.19, 0.61, 0.63, 0.38, 0.4, 0.71, 0.25, 0.0, 0.61, 1.0, 0.27, 0.46, 0.67, 0.73, 0.39, 0.37, 0.7, 1.0, 0.0, 0.44, 0.72, 0.45, 0.6, 0.75, 0.55, 0.57, 0.41]"
273,1474528,0.321,0.361,270,2025-02-23 07:22:22.213131,"['32214', '32215', '32218', '32222', '32223', '32230', '32248', '32249', '32252', '32254', '32256', '32274', '32279', '32280', '32285']","[3052, 4226, 5195, 4003, 4119, 3720, 3326, 4846, 5760, 4600, 2586, 4033, 4953, 637, 3703, 4319, 2948, 252, 539, 1553, 5918, 1359, 557, 3158, 3285, 2547, 3694, 4723, 1822, 990, 1929, 4954, 4062, 3266, 823, 930]","[1.0, 0.25, 0.71, 0.6, 0.25, 0.35, 0.19, 0.28, 0.25, 0.0, 0.38, 0.43, 0.57, 0.73, 0.25, 0.64, 0.75, 0.31, 0.68, 0.65, 0.23, 0.81, 0.61, 0.73, 0.3, 0.39, 0.26, 0.65, 0.69, 0.78, 0.45, 0.72, 0.26, 0.76, 0.75, 0.75, 0.72, 0.34, 0.25, 0.45, 0.75, 0.48, 0.0, 0.67, 0.8, 0.61, 0.6, 0.6, 0.24, 0.6, 0.62, 0.54, 0.55, 0.7, 0.17, 0.55, 0.71, 0.59, 0.2, 0.34, 0.5, 0.77, 0.37, 0.31, 0.75, 0.33, 0.83, 0.41, 0.72, 0.41, 0.58, 0.0, 0.55, 0.59, 0.4]"
274,1248307,0.222,0.417,270,2025-02-23 07:22:22.331317,"['32214', '32221', '32225', '32239', '32242', '32243', '32246', '32247', '32248', '32251', '32266', '32270', '32275', '32283', '32286']","[4547, 5065, 2498, 1316, 5692, 5256, 1242, 2367, 295, 2668, 342, 3084, 1611, 4184, 214, 1164, 4396, 3255, 1932, 1293, 5075, 1098, 67, 5460, 2044, 981, 2468, 3450, 3406, 3063, 2072, 3474, 1538, 3706, 1117, 5027]","[0.75, 0.85, 0.76, 0.43, 0.88, 0.78, 0.37, 1.0, 0.3, 0.16, 0.64, 0.75, 0.33, 0.91, 0.71, 0.81, 0.14, 0.76, 0.81, 0.73, 0.7, 0.92, 0.23, 0.8, 0.75, 1.0, 0.67, 0.89, 0.25, 0.75, 0.84, 0.27, 1.0, 0.0, 1.0, 0.13, 0.85, 1.0, 0.26, 0.8, 0.85, 0.85, 0.83, 0.92, 0.83, 0.83, 0.88, 0.18, 0.73, 0.44, 0.26, 0.67, 1.0, 0.8, 0.03, 0.85, 0.75, 0.93, 0.04, 0.09, 0.43, 0.0, 0.74, 0.15, 0.74, 0.23, 0.82, 0.68, 0.83, 0.25, 0.79, 0.26, 0.75, 0.35, 0.68]"
275,742706,0.303,0.333,275,2025-02-23 07:22:22.578669,"['32214', '32215', '32218', '32226', '32230', '32244', '32248', '32252', '32255', '32256', '32266', '32273', '32279', '32280', '32281']","[3052, 4003, 5760, 5195, 4119, 3720, 4226, 2586, 4033, 4319, 4663, 4600, 3703, 3158, 5758, 5385, 882, 930, 637, 4846, 3266, 3326, 4954, 4622, 5918, 1331, 4953, 449, 253, 1553, 5675, 4689, 3139, 5888, 4455, 4883]","[0.25, 0.25, 0.7, 0.62, 0.0, 0.35, 0.19, 0.27, 0.5, 0.46, 0.4, 0.42, 0.75, 0.69, 0.2, 0.64, 0.25, 0.29, 0.67, 0.64, 0.22, 0.79, 0.6, 0.73, 0.3, 0.38, 0.27, 0.68, 0.73, 0.78, 0.25, 0.72, 0.28, 0.78, 0.75, 0.6, 0.72, 0.35, 0.25, 0.43, 0.56, 0.25, 0.75, 0.69, 0.81, 0.59, 0.6, 0.63, 0.19, 0.61, 0.63, 0.54, 0.75, 0.69, 0.19, 0.54, 0.7, 0.59, 0.22, 0.25, 0.47, 0.75, 0.41, 0.33, 0.74, 0.33, 0.67, 0.25, 0.67, 0.4, 0.59, 0.44, 0.58, 0.59, 0.39]"
276,1239974,0.293,0.194,275,2025-02-23 07:22:22.698258,"['32225', '32226', '32236', '32238', '32239', '32248', '32253', '32261', '32264', '32266', '32273', '32276', '32281', '32287', '32288']","[3052, 4003, 4033, 5195, 637, 4226, 539, 1553, 4600, 3158, 3703, 3720, 506, 2586, 882, 5758, 4975, 5888, 4723, 2612, 5760, 1359, 5899, 2943, 2505, 4455, 2744, 1331, 2378, 5675, 449, 2948, 4622, 3285, 3094, 1176]","[0.53, 0.52, 0.71, 0.57, 0.57, 0.44, 0.21, 0.31, 0.45, 0.41, 0.43, 0.75, 0.25, 0.74, 0.26, 0.67, 0.41, 0.36, 0.69, 0.65, 0.28, 0.81, 0.75, 0.74, 0.25, 0.75, 0.35, 0.74, 0.68, 0.74, 0.55, 0.65, 0.36, 0.72, 0.25, 0.51, 0.75, 0.39, 0.45, 0.75, 0.62, 0.57, 0.56, 0.76, 0.8, 0.64, 0.67, 1.0, 0.25, 0.59, 0.75, 0.53, 1.0, 0.72, 0.15, 0.59, 0.65, 0.68, 0.18, 0.0, 0.45, 0.7, 0.17, 0.3, 0.73, 0.43, 0.59, 0.5, 0.7, 0.42, 0.63, 0.41, 0.57, 0.5, 0.5]"
277,1135569,0.211,0.417,275,2025-02-23 07:22:22.817863,"['32221', '32226', '32234', '32242', '32243', '32246', '32248', '32263', '32265', '32269', '32270', '32276', '32281', '32283', '32286']","[5290, 1164, 4396, 2668, 214, 3406, 5402, 5256, 3310, 342, 5027, 2980, 3330, 3273, 5742, 756, 4184, 67, 3255, 2048, 3063, 2298, 2072, 5692, 3188, 5801, 5459, 5747, 806, 1117, 1293, 1183, 4459, 2019, 4444, 2498]","[0.34, 0.84, 0.75, 0.35, 0.89, 0.82, 0.36, 1.0, 0.22, 0.18, 0.61, 0.68, 0.75, 0.9, 0.66, 0.79, 0.14, 0.74, 0.78, 0.7, 1.0, 0.89, 0.2, 0.79, 0.78, 0.76, 0.75, 0.92, 0.0, 0.75, 0.86, 0.24, 1.0, 0.34, 0.25, 0.13, 0.87, 0.58, 0.24, 0.81, 0.85, 0.87, 0.82, 0.94, 0.79, 0.83, 0.89, 0.2, 0.7, 0.0, 0.25, 1.0, 0.65, 0.81, 0.05, 1.0, 0.0, 0.93, 0.06, 0.13, 0.38, 0.39, 1.0, 0.18, 0.7, 0.22, 0.84, 0.75, 0.8, 0.25, 0.79, 0.25, 0.5, 0.34, 0.7]"
278,752067,0.214,0.222,275,2025-02-23 07:22:22.932763,"['32220', '32221', '32224', '32226', '32228', '32240', '32246', '32248', '32251', '32262', '32263', '32265', '32266', '32283', '32286']","[3063, 1164, 3255, 1067, 3474, 3572, 4459, 756, 4396, 2715, 4696, 3095, 4500, 3330, 2341, 4725, 206, 535, 2253, 2172, 1480, 1754, 2668, 5402, 2980, 148, 2072, 5320, 2010, 5801, 5256, 810, 1456, 214, 558, 68]","[0.2, 0.89, 0.78, 0.19, 0.92, 0.9, 1.0, 1.0, 0.15, 0.2, 0.25, 0.72, 0.0, 0.92, 1.0, 0.77, 0.13, 0.76, 0.76, 0.65, 0.66, 0.86, 0.17, 0.77, 0.85, 0.82, 1.0, 0.95, 0.3, 0.34, 0.9, 0.19, 1.0, 0.26, 1.0, 0.11, 0.9, 1.0, 0.21, 0.83, 0.88, 0.9, 0.86, 0.95, 0.69, 0.8, 0.91, 0.2, 1.0, 0.25, 0.21, 0.0, 0.0, 0.84, 0.06, 0.75, 0.27, 0.96, 0.08, 0.19, 0.34, 0.27, 0.82, 0.21, 0.63, 0.2, 0.88, 0.79, 0.82, 0.0, 0.82, 0.23, 0.25, 0.31, 0.75]"
279,438546,0.405,0.0,275,2025-02-23 07:22:23.045541,"['32223', '32226', '32230', '32242', '32244', '32248', '32253', '32254', '32264', '32276', '32280', '32281', '32283', '32287', '32288']","[5195, 216, 506, 3052, 835, 117, 2840, 3703, 539, 4033, 5541, 2943, 4003, 188, 4600, 2664, 2612, 2753, 4846, 2761, 1098, 576, 712, 3263, 2620, 3720, 4226, 4723, 5692, 3406, 4322, 2050, 2379, 1553, 4701, 391]","[0.38, 0.65, 0.74, 0.4, 0.68, 0.63, 0.25, 0.37, 0.33, 1.0, 0.46, 0.53, 1.0, 0.8, 0.32, 0.67, 1.0, 0.45, 0.68, 0.62, 0.35, 0.79, 0.43, 0.73, 0.54, 0.57, 0.54, 0.83, 1.0, 0.6, 0.75, 0.52, 0.45, 0.59, 0.75, 0.39, 0.81, 0.43, 0.38, 0.75, 1.0, 0.67, 0.66, 0.83, 0.73, 0.64, 0.75, 0.5, 0.33, 0.55, 0.25, 0.42, 0.46, 0.76, 0.17, 0.56, 0.51, 0.8, 0.2, 0.37, 0.41, 0.56, 1.0, 0.31, 0.68, 0.37, 1.0, 0.75, 0.73, 0.25, 0.69, 0.36, 0.55, 0.25, 1.0]"
280,1433789,0.197,0.306,280,2025-02-23 07:22:23.288426,"['32218', '32221', '32224', '32234', '32239', '32243', '32245', '32246', '32249', '32263', '32265', '32275', '32283', '32286', '32288']","[1164, 5256, 391, 3310, 3255, 342, 2072, 3084, 668, 3273, 3474, 1942, 216, 214, 3063, 2668, 5402, 1117, 1316, 806, 5290, 295, 3406, 4396, 1268, 5692, 4459, 4184, 3113, 1787, 2640, 734, 3675, 4547, 5541, 3376]","[0.33, 0.86, 0.77, 0.32, 1.0, 0.84, 0.34, 0.75, 0.22, 0.23, 0.75, 0.68, 0.33, 0.9, 0.64, 0.74, 0.15, 0.7, 0.78, 0.67, 1.0, 0.87, 0.23, 0.79, 0.76, 0.75, 0.72, 0.9, 0.4, 0.25, 0.83, 0.25, 1.0, 0.35, 0.57, 0.75, 0.87, 0.56, 0.26, 0.77, 0.85, 0.85, 0.85, 0.91, 0.77, 0.8, 0.88, 0.25, 0.63, 0.75, 0.25, 0.75, 0.6, 0.8, 0.06, 0.73, 0.39, 0.92, 0.09, 0.17, 0.4, 0.33, 0.76, 0.21, 0.66, 0.23, 0.81, 0.72, 0.82, 0.75, 0.78, 0.28, 0.5, 0.35, 1.0]"
281,1494226,0.286,0.333,280,2025-02-23 07:22:23.404188,"['32217', '32224', '32231', '32240', '32242', '32245', '32246', '32247', '32249', '32251', '32261', '32263', '32270', '32286', '32287']","[2761, 4322, 2498, 1316, 1098, 3593, 3474, 2843, 5460, 2943, 216, 5692, 342, 3263, 3063, 4184, 1164, 3029, 2664, 1176, 3084, 3255, 712, 3406, 5256, 4033, 5654, 3052, 1787, 5812, 5248, 5065, 3310, 5541, 5402, 4161]","[0.4, 0.8, 0.75, 0.25, 0.81, 0.76, 0.3, 0.44, 0.28, 0.27, 0.0, 0.63, 0.38, 0.87, 0.56, 0.72, 0.2, 1.0, 0.77, 0.67, 0.53, 0.87, 0.3, 0.78, 0.67, 0.66, 0.75, 0.86, 1.0, 0.56, 0.76, 0.75, 1.0, 0.25, 0.6, 0.0, 0.85, 0.75, 0.3, 0.71, 0.8, 0.79, 0.8, 0.87, 0.79, 0.77, 0.84, 0.25, 0.54, 0.25, 0.32, 0.53, 0.61, 0.78, 0.07, 0.7, 1.0, 0.87, 0.1, 0.19, 0.43, 0.5, 0.69, 0.22, 0.68, 0.27, 0.74, 0.66, 0.8, 0.43, 0.74, 0.31, 0.5, 0.0, 0.62]"
282,1637909,0.359,0.194,280,2025-02-23 07:22:23.521563,"['32218', '32223', '32225', '32226', '32239', '32240', '32243', '32245', '32249', '32259', '32261', '32275', '32283', '32287', '32288']","[539, 2612, 2840, 216, 3703, 117, 835, 506, 4723, 3052, 882, 4065, 637, 5195, 2753, 3951, 4033, 4701, 238, 5658, 5541, 823, 4442, 2943, 2379, 4838, 557, 5614, 4003, 4322, 3561, 391, 889, 1268, 990, 3574]","[0.28, 0.75, 0.78, 0.26, 1.0, 0.7, 0.25, 0.37, 0.26, 0.75, 0.39, 0.75, 0.25, 0.81, 0.32, 0.6, 0.37, 0.41, 0.65, 0.55, 0.3, 0.72, 0.44, 0.73, 0.56, 0.75, 1.0, 0.82, 0.46, 0.0, 0.66, 0.75, 0.39, 0.54, 0.42, 0.75, 0.83, 0.41, 0.37, 0.55, 0.72, 0.66, 0.73, 0.8, 0.64, 1.0, 0.74, 1.0, 0.26, 0.55, 0.44, 0.26, 0.32, 0.78, 0.25, 0.43, 0.39, 0.81, 0.3, 0.51, 0.38, 0.67, 0.61, 0.39, 0.59, 0.36, 0.65, 0.59, 0.76, 0.5, 0.69, 0.37, 0.54, 0.75, 0.75]"
283,102496,0.273,0.25,280,2025-02-23 07:22:23.635245,"['32217', '32227', '32229', '32232', '32241', '32249', '32257', '32259', '32260', '32272', '32274', '32277', '32279', '32284', '32285']","[5915, 1585, 3128, 4927, 905, 3349, 5114, 2888, 1204, 1596, 1156, 1007, 2011, 1569, 1458, 308, 4156, 2731, 2338, 3898, 5326, 2260, 44, 3025, 1651, 4122, 5192, 2334, 846, 4438, 1883, 1904, 3974, 4554, 5297, 2596]","[0.61, 0.2, 0.7, 1.0, 0.16, 0.13, 0.12, 0.14, 0.68, 0.74, 0.2, 0.26, 0.75, 0.0, 0.05, 1.0, 0.81, 0.08, 1.0, 0.54, 0.05, 0.58, 0.88, 0.66, 0.09, 0.18, 0.1, 0.0, 0.82, 0.84, 0.16, 0.91, 0.05, 0.92, 0.5, 1.0, 0.59, 0.21, 0.65, 0.18, 0.28, 0.19, 0.27, 0.0, 0.75, 0.0, 0.0, 0.91, 0.03, 0.72, 0.84, 0.33, 0.3, 0.59, 0.56, 0.19, 0.77, 0.23, 1.0, 0.77, 0.0, 0.9, 0.18, 0.83, 0.68, 1.0, 0.21, 0.22, 0.59, 0.39, 0.5, 0.25, 0.66, 0.74, 0.2]"
284,565113,0.35,0.167,280,2025-02-23 07:22:23.753016,"['32215', '32218', '32222', '32248', '32249', '32254', '32256', '32259', '32260', '32271', '32273', '32274', '32279', '32284', '32285']","[5385, 4319, 4119, 2586, 2338, 277, 5562, 930, 1788, 2910, 5915, 2879, 4554, 557, 5326, 4226, 1020, 1596, 3885, 3052, 882, 2547, 5760, 3998, 2744, 5237, 3703, 3383, 4861, 525, 5918, 374, 2839, 1868, 252, 4012]","[0.56, 0.0, 0.71, 0.61, 0.0, 0.27, 0.17, 0.21, 0.0, 0.59, 0.29, 0.37, 0.64, 0.63, 0.14, 0.53, 0.63, 0.18, 0.61, 0.59, 0.13, 0.7, 0.75, 0.7, 0.2, 0.3, 0.2, 0.56, 0.75, 0.78, 0.32, 0.81, 0.14, 0.84, 1.0, 0.75, 0.69, 0.29, 0.54, 0.32, 0.0, 0.36, 0.0, 0.55, 0.77, 0.75, 0.75, 0.78, 0.1, 0.65, 0.72, 0.41, 0.41, 0.65, 0.34, 0.35, 0.7, 0.25, 0.38, 0.75, 0.33, 0.83, 0.3, 0.43, 0.69, 0.17, 0.36, 0.34, 0.67, 0.4, 0.75, 0.75, 0.62, 0.64, 0.31]"
285,1376579,0.278,0.278,285,2025-02-23 07:22:23.998553,"['32224', '32226', '32228', '32240', '32245', '32246', '32247', '32263', '32264', '32266', '32269', '32270', '32281', '32286', '32287']","[3052, 4033, 4322, 2761, 576, 2943, 712, 3263, 506, 5541, 2664, 5692, 3474, 3285, 1786, 5758, 5195, 637, 1359, 4003, 2050, 2840, 539, 1176, 216, 2505, 5535, 1273, 3106, 835, 1098, 4161, 3596, 1316, 3729, 2753]","[0.4, 0.73, 0.77, 0.38, 0.75, 0.66, 0.28, 0.43, 0.3, 0.28, 0.25, 0.58, 0.25, 0.84, 0.25, 0.7, 0.24, 0.58, 0.71, 0.65, 0.46, 0.85, 0.35, 0.76, 0.61, 0.62, 1.0, 0.85, 0.53, 0.59, 0.72, 0.75, 1.0, 0.75, 0.56, 0.27, 0.83, 0.47, 0.33, 0.68, 0.74, 0.78, 0.75, 0.86, 0.78, 0.72, 0.8, 0.38, 0.48, 0.25, 0.0, 0.47, 0.75, 0.79, 0.1, 0.75, 0.75, 0.86, 0.12, 0.24, 0.42, 0.54, 0.62, 0.25, 0.69, 0.3, 0.72, 0.75, 0.75, 0.44, 0.71, 0.33, 0.75, 0.25, 0.59]"
286,693094,0.289,0.361,285,2025-02-23 07:22:24.117501,"['32214', '32244', '32248', '32252', '32254', '32255', '32259', '32260', '32266', '32271', '32273', '32274', '32279', '32281', '32285']","[5385, 2586, 3052, 4226, 882, 3383, 5760, 2338, 557, 3703, 2744, 4319, 277, 3720, 5326, 2879, 930, 4119, 2740, 2547, 4723, 2011, 3885, 1007, 5782, 1204, 506, 1760, 122, 823, 5195, 1020, 2499, 1788, 3484, 4672]","[1.0, 0.4, 0.73, 0.52, 0.34, 0.3, 0.16, 0.25, 0.52, 0.58, 0.33, 0.37, 0.63, 0.62, 0.15, 0.54, 0.59, 0.22, 0.58, 0.58, 0.14, 0.71, 0.7, 0.69, 0.23, 0.33, 0.27, 0.62, 0.73, 0.77, 0.0, 0.77, 0.17, 0.8, 0.25, 0.69, 0.72, 0.29, 0.75, 0.38, 0.75, 0.0, 0.44, 0.6, 0.76, 0.75, 0.75, 0.77, 0.12, 0.66, 0.72, 0.35, 0.25, 0.7, 0.32, 0.35, 0.68, 0.75, 0.37, 0.75, 0.67, 0.78, 0.32, 0.42, 0.71, 0.83, 0.45, 0.25, 0.65, 0.44, 0.54, 0.25, 0.61, 0.65, 0.35]"
287,538488,0.371,0.5,285,2025-02-23 07:22:24.232485,"['32223', '32227', '32230', '32241', '32244', '32257', '32259', '32260', '32265', '32273', '32274', '32280', '32281', '32284', '32285']","[2910, 4319, 715, 4988, 4119, 2547, 2586, 1012, 2609, 930, 1868, 3998, 4780, 1770, 525, 5771, 1769, 2693, 5753, 5521, 2338, 4641, 1533, 3244, 4226, 3089, 2482, 5760, 5326, 4312, 374, 1297, 5385, 5915, 5673, 5655]","[0.76, 0.25, 0.68, 0.8, 0.27, 0.14, 0.14, 0.2, 0.72, 0.0, 0.34, 0.3, 0.67, 0.75, 0.15, 0.6, 0.75, 0.2, 0.64, 0.66, 0.15, 0.81, 0.77, 0.72, 0.12, 0.22, 0.11, 0.25, 0.86, 0.9, 0.0, 0.83, 0.15, 0.87, 0.69, 0.74, 0.63, 0.27, 0.57, 0.34, 0.4, 0.36, 0.35, 0.0, 0.88, 0.25, 0.0, 0.75, 0.13, 0.67, 0.78, 1.0, 0.64, 0.63, 0.2, 0.48, 0.84, 0.35, 0.25, 0.0, 0.83, 0.89, 0.22, 0.33, 0.8, 0.58, 0.17, 0.25, 0.63, 0.35, 1.0, 1.0, 0.64, 0.74, 0.3]"
288,194949,0.209,0.667,285,2025-02-23 07:22:24.350252,"['32221', '32231', '32242', '32243', '32248', '32251', '32262', '32263', '32265', '32269', '32270', '32275', '32281', '32283', '32286']","[5256, 3255, 342, 4547, 1117, 3474, 295, 1164, 3063, 5402, 1316, 3084, 1942, 668, 4184, 5692, 3113, 2668, 1098, 2044, 1787, 3376, 3029, 214, 2843, 3273, 5065, 2072, 1538, 4257, 1268, 3450, 981, 5460, 2761, 2367]","[0.37, 0.84, 0.78, 0.35, 0.88, 0.8, 0.36, 0.75, 0.22, 0.17, 0.63, 0.67, 0.33, 0.9, 0.68, 0.77, 0.13, 1.0, 0.77, 0.7, 0.66, 0.91, 0.21, 0.79, 0.77, 0.74, 0.74, 0.91, 0.25, 0.25, 0.84, 0.25, 0.76, 0.35, 0.75, 0.13, 0.86, 0.75, 0.24, 0.8, 0.83, 0.88, 0.85, 0.93, 0.81, 0.82, 0.88, 0.2, 1.0, 0.75, 0.25, 0.75, 0.67, 0.82, 0.05, 1.0, 0.75, 0.94, 0.05, 0.12, 0.4, 0.0, 0.75, 0.17, 0.69, 0.21, 0.81, 0.75, 0.79, 0.25, 0.78, 0.26, 0.5, 0.37, 0.7]"
289,226832,0.227,0.417,285,2025-02-23 07:22:24.468074,"['32221', '32224', '32228', '32240', '32242', '32243', '32247', '32248', '32251', '32263', '32265', '32266', '32281', '32283', '32286']","[1164, 3255, 214, 3063, 2668, 756, 295, 5256, 1117, 3161, 5402, 4725, 3273, 3572, 3406, 5245, 2640, 5692, 206, 535, 3474, 342, 2980, 5134, 3310, 4504, 1242, 3113, 1293, 4807, 1316, 2253, 3084, 4184, 2044, 1787]","[0.33, 0.85, 0.79, 0.3, 0.88, 0.82, 0.36, 0.75, 0.2, 0.18, 0.75, 0.68, 0.33, 0.9, 1.0, 0.76, 0.13, 0.75, 0.76, 0.68, 0.65, 0.9, 0.2, 0.78, 0.79, 0.76, 1.0, 0.92, 0.0, 0.75, 0.84, 0.25, 0.75, 0.25, 0.75, 0.13, 0.87, 0.75, 0.24, 0.8, 0.84, 0.88, 0.85, 0.93, 0.79, 0.81, 0.88, 0.21, 0.69, 0.25, 0.25, 0.25, 1.0, 0.82, 0.05, 0.79, 0.4, 0.94, 0.06, 0.14, 0.39, 0.39, 0.76, 0.18, 0.68, 0.21, 0.82, 1.0, 0.79, 0.25, 0.78, 0.25, 0.5, 0.36, 0.71]"
290,1497004,0.413,0.028,290,2025-02-23 07:22:24.709446,"['32214', '32215', '32217', '32225', '32226', '32236', '32239', '32249', '32253', '32255', '32264', '32266', '32269', '32281', '32287']","[3052, 5195, 4033, 4003, 539, 5614, 506, 2050, 4600, 4723, 253, 3703, 2840, 835, 5760, 3094, 3720, 1331, 2378, 3285, 2943, 5465, 2551, 1553, 5541, 4846, 117, 2060, 2620, 3951, 5888, 5264, 5675, 576, 1786, 814]","[0.0, 0.75, 0.74, 0.25, 0.62, 0.58, 0.21, 0.34, 0.35, 0.4, 0.42, 0.0, 1.0, 0.79, 0.3, 0.64, 0.37, 0.43, 0.67, 0.61, 0.31, 0.77, 1.0, 0.73, 0.47, 1.0, 0.49, 0.77, 0.55, 0.62, 0.61, 0.56, 0.41, 0.6, 0.52, 0.25, 0.81, 0.4, 0.38, 0.75, 0.68, 0.75, 0.65, 0.77, 0.74, 0.65, 0.71, 0.57, 0.29, 0.57, 0.75, 0.37, 0.75, 0.74, 0.19, 0.75, 0.52, 0.76, 0.23, 0.42, 0.44, 0.6, 0.52, 0.33, 0.67, 0.4, 0.65, 0.25, 0.71, 0.47, 0.68, 0.37, 0.53, 0.75, 0.49]"
291,508389,0.369,0.194,290,2025-02-23 07:22:24.826341,"['32214', '32215', '32217', '32222', '32225', '32226', '32236', '32239', '32245', '32261', '32266', '32269', '32276', '32281', '32287']","[3052, 5195, 4825, 1359, 1553, 4033, 2050, 712, 4322, 5888, 2948, 1176, 4062, 2058, 4455, 4600, 3729, 4003, 990, 5647, 3720, 4345, 2664, 4954, 3285, 5758, 5760, 4120, 2943, 4622, 449, 4890, 480, 4640, 5567, 4226]","[1.0, 1.0, 0.71, 0.25, 0.61, 0.48, 0.21, 0.32, 0.0, 0.35, 0.45, 0.0, 0.25, 0.78, 0.33, 0.68, 0.36, 0.44, 0.71, 0.67, 0.34, 0.84, 0.0, 0.75, 0.41, 0.0, 0.39, 0.73, 0.65, 0.72, 0.57, 1.0, 0.42, 0.64, 0.62, 0.43, 0.78, 0.41, 0.4, 0.55, 0.66, 0.61, 0.62, 0.75, 0.82, 0.71, 0.69, 0.75, 0.34, 0.56, 0.53, 0.53, 1.0, 0.73, 0.13, 1.0, 0.64, 0.72, 0.16, 0.29, 0.47, 0.68, 0.5, 0.28, 0.72, 0.39, 0.62, 0.5, 0.71, 0.41, 0.66, 0.39, 0.53, 0.75, 0.48]"
292,1074282,0.282,0.639,290,2025-02-23 07:22:24.943011,"['32215', '32225', '32229', '32232', '32233', '32248', '32252', '32257', '32259', '32268', '32272', '32274', '32277', '32284', '32285']","[5915, 5385, 2338, 1569, 4554, 4927, 905, 4438, 5326, 2762, 1585, 2273, 5562, 1204, 690, 1596, 1502, 2011, 1651, 2707, 3128, 670, 5192, 1964, 5114, 3898, 2260, 1156, 5297, 3383, 4156, 4475, 846, 5884, 1760, 4804]","[0.56, 0.0, 0.67, 0.63, 0.18, 0.17, 0.09, 0.17, 0.62, 0.74, 0.22, 0.0, 0.71, 0.52, 0.05, 0.25, 0.79, 0.09, 0.75, 0.75, 0.06, 0.59, 0.84, 0.65, 0.11, 0.19, 0.15, 0.41, 0.78, 0.81, 0.21, 0.9, 0.08, 0.9, 0.75, 0.87, 0.62, 0.22, 1.0, 0.21, 0.33, 0.2, 0.3, 0.25, 0.72, 0.0, 0.31, 0.9, 0.04, 0.72, 0.85, 0.27, 0.31, 0.63, 0.75, 0.22, 0.74, 0.27, 0.75, 0.78, 0.83, 0.86, 0.19, 1.0, 0.7, 0.67, 0.27, 0.27, 0.56, 0.45, 0.25, 0.5, 0.63, 0.71, 0.23]"
293,232559,0.341,0.389,290,2025-02-23 07:22:25.060140,"['32215', '32217', '32219', '32225', '32229', '32230', '32240', '32252', '32256', '32259', '32266', '32271', '32279', '32280', '32283']","[882, 2744, 3383, 3703, 557, 1788, 5782, 2586, 2499, 4723, 2879, 2740, 2839, 823, 5385, 3035, 4226, 5237, 3308, 3885, 5760, 915, 2612, 539, 3052, 277, 174, 5236, 4319, 506, 5658, 1761, 825, 5884, 1596, 5918]","[0.34, 0.75, 0.73, 0.0, 0.39, 0.0, 0.15, 0.26, 0.41, 0.61, 0.3, 1.0, 0.58, 0.69, 0.12, 0.0, 1.0, 0.21, 0.56, 0.52, 0.13, 0.62, 0.67, 0.67, 0.29, 0.37, 0.0, 0.65, 0.6, 0.65, 0.43, 0.75, 0.19, 0.76, 0.41, 0.68, 0.76, 0.3, 1.0, 0.38, 0.52, 0.41, 0.75, 0.62, 0.65, 1.0, 0.54, 0.8, 0.1, 0.65, 0.7, 0.21, 0.0, 0.71, 0.44, 0.3, 0.54, 0.75, 0.49, 0.71, 0.45, 0.69, 0.37, 0.48, 0.64, 0.83, 0.17, 0.43, 0.64, 1.0, 0.6, 0.47, 0.57, 0.58, 0.36]"
294,1015859,0.28,0.556,290,2025-02-23 07:22:25.177291,"['32215', '32223', '32225', '32241', '32252', '32257', '32259', '32260', '32265', '32269', '32271', '32273', '32274', '32284', '32285']","[4319, 2547, 1533, 930, 525, 4988, 1770, 3998, 3720, 5385, 2586, 3244, 1868, 3885, 2482, 4780, 4226, 374, 277, 5323, 4312, 3089, 2609, 4119, 3158, 3052, 2910, 2338, 292, 5655, 2776, 701, 5753, 3383, 1769, 4954]","[0.71, 0.0, 0.66, 0.77, 0.32, 0.19, 0.13, 0.21, 0.65, 0.75, 0.34, 0.0, 0.64, 0.63, 0.14, 0.61, 0.6, 0.21, 0.65, 0.66, 0.15, 0.8, 0.72, 0.72, 0.17, 0.25, 0.15, 1.0, 0.82, 0.86, 0.31, 0.82, 0.19, 0.84, 0.67, 0.72, 0.66, 0.3, 0.75, 0.33, 0.45, 0.35, 0.39, 0.75, 0.86, 1.0, 0.0, 0.74, 0.14, 0.65, 0.74, 1.0, 0.62, 0.65, 0.23, 0.0, 0.8, 0.0, 0.26, 0.0, 1.0, 0.85, 0.26, 0.34, 0.76, 0.54, 0.38, 0.32, 0.63, 0.37, 0.5, 0.5, 0.59, 0.66, 0.32]"
295,1570658,0.388,0.111,295,2025-02-23 07:22:25.415381,"['32214', '32215', '32229', '32230', '32244', '32248', '32249', '32252', '32254', '32255', '32256', '32274', '32279', '32280', '32283']","[3703, 882, 2740, 2586, 557, 5385, 2744, 838, 3052, 3383, 5195, 539, 4226, 277, 4723, 5782, 5237, 5371, 2499, 825, 2839, 637, 1020, 1760, 2338, 823, 122, 1214, 1007, 2096, 4319, 271, 1769, 1596, 5760, 2378]","[0.25, 0.0, 0.74, 0.43, 0.38, 0.39, 0.16, 0.25, 0.42, 0.65, 0.32, 0.4, 0.6, 0.67, 0.12, 0.25, 0.75, 0.19, 0.54, 0.53, 0.12, 0.64, 0.69, 0.69, 0.3, 0.4, 0.31, 0.66, 0.65, 0.65, 0.0, 0.78, 0.14, 0.79, 0.0, 1.0, 0.73, 0.27, 0.0, 0.34, 1.0, 0.75, 0.0, 0.63, 0.69, 0.41, 0.54, 0.79, 0.1, 0.64, 0.69, 0.28, 0.3, 0.7, 0.44, 0.27, 0.59, 0.54, 0.43, 0.62, 0.33, 0.7, 0.33, 0.46, 0.61, 0.5, 0.67, 0.43, 0.65, 0.25, 0.56, 0.44, 0.59, 0.61, 0.36]"
296,590729,0.372,0.278,295,2025-02-23 07:22:25.534943,"['32217', '32223', '32224', '32226', '32236', '32238', '32242', '32245', '32248', '32261', '32264', '32266', '32270', '32287', '32288']","[4322, 2664, 3052, 835, 5195, 506, 3500, 712, 2943, 5541, 2112, 2050, 4412, 4600, 3706, 5238, 5647, 1553, 5460, 4033, 114, 4455, 3592, 3406, 2840, 216, 2761, 990, 1316, 539, 4757, 5654, 4825, 4539, 4161, 2843]","[0.45, 0.7, 0.75, 0.25, 0.71, 0.64, 0.26, 0.39, 0.33, 0.25, 0.75, 0.57, 0.25, 0.83, 0.44, 0.7, 0.28, 0.53, 0.71, 0.65, 0.43, 0.85, 0.25, 0.76, 0.75, 0.62, 0.51, 0.82, 1.0, 0.6, 0.71, 0.25, 0.5, 0.55, 0.25, 0.29, 0.81, 0.45, 0.35, 0.64, 0.74, 0.74, 0.7, 0.84, 0.81, 0.71, 0.79, 1.0, 0.42, 0.53, 0.25, 0.53, 1.0, 0.76, 0.11, 0.66, 1.0, 0.84, 0.12, 0.22, 0.43, 0.55, 0.58, 0.25, 0.66, 0.32, 0.72, 0.6, 0.75, 0.45, 0.69, 0.32, 0.52, 0.5, 1.0]"
297,637269,0.234,0.417,295,2025-02-23 07:22:25.652879,"['32226', '32228', '32236', '32240', '32242', '32246', '32247', '32248', '32253', '32261', '32262', '32263', '32264', '32276', '32287']","[3052, 2664, 4322, 712, 3285, 4033, 539, 1176, 4520, 1359, 3500, 4003, 2050, 5195, 2058, 2761, 2112, 4757, 990, 216, 4412, 5614, 835, 5460, 506, 3706, 4539, 5238, 1942, 2640, 2943, 5647, 5541, 2060, 2843, 3406]","[0.47, 0.71, 0.75, 0.46, 0.73, 0.63, 0.27, 0.39, 0.33, 0.3, 0.52, 0.57, 0.25, 0.83, 0.75, 0.71, 0.26, 0.55, 0.72, 0.66, 0.45, 0.86, 0.25, 0.77, 0.6, 0.63, 0.75, 0.82, 0.75, 0.61, 0.72, 0.45, 0.75, 0.75, 0.75, 0.27, 0.81, 0.47, 0.34, 0.75, 0.75, 0.75, 0.71, 0.85, 0.81, 0.72, 0.8, 0.0, 0.25, 0.75, 0.75, 0.56, 0.61, 0.76, 0.1, 0.69, 0.55, 0.85, 0.11, 0.2, 0.43, 0.55, 0.67, 0.24, 0.67, 0.32, 0.72, 0.61, 0.76, 0.44, 0.7, 0.31, 0.52, 0.75, 0.59]"
298,544730,0.324,0.389,295,2025-02-23 07:22:25.770495,"['32231', '32234', '32236', '32238', '32240', '32245', '32246', '32248', '32251', '32253', '32263', '32264', '32265', '32281', '32287']","[3052, 2664, 2112, 576, 2058, 3500, 5647, 3706, 990, 3665, 5844, 1553, 4412, 2281, 4003, 4539, 4757, 4062, 2761, 5195, 5238, 1612, 4000, 3367, 5460, 4942, 4846, 4322, 506, 3151, 5003, 3493, 2968, 4600, 3293, 331]","[0.59, 0.6, 0.72, 0.6, 0.65, 0.48, 0.24, 0.34, 0.43, 0.32, 0.5, 0.51, 0.47, 0.79, 0.41, 0.71, 0.31, 0.0, 0.72, 0.69, 0.0, 0.88, 0.25, 0.77, 0.75, 0.53, 0.0, 0.76, 0.65, 0.72, 0.62, 0.75, 1.0, 0.65, 1.0, 0.35, 0.76, 1.0, 0.39, 0.75, 0.68, 0.67, 0.63, 0.79, 0.86, 0.73, 0.74, 0.42, 0.4, 1.0, 0.25, 1.0, 0.68, 0.72, 0.09, 0.71, 0.67, 0.77, 0.1, 0.17, 0.47, 0.67, 0.51, 0.23, 0.71, 0.35, 0.66, 0.5, 0.74, 0.4, 0.65, 0.35, 0.54, 0.5, 0.53]"
299,1447235,0.265,0.194,295,2025-02-23 07:22:25.888628,"['32221', '32224', '32231', '32234', '32245', '32247', '32248', '32251', '32263', '32265', '32275', '32281', '32283', '32286', '32287']","[3255, 3063, 5256, 4725, 1164, 2072, 2668, 5245, 1103, 4459, 1196, 668, 1268, 1183, 3029, 1117, 806, 4396, 391, 3474, 3295, 3084, 734, 4500, 295, 2246, 214, 2980, 216, 3113, 756, 5535, 2986, 1750, 342, 5522]","[0.3, 0.86, 0.78, 0.27, 0.86, 0.84, 0.34, 1.0, 0.19, 0.23, 0.25, 0.69, 0.32, 0.9, 0.64, 0.74, 0.15, 1.0, 0.74, 0.65, 1.0, 0.87, 0.23, 0.78, 0.8, 0.78, 0.76, 0.92, 0.35, 0.41, 0.86, 0.0, 0.73, 0.75, 1.0, 0.13, 0.88, 1.0, 0.24, 0.78, 0.85, 0.87, 0.83, 0.93, 0.76, 0.77, 0.89, 0.25, 0.63, 0.75, 0.26, 0.25, 0.56, 0.81, 0.07, 0.74, 0.37, 0.94, 0.08, 0.17, 0.37, 0.0, 0.74, 0.21, 0.61, 0.23, 0.84, 1.0, 0.8, 0.25, 0.79, 0.24, 0.25, 0.0, 0.71]"
300,1084084,0.273,0.361,300,2025-02-23 07:22:26.133308,"['32219', '32224', '32225', '32226', '32228', '32236', '32238', '32246', '32248', '32249', '32263', '32269', '32270', '32286', '32287']","[5692, 2761, 4322, 2664, 3406, 1098, 5541, 3285, 712, 2943, 1316, 5065, 3500, 5460, 2640, 3706, 2112, 4184, 4757, 3749, 4539, 5195, 576, 4033, 3263, 5256, 5654, 4412, 1787, 2281, 4176, 1382, 3052, 981, 4600, 342]","[0.46, 0.74, 0.75, 0.47, 0.8, 0.75, 0.27, 0.43, 0.3, 0.23, 1.0, 0.75, 0.75, 0.86, 0.75, 0.77, 0.21, 0.62, 0.76, 0.69, 0.55, 0.89, 0.75, 0.79, 1.0, 0.64, 0.57, 0.85, 0.54, 0.63, 0.74, 0.4, 0.75, 0.48, 0.75, 0.25, 0.84, 0.5, 0.31, 0.71, 0.76, 0.8, 0.75, 0.9, 0.81, 0.79, 0.84, 0.3, 0.57, 0.25, 0.35, 0.58, 0.67, 0.76, 0.07, 1.0, 0.75, 0.87, 0.09, 0.15, 0.44, 0.54, 0.63, 0.22, 0.71, 0.29, 0.72, 0.61, 0.77, 0.43, 0.72, 0.3, 0.75, 0.5, 0.61]"
301,75588,0.283,0.361,300,2025-02-23 07:22:26.250141,"['32214', '32222', '32223', '32248', '32249', '32252', '32256', '32257', '32266', '32271', '32273', '32274', '32280', '32284', '32285']","[2338, 2586, 4226, 5385, 525, 5326, 2879, 4319, 930, 3383, 2547, 3020, 2839, 2910, 882, 277, 1596, 5918, 557, 5072, 5915, 3484, 4861, 2762, 3982, 5562, 3703, 2011, 2482, 4554, 4099, 1769, 1204, 5760, 1007, 292]","[1.0, 0.28, 0.7, 0.62, 0.29, 0.25, 0.12, 0.2, 1.0, 1.0, 0.3, 0.34, 0.67, 0.58, 0.11, 0.54, 0.68, 0.17, 0.6, 0.6, 0.14, 0.71, 0.75, 0.7, 0.17, 0.27, 0.17, 0.54, 0.77, 0.81, 0.31, 0.84, 0.11, 0.85, 0.75, 1.0, 0.65, 0.25, 0.0, 0.32, 0.41, 0.35, 0.25, 0.75, 0.77, 0.46, 0.48, 0.8, 0.09, 0.66, 0.78, 0.41, 0.25, 0.66, 0.35, 0.31, 0.73, 0.75, 0.38, 0.75, 1.0, 0.82, 0.26, 0.44, 0.73, 0.54, 0.17, 0.33, 0.63, 0.42, 0.5, 1.0, 0.58, 0.66, 0.3]"
302,1542230,0.268,0.333,300,2025-02-23 07:22:26.371062,"['32221', '32224', '32226', '32228', '32236', '32243', '32246', '32249', '32251', '32261', '32263', '32266', '32270', '32283', '32286']","[1164, 1117, 5256, 3063, 3310, 4184, 3406, 2072, 391, 1942, 4396, 3474, 5402, 5065, 342, 1268, 668, 5541, 4257, 4000, 216, 2761, 2640, 1316, 806, 5290, 4459, 5692, 2367, 2668, 5123, 3255, 3029, 4500, 5245, 3330]","[0.33, 0.83, 0.77, 0.34, 0.86, 0.81, 0.32, 0.75, 0.22, 0.21, 0.25, 0.66, 0.75, 0.9, 0.75, 0.78, 0.16, 0.7, 0.77, 0.67, 0.63, 0.88, 0.0, 0.79, 0.74, 0.73, 0.72, 0.9, 0.42, 0.25, 0.83, 0.3, 1.0, 0.37, 0.58, 0.25, 0.87, 1.0, 0.26, 0.77, 0.81, 0.86, 0.82, 0.93, 0.77, 0.81, 0.88, 0.0, 0.65, 0.75, 0.27, 0.49, 1.0, 0.79, 0.07, 0.74, 0.25, 0.92, 0.08, 0.15, 0.41, 0.41, 0.72, 0.21, 0.66, 0.24, 0.79, 0.69, 0.8, 0.5, 0.77, 0.26, 0.5, 0.36, 0.67]"
303,1327094,0.22,0.111,300,2025-02-23 07:22:26.485070,"['32221', '32224', '32228', '32231', '32243', '32248', '32249', '32251', '32262', '32263', '32266', '32270', '32278', '32283', '32286']","[3255, 1164, 3063, 3593, 2668, 216, 4396, 1268, 5256, 2072, 734, 206, 2980, 214, 4459, 668, 1787, 3273, 4725, 5402, 391, 2420, 4696, 535, 2715, 2253, 4547, 5609, 3188, 5045, 5692, 133, 3406, 4176, 3572, 5801]","[0.22, 0.87, 0.78, 0.21, 0.87, 0.88, 0.33, 1.0, 0.16, 0.24, 0.75, 0.69, 0.33, 0.91, 0.75, 0.75, 0.16, 1.0, 0.74, 0.63, 0.61, 0.84, 0.21, 0.77, 0.79, 0.77, 0.81, 0.93, 0.33, 0.0, 0.86, 0.27, 0.7, 0.31, 0.75, 0.0, 0.89, 0.25, 0.24, 0.77, 0.83, 0.87, 0.85, 0.94, 0.69, 0.76, 0.89, 0.29, 0.75, 0.25, 0.25, 0.34, 0.0, 0.82, 0.1, 0.67, 0.25, 0.94, 0.12, 0.23, 0.37, 0.32, 0.77, 0.25, 0.83, 0.24, 0.82, 0.74, 0.81, 0.25, 0.79, 0.25, 0.0, 0.33, 0.68]"
304,799317,0.389,0.083,300,2025-02-23 07:22:26.602593,"['32214', '32215', '32218', '32222', '32236', '32244', '32249', '32252', '32253', '32256', '32261', '32265', '32273', '32274', '32280']","[3052, 4226, 4953, 3720, 5195, 1553, 3326, 4062, 4846, 4003, 4033, 2664, 3500, 4954, 3158, 1359, 4600, 2316, 1822, 5760, 5899, 2586, 2505, 480, 814, 2948, 5555, 4455, 3665, 4539, 5918, 3694, 4120, 2968, 4368, 2112]","[0.75, 0.75, 0.71, 0.67, 1.0, 0.37, 0.18, 0.29, 0.75, 0.36, 0.43, 0.44, 0.55, 0.73, 0.32, 0.7, 0.41, 0.37, 0.72, 0.68, 0.33, 0.86, 0.75, 0.76, 0.32, 0.41, 0.26, 0.68, 0.73, 0.8, 0.0, 0.67, 0.32, 0.73, 0.66, 1.0, 0.73, 0.38, 0.25, 0.75, 0.58, 0.58, 0.75, 0.75, 0.84, 0.7, 0.67, 0.75, 0.3, 0.58, 0.59, 1.0, 0.67, 0.69, 0.12, 0.6, 0.72, 0.63, 0.14, 0.0, 0.83, 0.76, 0.4, 0.27, 0.76, 0.41, 0.67, 0.43, 0.69, 0.39, 0.59, 0.4, 0.55, 0.57, 0.45]"
305,1570590,0.204,0.083,305,2025-02-23 07:22:26.847834,"['32214', '32221', '32224', '32242', '32243', '32246', '32249', '32251', '32263', '32265', '32266', '32270', '32274', '32283', '32286']","[1164, 5027, 3255, 214, 5402, 5256, 3786, 5276, 3063, 1117, 5245, 2044, 1293, 5459, 3273, 3406, 5290, 3330, 3310, 4725, 2640, 1893, 2980, 1183, 3161, 4444, 3474, 5742, 295, 2298, 535, 3029, 3572, 4396, 2668, 4547]","[0.0, 0.86, 0.76, 0.32, 0.9, 0.85, 0.35, 1.0, 0.25, 0.17, 1.0, 0.69, 0.31, 0.91, 0.72, 0.79, 0.15, 0.78, 0.8, 0.7, 0.69, 0.91, 0.18, 0.8, 0.79, 0.8, 0.76, 0.92, 0.25, 0.75, 0.86, 0.22, 1.0, 0.33, 0.61, 0.0, 0.89, 0.75, 0.25, 0.8, 0.86, 0.88, 0.87, 0.94, 0.79, 0.84, 0.88, 0.19, 0.73, 0.0, 0.23, 0.75, 1.0, 0.81, 0.04, 0.79, 0.0, 0.94, 0.05, 0.11, 0.0, 0.34, 0.79, 0.17, 0.68, 0.21, 0.84, 0.77, 0.81, 0.25, 0.8, 0.23, 0.25, 0.34, 0.74]"
306,1533059,0.313,0.361,305,2025-02-23 07:22:26.967099,"['32222', '32223', '32248', '32249', '32252', '32254', '32255', '32259', '32260', '32266', '32269', '32273', '32274', '32280', '32284']","[5385, 4226, 2586, 525, 4319, 557, 2338, 3703, 3383, 2879, 5760, 277, 5326, 930, 3052, 5918, 3326, 2910, 1596, 823, 882, 4003, 2744, 4723, 1740, 1769, 3720, 5782, 539, 4119, 5673, 2547, 2609, 838, 4846, 2011]","[0.56, 0.39, 0.72, 0.57, 0.35, 0.29, 0.14, 0.23, 0.75, 0.25, 0.32, 0.38, 0.62, 0.66, 0.13, 0.55, 0.64, 0.21, 0.6, 0.59, 0.13, 0.72, 0.7, 0.71, 0.2, 0.34, 0.23, 0.57, 0.73, 0.77, 0.35, 0.8, 0.17, 0.83, 0.75, 1.0, 0.72, 0.3, 0.25, 0.35, 0.25, 0.25, 0.46, 0.57, 0.76, 1.0, 0.25, 0.77, 0.12, 0.64, 0.72, 0.37, 0.25, 0.66, 0.34, 0.25, 0.69, 0.47, 0.34, 0.75, 0.83, 0.78, 0.3, 0.41, 0.71, 0.53, 0.33, 0.38, 0.66, 0.4, 1.0, 0.47, 0.58, 0.64, 0.35]"
307,904773,0.277,0.333,305,2025-02-23 07:22:27.082860,"['32217', '32229', '32232', '32233', '32235', '32249', '32256', '32257', '32259', '32260', '32270', '32272', '32274', '32283', '32285']","[1071, 905, 5237, 2744, 3484, 1214, 1020, 2408, 308, 2839, 3035, 1178, 4138, 882, 2570, 5385, 846, 2338, 1883, 5114, 1761, 1204, 3885, 2740, 5884, 2586, 1906, 174, 1964, 1596, 2499, 277, 2879, 1502, 3115, 838]","[0.35, 0.36, 0.75, 0.0, 0.24, 0.32, 0.12, 0.2, 0.44, 0.74, 0.22, 0.33, 0.66, 0.63, 0.06, 0.0, 0.76, 0.12, 0.75, 0.25, 0.06, 0.0, 0.77, 0.65, 0.17, 0.33, 0.3, 0.57, 0.66, 0.66, 0.29, 0.86, 0.09, 0.85, 0.36, 1.0, 0.73, 0.23, 0.59, 0.23, 0.4, 0.28, 0.0, 1.0, 0.58, 0.0, 0.25, 0.9, 0.05, 0.68, 0.78, 0.12, 0.14, 0.68, 0.65, 0.17, 0.75, 0.39, 1.0, 0.83, 0.0, 0.74, 0.26, 0.6, 0.61, 0.6, 0.37, 0.36, 0.64, 0.25, 0.52, 1.0, 0.6, 0.65, 0.29]"
308,25605,0.288,0.25,305,2025-02-23 07:22:27.199545,"['32214', '32217', '32221', '32228', '32231', '32234', '32247', '32249', '32263', '32264', '32265', '32270', '32275', '32286', '32287']","[5256, 342, 3084, 3255, 1316, 5692, 2498, 4547, 295, 5460, 2072, 214, 2761, 1538, 1942, 1164, 668, 1787, 2668, 2367, 981, 1098, 2843, 3450, 3474, 4396, 5065, 3063, 2664, 3376, 1611, 4322, 3310, 1117, 5594, 4184]","[0.75, 0.82, 0.74, 0.0, 0.88, 0.78, 0.32, 0.75, 0.3, 0.18, 0.6, 0.66, 0.34, 0.9, 0.75, 0.79, 0.17, 1.0, 0.8, 0.71, 1.0, 0.91, 0.22, 0.8, 0.73, 0.75, 0.67, 0.9, 0.46, 0.55, 0.83, 0.27, 0.74, 0.0, 0.64, 0.0, 0.87, 0.58, 0.28, 0.78, 0.83, 0.86, 0.84, 0.93, 0.82, 0.83, 0.85, 0.21, 0.69, 0.75, 0.25, 1.0, 0.72, 0.78, 0.04, 0.8, 0.75, 0.92, 0.05, 0.1, 0.44, 0.17, 0.74, 0.17, 0.71, 0.23, 0.81, 0.73, 0.8, 0.4, 0.77, 0.25, 0.75, 0.75, 0.71]"
309,1188536,0.318,0.417,305,2025-02-23 07:22:27.322043,"['32219', '32225', '32226', '32230', '32236', '32239', '32248', '32249', '32253', '32264', '32269', '32276', '32281', '32287', '32288']","[3052, 4003, 449, 5195, 712, 3720, 4033, 2378, 5760, 506, 2050, 5758, 3285, 4226, 3703, 1359, 5614, 2761, 1331, 5675, 2664, 4322, 2943, 4600, 637, 5899, 4954, 4539, 2948, 4455, 5567, 3266, 3500, 539, 1955, 5264]","[0.52, 0.58, 0.73, 0.52, 0.6, 0.75, 0.2, 0.32, 0.45, 0.39, 0.43, 0.25, 0.75, 0.78, 0.31, 0.66, 0.25, 0.41, 0.69, 0.64, 0.3, 0.82, 0.25, 0.75, 0.39, 0.25, 0.38, 0.73, 0.63, 0.69, 0.55, 0.61, 0.37, 0.69, 0.75, 0.25, 0.78, 0.41, 0.43, 0.0, 0.63, 0.59, 0.63, 0.76, 0.78, 0.64, 0.65, 0.54, 0.3, 0.56, 1.0, 0.48, 0.55, 0.71, 0.17, 1.0, 0.62, 0.7, 0.18, 0.32, 0.49, 0.66, 0.17, 0.3, 0.71, 0.4, 0.59, 0.75, 0.72, 0.39, 0.63, 0.38, 0.54, 0.5, 0.5]"
310,697803,0.329,0.306,310,2025-02-23 07:22:27.578690,"['32217', '32224', '32226', '32231', '32238', '32240', '32242', '32244', '32245', '32246', '32248', '32263', '32266', '32287', '32288']","[2761, 4322, 5195, 1098, 216, 4033, 5541, 712, 506, 5692, 3406, 5460, 2840, 2664, 4003, 4600, 3052, 2943, 4184, 117, 2620, 5216, 3500, 539, 3285, 3263, 4520, 786, 2640, 1176, 3706, 990, 835, 5123, 2050, 2281]","[0.42, 0.75, 0.73, 0.25, 0.76, 0.7, 0.3, 0.42, 0.33, 0.32, 0.75, 0.58, 0.75, 0.86, 0.46, 0.72, 0.24, 1.0, 0.74, 0.66, 0.47, 0.85, 0.38, 0.77, 1.0, 0.62, 0.75, 0.85, 0.75, 0.62, 0.75, 0.75, 0.25, 0.51, 0.75, 0.28, 0.83, 0.49, 0.32, 0.68, 0.76, 0.75, 0.74, 0.86, 0.78, 0.72, 0.78, 0.34, 0.5, 1.0, 0.39, 0.52, 1.0, 0.77, 0.08, 0.67, 0.52, 0.87, 0.1, 0.21, 0.46, 0.51, 0.63, 0.25, 0.69, 0.3, 0.71, 0.58, 0.75, 0.43, 0.71, 0.31, 0.53, 0.25, 1.0]"
311,400969,0.402,0.083,310,2025-02-23 07:22:27.692510,"['32214', '32224', '32226', '32228', '32234', '32238', '32240', '32242', '32246', '32251', '32263', '32264', '32266', '32274', '32287']","[4322, 5541, 2664, 2498, 5692, 5460, 1316, 857, 4547, 5065, 981, 1098, 3406, 49, 2943, 5248, 2281, 1932, 4412, 4757, 3084, 3593, 3474, 357, 2112, 5647, 5238, 5110, 114, 3749, 5402, 1942, 2756, 2465, 795, 4000]","[0.75, 0.77, 0.73, 0.47, 0.8, 0.7, 0.31, 0.43, 0.34, 0.26, 0.75, 0.61, 0.0, 0.88, 0.75, 0.75, 0.19, 0.65, 0.77, 0.69, 0.0, 0.88, 0.34, 0.78, 0.75, 0.64, 1.0, 0.86, 1.0, 0.63, 0.75, 0.38, 1.0, 0.48, 0.63, 0.22, 0.83, 0.0, 0.3, 0.72, 0.78, 0.79, 0.76, 0.88, 0.81, 0.77, 0.8, 0.26, 0.58, 0.0, 0.0, 0.6, 1.0, 0.77, 0.05, 0.75, 0.54, 0.89, 0.07, 0.15, 0.83, 0.51, 0.65, 0.21, 0.71, 0.27, 0.74, 0.6, 0.77, 0.42, 0.72, 0.29, 0.52, 0.5, 0.64]"
312,757641,0.373,0.528,310,2025-02-23 07:22:27.811681,"['32226', '32229', '32241', '32244', '32248', '32252', '32257', '32259', '32266', '32271', '32273', '32274', '32277', '32284', '32285']","[4319, 1868, 2586, 2547, 3998, 4988, 5385, 2609, 4119, 4780, 4226, 5326, 1770, 930, 2910, 5673, 5760, 1533, 3244, 374, 3089, 2106, 2693, 525, 1769, 3052, 1012, 5323, 4338, 5918, 3383, 715, 277, 5655, 3720, 5771]","[0.68, 0.33, 0.66, 0.73, 0.32, 0.2, 0.17, 0.21, 0.63, 0.54, 0.32, 0.35, 0.75, 0.62, 0.13, 1.0, 0.61, 0.2, 0.63, 0.64, 0.14, 0.77, 0.76, 0.72, 0.14, 0.28, 0.15, 0.25, 0.81, 0.86, 0.0, 0.82, 0.13, 0.85, 0.75, 0.76, 0.66, 0.31, 1.0, 0.34, 0.43, 0.36, 0.38, 0.75, 0.83, 1.0, 0.44, 0.72, 0.14, 0.65, 0.74, 0.55, 1.0, 0.63, 0.24, 0.46, 0.8, 0.0, 0.26, 1.0, 1.0, 0.84, 0.28, 0.17, 0.74, 0.53, 0.36, 0.29, 0.61, 0.37, 1.0, 0.5, 0.61, 0.67, 0.35]"
313,1087212,0.303,0.5,310,2025-02-23 07:22:27.929713,"['32226', '32231', '32243', '32244', '32246', '32247', '32251', '32261', '32263', '32264', '32266', '32269', '32283', '32286', '32287']","[117, 835, 2840, 216, 734, 1268, 506, 391, 539, 5045, 2753, 5195, 5906, 3255, 2072, 2620, 3951, 3063, 5541, 2761, 3574, 3406, 2612, 3593, 5535, 2943, 3263, 4459, 2420, 1164, 5256, 637, 5522, 5123, 3474, 1786]","[0.26, 0.8, 0.76, 0.23, 0.77, 0.81, 0.3, 0.46, 0.23, 0.4, 0.48, 0.6, 0.75, 0.87, 0.4, 0.67, 0.27, 0.75, 0.68, 0.58, 0.41, 0.77, 0.37, 0.74, 0.67, 0.69, 0.74, 0.89, 0.38, 0.25, 1.0, 0.39, 0.25, 0.25, 0.43, 0.27, 0.86, 1.0, 0.32, 0.67, 0.78, 0.77, 0.77, 0.88, 0.65, 0.62, 0.8, 0.75, 0.43, 0.75, 0.0, 0.28, 0.25, 0.8, 0.14, 0.75, 0.36, 0.89, 0.18, 0.38, 0.42, 0.37, 0.68, 0.31, 0.6, 0.31, 0.75, 0.64, 0.75, 0.75, 0.75, 0.3, 0.5, 0.0, 0.62]"
314,900726,0.275,0.194,310,2025-02-23 07:22:28.044903,"['32219', '32224', '32226', '32236', '32238', '32242', '32246', '32247', '32248', '32251', '32263', '32274', '32275', '32287', '32288']","[216, 391, 3255, 2620, 3063, 5256, 2640, 2761, 3406, 5692, 1098, 2072, 1268, 835, 1316, 5541, 117, 5245, 4184, 5065, 4725, 5195, 4000, 3263, 2078, 3474, 3310, 506, 5045, 4396, 2943, 386, 539, 3593, 1164, 4322]","[0.34, 0.81, 0.75, 0.33, 0.81, 0.75, 0.32, 0.47, 0.26, 0.31, 0.75, 0.62, 1.0, 0.88, 0.51, 0.72, 0.21, 0.63, 0.74, 0.64, 0.51, 0.84, 0.0, 0.76, 1.0, 0.69, 0.7, 0.89, 0.75, 0.52, 0.79, 0.35, 0.25, 0.0, 1.0, 0.22, 0.86, 1.0, 0.29, 0.72, 0.8, 0.8, 0.79, 0.9, 0.74, 0.71, 0.82, 0.32, 0.55, 0.75, 0.33, 0.45, 0.55, 0.8, 0.09, 0.66, 0.43, 0.91, 0.11, 0.24, 0.0, 0.17, 0.69, 0.25, 0.65, 0.27, 0.77, 0.64, 0.77, 0.46, 0.75, 0.28, 0.51, 0.0, 0.75]"
315,1081607,0.31,0.194,315,2025-02-23 07:22:28.282511,"['32217', '32218', '32222', '32226', '32229', '32232', '32235', '32241', '32248', '32252', '32274', '32277', '32283', '32284', '32285']","[905, 1020, 3484, 3128, 308, 5730, 4643, 5915, 2011, 1585, 1178, 1502, 4438, 2839, 1964, 846, 1007, 1906, 1204, 1071, 5884, 3898, 5562, 5385, 2294, 1349, 4927, 1596, 4156, 5733, 3974, 2338, 5237, 1569, 2334, 3020]","[0.45, 0.3, 0.73, 0.0, 0.0, 0.22, 0.11, 0.19, 1.0, 0.77, 0.22, 0.32, 1.0, 0.53, 0.04, 0.0, 0.82, 0.1, 1.0, 0.5, 0.05, 0.0, 0.84, 0.61, 0.16, 0.21, 0.18, 0.25, 0.73, 0.77, 0.23, 0.89, 0.05, 0.86, 0.0, 0.86, 0.67, 0.19, 0.75, 0.18, 0.33, 0.22, 0.28, 0.43, 0.62, 0.28, 0.35, 0.92, 0.03, 0.73, 0.83, 0.16, 0.18, 0.66, 0.71, 0.15, 0.64, 0.31, 0.66, 0.84, 0.0, 0.8, 0.19, 1.0, 0.67, 0.67, 0.31, 0.31, 0.59, 0.5, 0.0, 1.0, 0.62, 0.72, 0.22]"
316,380278,0.281,0.194,315,2025-02-23 07:22:28.404074,"['32215', '32222', '32225', '32226', '32230', '32236', '32248', '32249', '32253', '32261', '32265', '32266', '32274', '32281', '32288']","[3052, 5195, 4600, 3720, 4003, 2664, 4622, 4455, 4322, 4033, 1176, 2050, 5758, 5098, 786, 5888, 3500, 4325, 4953, 449, 4954, 712, 5647, 3285, 4942, 4825, 1359, 5541, 1331, 4846, 2943, 1553, 576, 3266, 4975, 1822]","[0.55, 0.25, 0.72, 0.59, 0.66, 0.48, 0.24, 0.34, 0.0, 0.33, 0.48, 0.25, 0.75, 0.79, 0.37, 0.7, 0.25, 0.48, 0.73, 0.68, 0.37, 0.85, 0.25, 0.75, 0.45, 0.49, 0.38, 0.74, 0.67, 0.74, 0.59, 0.56, 0.44, 0.61, 0.75, 0.25, 0.79, 0.43, 0.39, 0.75, 0.65, 0.65, 0.62, 0.77, 0.84, 0.7, 0.72, 1.0, 0.37, 0.57, 0.49, 1.0, 1.0, 0.72, 0.11, 0.67, 0.66, 0.73, 0.12, 0.21, 0.33, 0.69, 0.49, 0.24, 0.75, 0.35, 0.62, 0.5, 0.73, 0.42, 0.65, 0.39, 0.54, 0.53, 0.75]"
317,1243852,0.421,0.278,315,2025-02-23 07:22:28.521034,"['32215', '32226', '32230', '32241', '32244', '32248', '32252', '32254', '32255', '32256', '32266', '32271', '32274', '32279', '32285']","[4226, 5385, 930, 4319, 2586, 2547, 5655, 4119, 3720, 4780, 5760, 3052, 2482, 3998, 1769, 1533, 2609, 4988, 1770, 3703, 4554, 4003, 292, 525, 374, 3885, 2338, 3158, 2910, 2106, 5326, 1868, 5771, 5918, 3897, 4033]","[0.67, 0.0, 0.69, 0.71, 0.37, 0.2, 0.16, 0.22, 0.61, 0.51, 0.36, 0.37, 0.75, 0.64, 0.15, 0.61, 1.0, 0.24, 0.66, 0.65, 0.16, 0.77, 0.72, 0.71, 0.2, 0.26, 0.15, 1.0, 0.81, 0.86, 0.0, 0.81, 0.16, 0.82, 1.0, 0.69, 0.68, 0.3, 0.0, 0.34, 1.0, 0.0, 1.0, 0.55, 0.84, 0.56, 0.5, 0.71, 0.14, 0.66, 0.72, 0.56, 1.0, 0.65, 0.25, 0.49, 0.78, 0.0, 0.25, 0.38, 1.0, 0.84, 0.26, 0.34, 0.77, 1.0, 0.39, 0.35, 0.65, 0.41, 0.52, 0.5, 0.6, 0.67, 0.33]"
318,868884,0.262,0.083,315,2025-02-23 07:22:28.642847,"['32214', '32217', '32224', '32226', '32242', '32244', '32246', '32247', '32248', '32265', '32270', '32283', '32286', '32287', '32288']","[2664, 2761, 712, 5195, 506, 3052, 4322, 2050, 4033, 4003, 2112, 3500, 576, 990, 835, 2281, 2058, 5460, 5614, 1176, 4757, 3263, 5541, 2843, 3151, 539, 3706, 4184, 1786, 3474, 4600, 2943, 114, 4455, 2189, 5692]","[0.0, 0.71, 0.74, 0.0, 0.75, 0.64, 0.28, 0.4, 0.32, 0.29, 0.75, 0.59, 0.75, 0.84, 0.47, 0.72, 0.27, 0.59, 0.75, 0.68, 0.46, 0.86, 0.37, 0.76, 0.58, 0.61, 0.53, 0.82, 1.0, 0.65, 1.0, 0.43, 0.75, 0.75, 1.0, 0.28, 0.83, 0.48, 0.34, 0.65, 0.73, 0.74, 0.7, 0.84, 0.81, 0.73, 0.79, 0.37, 0.48, 0.53, 0.39, 1.0, 0.63, 0.76, 0.1, 0.7, 0.75, 0.83, 0.11, 0.2, 0.44, 0.58, 0.61, 0.23, 0.72, 0.3, 0.71, 0.61, 0.76, 0.5, 0.7, 0.34, 0.5, 0.25, 0.75]"
319,139042,0.266,0.139,315,2025-02-23 07:22:28.763158,"['32217', '32219', '32221', '32226', '32242', '32243', '32246', '32248', '32251', '32263', '32265', '32270', '32275', '32283', '32286']","[3474, 5256, 3255, 5460, 5065, 4184, 3084, 342, 1117, 3063, 5692, 2498, 295, 1316, 1611, 1164, 2664, 668, 3310, 4396, 5402, 216, 4000, 1098, 2843, 2620, 214, 2761, 2367, 2668, 4520, 114, 4257, 981, 1932, 4547]","[0.37, 0.81, 0.76, 0.0, 0.85, 1.0, 0.34, 0.75, 0.23, 0.22, 0.59, 0.67, 0.25, 0.89, 0.62, 0.76, 0.18, 0.72, 0.78, 0.69, 0.6, 0.89, 0.25, 0.78, 0.72, 0.73, 0.69, 0.88, 0.75, 0.75, 0.81, 0.28, 1.0, 0.36, 1.0, 0.16, 0.87, 1.0, 0.28, 0.76, 0.81, 0.84, 0.8, 0.91, 0.8, 0.79, 0.87, 0.25, 0.64, 0.75, 0.28, 1.0, 0.66, 0.79, 0.07, 0.78, 0.25, 0.91, 0.07, 0.14, 0.41, 0.17, 0.73, 0.19, 0.7, 0.24, 0.8, 0.7, 0.79, 0.25, 0.76, 0.29, 0.5, 0.38, 0.67]"
320,604901,0.343,0.306,320,2025-02-23 07:22:28.999169,"['32225', '32228', '32240', '32242', '32246', '32248', '32261', '32263', '32266', '32269', '32270', '32276', '32283', '32286', '32287']","[4322, 216, 2943, 712, 1176, 1098, 5541, 4033, 506, 2761, 3052, 2664, 5692, 2498, 3500, 3029, 3406, 5195, 1786, 3285, 1359, 3474, 1316, 4184, 5065, 3310, 3263, 2756, 2050, 2640, 1164, 835, 4757, 576, 4547, 117]","[0.4, 0.75, 0.75, 0.39, 0.8, 0.73, 0.29, 0.44, 0.32, 0.28, 0.54, 0.75, 0.38, 0.85, 0.75, 0.72, 0.23, 0.62, 0.73, 0.68, 0.51, 0.87, 0.34, 0.77, 0.65, 0.65, 1.0, 0.86, 0.75, 0.58, 0.75, 0.39, 0.25, 0.48, 0.0, 0.23, 0.85, 0.51, 0.3, 0.71, 0.77, 0.78, 0.75, 0.88, 0.77, 0.76, 0.83, 0.25, 0.52, 0.0, 0.35, 0.5, 1.0, 0.77, 0.08, 0.75, 0.75, 0.87, 0.1, 0.19, 0.43, 0.52, 0.83, 0.23, 0.7, 0.3, 0.75, 0.63, 0.78, 0.25, 0.74, 0.31, 0.5, 0.25, 0.63]"
321,213808,0.33,0.194,320,2025-02-23 07:22:29.118037,"['32224', '32225', '32228', '32240', '32243', '32247', '32248', '32251', '32253', '32259', '32261', '32263', '32275', '32283', '32286']","[2664, 5460, 3052, 4520, 2756, 3951, 5692, 1098, 835, 3500, 1316, 2640, 4000, 3406, 3592, 2847, 4322, 2281, 5195, 2112, 506, 2840, 4757, 3255, 2620, 2050, 4412, 2236, 3706, 5264, 114, 2843, 5045, 342, 391, 2943]","[0.38, 0.74, 0.75, 0.37, 0.78, 0.72, 0.28, 0.43, 0.32, 0.3, 1.0, 0.0, 0.39, 0.85, 0.25, 0.7, 0.25, 0.58, 0.72, 0.66, 0.47, 0.85, 0.36, 0.77, 0.64, 0.64, 1.0, 0.85, 0.5, 1.0, 0.74, 0.41, 0.55, 0.0, 0.0, 0.25, 0.85, 0.75, 0.31, 1.0, 0.76, 0.76, 0.74, 0.87, 0.75, 1.0, 0.82, 0.0, 0.48, 1.0, 0.37, 0.45, 0.58, 0.77, 0.1, 0.67, 0.47, 0.86, 0.12, 0.24, 0.43, 0.83, 0.64, 0.26, 0.69, 0.32, 0.74, 0.62, 0.77, 0.0, 0.73, 0.32, 0.25, 0.44, 0.62]"
322,1645103,0.2,0.389,320,2025-02-23 07:22:29.233782,"['32214', '32217', '32219', '32221', '32226', '32228', '32231', '32248', '32265', '32269', '32270', '32275', '32283', '32286', '32288']","[5692, 4396, 3406, 1316, 3255, 1098, 342, 5256, 2668, 1164, 3310, 1268, 4547, 3084, 1942, 3029, 4184, 3063, 5065, 2843, 2498, 1117, 214, 668, 4322, 981, 5402, 712, 3151, 3474, 1293, 2664, 2367, 5045, 5460, 391]","[0.75, 0.81, 0.75, 0.25, 0.87, 0.75, 0.33, 1.0, 0.28, 0.2, 0.61, 0.67, 0.75, 0.89, 1.0, 0.77, 0.16, 1.0, 0.78, 0.71, 0.63, 0.9, 0.25, 0.79, 0.74, 0.72, 0.69, 0.89, 0.47, 0.55, 0.82, 0.29, 0.71, 0.39, 0.75, 0.14, 0.87, 0.57, 0.26, 0.78, 0.82, 0.85, 0.81, 0.92, 0.8, 0.83, 0.88, 0.22, 0.67, 0.45, 0.27, 0.75, 0.71, 0.79, 0.05, 1.0, 0.25, 0.92, 0.06, 0.12, 0.42, 0.17, 0.73, 0.19, 0.72, 0.25, 0.81, 0.69, 0.8, 0.25, 0.77, 0.27, 0.5, 0.37, 0.75]"
323,15798,0.375,0.222,320,2025-02-23 07:22:29.352943,"['32217', '32224', '32228', '32231', '32234', '32236', '32242', '32246', '32248', '32251', '32261', '32263', '32265', '32270', '32286']","[216, 2761, 4322, 3474, 4033, 2664, 2060, 712, 1316, 5541, 3052, 539, 2050, 3263, 2498, 3406, 2943, 506, 5195, 5460, 835, 4161, 3063, 990, 1176, 2620, 576, 3593, 2753, 4000, 5256, 1098, 3084, 5692, 1164, 4600]","[0.37, 0.75, 0.75, 0.0, 0.8, 0.74, 0.28, 0.44, 0.31, 0.29, 0.25, 0.62, 0.38, 0.85, 0.75, 0.71, 0.23, 0.75, 0.72, 0.66, 0.0, 0.86, 0.25, 0.77, 0.66, 0.65, 0.63, 0.86, 0.75, 0.56, 0.75, 0.39, 1.0, 0.48, 1.0, 0.23, 0.85, 1.0, 0.31, 0.7, 0.77, 0.78, 0.75, 0.88, 0.75, 0.74, 0.83, 0.25, 0.5, 0.25, 0.36, 0.25, 0.58, 0.77, 0.09, 0.69, 0.75, 0.87, 0.11, 0.22, 0.42, 0.51, 0.65, 0.25, 0.69, 0.31, 0.75, 0.63, 0.78, 0.48, 0.74, 0.31, 0.5, 0.43, 0.63]"
324,569247,0.26,0.306,320,2025-02-23 07:22:29.475252,"['32221', '32224', '32231', '32234', '32243', '32248', '32251', '32253', '32262', '32263', '32266', '32278', '32283', '32286', '32287']","[2072, 3255, 734, 1164, 4459, 3063, 391, 4725, 4500, 1268, 5256, 2668, 182, 2246, 206, 68, 148, 5157, 3310, 3709, 806, 5486, 4396, 440, 295, 1750, 2177, 3829, 1117, 5801, 5402, 3675, 1787, 2715, 2010, 2980]","[0.21, 0.88, 0.79, 0.19, 0.9, 0.89, 0.35, 1.0, 0.18, 0.25, 1.0, 0.72, 0.29, 0.91, 0.66, 0.72, 0.16, 1.0, 0.73, 0.64, 1.0, 0.85, 0.21, 0.77, 0.83, 0.79, 0.85, 0.94, 0.3, 0.25, 0.88, 0.25, 0.73, 0.28, 0.25, 0.13, 0.9, 1.0, 0.24, 1.0, 0.85, 0.88, 0.85, 0.94, 0.65, 0.76, 0.9, 0.27, 0.75, 0.75, 0.23, 0.32, 0.0, 0.82, 0.08, 0.71, 0.27, 0.95, 0.1, 0.22, 0.36, 0.31, 0.78, 0.26, 0.83, 0.23, 0.85, 0.74, 0.82, 0.5, 0.81, 0.24, 0.75, 0.0, 0.73]"
325,1494453,0.289,0.528,325,2025-02-23 07:22:29.713220,"['32215', '32217', '32219', '32223', '32241', '32244', '32254', '32266', '32269', '32271', '32273', '32274', '32279', '32284', '32285']","[4319, 2586, 2547, 2609, 4119, 4780, 3998, 5760, 5385, 4988, 930, 525, 4641, 2910, 715, 4226, 1770, 1769, 5521, 5326, 5771, 5655, 5918, 4338, 1868, 2106, 374, 1012, 2338, 3885, 1204, 1533, 2879, 3089, 3244, 2693]","[0.74, 0.75, 0.65, 1.0, 0.28, 0.0, 0.13, 0.18, 0.69, 0.75, 0.31, 0.31, 0.65, 0.58, 0.13, 0.6, 0.62, 0.17, 0.61, 0.64, 0.13, 0.78, 0.79, 0.72, 0.13, 0.24, 0.11, 0.0, 0.84, 0.89, 0.25, 0.85, 0.13, 0.88, 0.65, 0.77, 0.61, 0.27, 0.59, 0.28, 0.75, 0.35, 0.32, 0.46, 0.85, 0.55, 0.45, 0.74, 0.1, 0.67, 0.77, 0.57, 1.0, 0.62, 0.23, 0.25, 0.85, 0.0, 0.26, 0.25, 1.0, 0.88, 0.23, 0.39, 0.77, 1.0, 0.32, 0.27, 0.62, 0.35, 0.5, 1.0, 0.59, 0.69, 0.31]"
326,1192153,0.349,0.222,325,2025-02-23 07:22:29.826932,"['32214', '32217', '32218', '32219', '32224', '32228', '32234', '32236', '32238', '32245', '32248', '32253', '32264', '32281', '32286']","[3052, 2664, 3285, 5541, 4455, 4322, 5647, 2058, 4520, 4757, 2050, 5460, 4345, 4120, 5238, 2640, 3500, 2943, 3706, 2236, 5264, 4033, 3406, 576, 2112, 2620, 331, 386, 1176, 1666, 4611, 4539, 3493, 5692, 990, 1728]","[1.0, 0.67, 0.71, 1.0, 0.75, 0.75, 0.24, 0.37, 0.41, 0.26, 1.0, 0.54, 0.42, 0.84, 0.25, 0.75, 0.25, 0.54, 0.74, 0.69, 0.0, 0.88, 0.0, 0.77, 1.0, 0.58, 0.46, 0.79, 0.62, 0.7, 0.67, 0.0, 0.54, 0.56, 1.0, 0.3, 0.79, 0.46, 0.36, 1.0, 0.69, 0.73, 0.69, 0.82, 0.83, 0.76, 0.78, 0.35, 0.46, 0.53, 1.0, 0.62, 0.67, 0.73, 0.07, 0.72, 0.64, 0.8, 0.09, 0.19, 0.46, 0.62, 0.57, 0.24, 0.72, 0.32, 0.68, 0.5, 0.75, 0.39, 0.69, 0.33, 0.75, 0.47, 0.58]"
327,40719,0.391,0.278,325,2025-02-23 07:22:29.941476,"['32215', '32218', '32219', '32222', '32226', '32244', '32252', '32254', '32255', '32256', '32259', '32266', '32274', '32279', '32280']","[3052, 5760, 2586, 4119, 374, 4226, 4953, 3720, 930, 4319, 5195, 3158, 4003, 4033, 5918, 4455, 5758, 4062, 3694, 5908, 2656, 4120, 4663, 3900, 4622, 4611, 1822, 2316, 1868, 5655, 4600, 2547, 1533, 2482, 4954, 3266]","[0.67, 0.0, 0.67, 0.72, 0.0, 0.0, 0.17, 0.25, 1.0, 0.39, 0.41, 0.41, 0.0, 0.72, 0.27, 0.68, 0.44, 0.32, 0.68, 0.67, 0.26, 0.84, 0.64, 0.75, 0.26, 0.38, 0.22, 0.61, 0.76, 0.83, 0.25, 0.7, 0.28, 0.77, 0.66, 0.57, 0.7, 0.36, 0.25, 0.44, 1.0, 0.0, 1.0, 0.64, 0.85, 1.0, 0.62, 0.56, 0.23, 0.61, 0.63, 0.61, 1.0, 0.67, 0.13, 0.59, 0.77, 0.57, 0.16, 0.29, 0.17, 0.79, 0.37, 0.31, 0.76, 0.33, 0.67, 0.39, 0.69, 0.36, 0.59, 0.43, 0.56, 0.6, 0.43]"
328,1391355,0.367,0.111,325,2025-02-23 07:22:30.065903,"['32214', '32215', '32217', '32218', '32219', '32223', '32226', '32244', '32248', '32249', '32252', '32254', '32269', '32273', '32281']","[3703, 539, 882, 4723, 5195, 2740, 5782, 825, 4033, 557, 823, 4065, 2378, 5371, 3326, 3052, 838, 2050, 2744, 2586, 506, 5760, 637, 2948, 4226, 117, 5385, 16, 3383, 4701, 4600, 4846, 4003, 2840, 5918, 1553]","[0.0, 1.0, 0.74, 0.0, 1.0, 0.0, 0.18, 0.29, 0.39, 0.0, 0.35, 0.45, 1.0, 0.75, 0.19, 0.57, 0.51, 0.26, 0.59, 0.55, 0.18, 0.69, 0.65, 0.69, 0.37, 0.46, 0.44, 0.72, 0.58, 0.63, 0.0, 0.69, 0.23, 0.68, 1.0, 1.0, 0.78, 0.34, 0.0, 0.4, 1.0, 0.53, 0.57, 0.7, 0.67, 0.48, 0.64, 0.72, 0.14, 0.62, 0.61, 0.22, 0.3, 0.72, 0.31, 0.0, 0.55, 0.65, 0.35, 1.0, 0.43, 0.65, 0.45, 0.47, 0.63, 0.43, 0.52, 0.25, 0.7, 0.5, 0.61, 0.41, 0.54, 0.52, 0.45]"
329,1278704,0.217,0.028,325,2025-02-23 07:22:30.179871,"['32219', '32221', '32224', '32231', '32242', '32243', '32248', '32251', '32262', '32263', '32265', '32266', '32269', '32283', '32286']","[1164, 734, 5256, 2072, 3255, 5402, 806, 668, 1117, 4807, 391, 5313, 1268, 2980, 1942, 535, 3273, 2253, 5696, 4504, 5301, 3063, 182, 2246, 756, 3064, 4725, 3113, 3376, 5134, 5742, 2668, 4160, 4459, 5245, 3310]","[0.25, 0.87, 0.77, 0.21, 0.87, 1.0, 0.35, 0.25, 0.19, 0.21, 0.75, 0.69, 0.31, 0.92, 0.65, 0.76, 0.15, 1.0, 0.75, 0.65, 0.62, 0.87, 0.23, 0.77, 0.81, 0.78, 0.82, 0.92, 0.0, 0.0, 0.88, 0.24, 0.75, 0.27, 0.25, 0.14, 0.89, 0.75, 0.24, 0.77, 0.83, 0.86, 0.86, 0.93, 0.7, 0.77, 0.9, 0.25, 1.0, 1.0, 0.24, 0.25, 1.0, 0.81, 0.06, 0.75, 0.33, 0.93, 0.09, 0.21, 0.38, 0.32, 0.79, 0.25, 0.61, 0.21, 0.84, 0.74, 0.82, 0.75, 0.79, 0.24, 0.25, 0.31, 0.72]"
330,1502217,0.299,0.417,330,2025-02-23 07:22:30.421010,"['32219', '32230', '32231', '32236', '32238', '32240', '32242', '32253', '32264', '32270', '32273', '32275', '32283', '32286', '32288']","[539, 506, 5195, 3052, 117, 4600, 216, 835, 5658, 2840, 4065, 4322, 4033, 3703, 5541, 2753, 4003, 4723, 637, 5758, 2378, 712, 2664, 5614, 3951, 1553, 2943, 990, 3263, 2050, 3094, 889, 823, 2612, 5692, 5216]","[0.35, 0.67, 0.75, 0.33, 0.65, 0.75, 0.25, 0.37, 0.33, 0.43, 0.43, 0.54, 0.46, 0.81, 0.33, 0.64, 0.25, 0.0, 0.66, 0.59, 0.31, 0.77, 0.75, 0.73, 0.75, 0.6, 1.0, 0.82, 1.0, 0.57, 0.65, 0.56, 0.43, 0.58, 0.48, 0.38, 0.81, 0.4, 0.37, 0.25, 0.7, 0.67, 0.69, 0.81, 0.72, 0.6, 0.74, 0.54, 0.33, 0.54, 0.25, 0.34, 0.41, 0.76, 0.19, 0.47, 0.25, 0.82, 0.23, 0.25, 0.42, 0.83, 0.54, 0.37, 0.64, 0.37, 0.7, 0.55, 0.77, 0.25, 0.68, 0.38, 0.25, 0.45, 0.75]"
331,1225429,0.342,0.361,330,2025-02-23 07:22:30.535375,"['32214', '32219', '32226', '32231', '32238', '32239', '32246', '32249', '32253', '32269', '32270', '32276', '32281', '32287', '32288']","[3052, 4226, 4003, 5195, 3326, 4846, 4723, 3158, 990, 4119, 4033, 5760, 2664, 506, 3720, 4600, 4953, 1553, 4120, 637, 3703, 1822, 539, 5918, 3285, 2050, 5315, 2547, 2586, 4319, 4455, 4663, 2378, 5567, 4954, 5899]","[1.0, 0.46, 0.71, 0.6, 0.5, 0.75, 0.2, 0.28, 0.51, 0.44, 0.4, 0.45, 1.0, 0.71, 0.27, 0.65, 0.46, 0.0, 0.68, 0.64, 0.26, 0.82, 0.61, 0.74, 0.75, 0.75, 0.27, 0.68, 0.7, 0.78, 0.47, 0.69, 0.25, 0.76, 0.61, 0.75, 0.72, 0.35, 0.44, 0.75, 0.58, 0.54, 0.56, 0.69, 0.83, 0.63, 0.63, 0.58, 0.26, 0.58, 0.6, 0.54, 0.58, 0.7, 0.16, 1.0, 1.0, 0.64, 0.19, 0.34, 0.5, 0.74, 0.17, 0.34, 0.72, 0.44, 0.56, 0.25, 0.71, 0.4, 0.6, 0.44, 0.56, 0.75, 0.75]"
332,966404,0.303,0.25,330,2025-02-23 07:22:30.650035,"['32214', '32221', '32224', '32231', '32238', '32243', '32245', '32247', '32248', '32253', '32261', '32263', '32265', '32270', '32286']","[734, 2072, 1164, 5256, 3124, 4459, 1196, 3376, 5742, 1183, 1942, 3063, 391, 1268, 2298, 1117, 806, 668, 5290, 3474, 4396, 3310, 214, 182, 2172, 1871, 2668, 4500, 3255, 4371, 216, 4866, 5744, 5313, 5747, 5763]","[0.0, 0.86, 0.77, 0.22, 0.86, 0.85, 0.34, 1.0, 0.2, 0.26, 0.25, 0.67, 0.32, 0.9, 0.6, 0.74, 0.18, 1.0, 0.73, 0.63, 0.58, 0.85, 0.25, 0.76, 0.75, 0.76, 0.79, 0.92, 0.35, 0.0, 0.85, 0.75, 0.72, 0.0, 0.0, 0.15, 0.87, 0.56, 0.26, 1.0, 0.84, 0.86, 0.85, 0.92, 0.72, 0.74, 0.88, 0.0, 0.61, 1.0, 0.27, 1.0, 0.49, 0.81, 0.08, 0.65, 0.0, 0.94, 0.11, 0.24, 0.37, 0.33, 0.76, 0.27, 0.62, 0.25, 0.86, 0.7, 0.83, 0.5, 0.78, 0.28, 0.5, 0.33, 0.69]"
333,193619,0.349,0.222,330,2025-02-23 07:22:30.764607,"['32224', '32234', '32238', '32240', '32242', '32246', '32247', '32251', '32253', '32263', '32266', '32270', '32275', '32286', '32288']","[3406, 5541, 3052, 2664, 3285, 712, 4322, 3706, 2050, 3263, 576, 1316, 506, 5692, 2840, 4412, 2640, 2761, 2943, 4161, 4000, 1098, 5647, 4033, 3500, 4547, 990, 2112, 1176, 114, 5065, 981, 4003, 4757, 2843, 786]","[0.46, 0.71, 0.74, 0.45, 0.76, 0.64, 0.28, 0.41, 0.35, 0.28, 1.0, 0.58, 0.41, 0.84, 0.5, 0.73, 0.25, 0.61, 0.74, 0.67, 0.0, 0.87, 0.38, 0.76, 0.75, 0.62, 0.75, 0.84, 0.25, 0.63, 0.72, 0.44, 0.75, 0.75, 0.61, 0.26, 0.81, 1.0, 0.32, 0.75, 0.75, 0.76, 0.75, 0.86, 0.83, 0.74, 0.8, 0.34, 0.51, 0.25, 0.39, 0.56, 1.0, 0.76, 0.08, 0.67, 1.0, 0.86, 0.1, 0.2, 0.44, 0.67, 0.61, 0.26, 0.7, 0.31, 0.76, 0.58, 0.78, 0.43, 0.71, 0.34, 0.75, 0.43, 0.75]"
334,781383,0.251,0.444,330,2025-02-23 07:22:30.884103,"['32221', '32224', '32242', '32243', '32247', '32251', '32253', '32261', '32263', '32265', '32270', '32274', '32275', '32283', '32286']","[5692, 4547, 1316, 4396, 342, 2498, 5460, 4184, 3310, 3084, 1164, 5065, 4757, 1932, 981, 3255, 5256, 3474, 4000, 2640, 1098, 598, 2668, 1893, 295, 2664, 1382, 1611, 2943, 3406, 5402, 2367, 5208, 114, 214, 1242]","[0.43, 0.82, 0.75, 0.41, 0.86, 0.76, 0.35, 1.0, 0.29, 0.19, 0.75, 0.66, 0.33, 0.89, 0.69, 0.79, 0.15, 0.76, 0.79, 0.71, 0.67, 0.92, 0.25, 0.79, 0.72, 0.72, 0.66, 0.9, 0.75, 0.75, 0.83, 0.28, 0.76, 0.0, 0.64, 0.14, 0.85, 0.75, 0.25, 1.0, 0.83, 0.86, 0.84, 0.92, 0.85, 0.82, 0.87, 0.0, 0.7, 0.25, 0.27, 1.0, 0.72, 0.78, 0.04, 0.79, 0.25, 0.92, 0.05, 0.11, 0.83, 0.17, 0.73, 0.19, 0.71, 0.24, 0.85, 0.67, 0.82, 0.25, 0.77, 0.28, 0.5, 0.36, 0.69]"
335,1553522,0.258,0.333,335,2025-02-23 07:22:31.126133,"['32219', '32222', '32223', '32230', '32252', '32254', '32256', '32259', '32260', '32266', '32269', '32271', '32274', '32279', '32285']","[3052, 4319, 5760, 4226, 4119, 4338, 2586, 5918, 3158, 930, 2910, 3720, 2547, 2609, 5385, 4003, 4954, 3326, 4988, 4953, 4846, 2338, 1868, 1770, 374, 3998, 3266, 5285, 5899, 2111, 4663, 4033, 3885, 5098, 2776, 1769]","[0.68, 0.35, 0.67, 0.72, 0.41, 0.0, 0.19, 0.24, 0.75, 0.0, 0.39, 0.38, 0.6, 0.65, 0.2, 0.63, 1.0, 0.28, 0.68, 0.66, 0.21, 0.81, 0.67, 0.75, 0.21, 0.33, 0.17, 0.55, 0.81, 0.86, 0.36, 0.78, 0.24, 0.81, 0.68, 0.67, 0.65, 0.33, 0.75, 0.43, 0.25, 0.43, 0.0, 0.55, 0.87, 0.75, 0.75, 0.63, 0.21, 0.63, 0.69, 0.64, 0.75, 0.69, 0.16, 0.75, 0.8, 0.75, 0.17, 0.3, 0.83, 0.81, 0.29, 0.3, 0.75, 0.5, 0.43, 0.37, 0.64, 0.41, 0.56, 1.0, 0.57, 0.61, 0.38]"
336,613544,0.376,0.194,335,2025-02-23 07:22:31.245444,"['32219', '32223', '32224', '32236', '32238', '32239', '32248', '32266', '32269', '32270', '32273', '32276', '32283', '32286', '32287']","[5541, 4322, 216, 4033, 2943, 2840, 835, 712, 990, 2640, 5195, 2664, 3052, 2761, 4455, 5460, 5256, 4003, 5700, 3263, 2050, 3406, 4161, 2620, 2060, 3706, 3500, 1098, 5216, 1316, 386, 1176, 4000, 406, 576, 5692]","[0.42, 0.69, 0.73, 0.42, 0.75, 0.75, 0.28, 0.41, 0.32, 0.75, 0.75, 0.59, 0.42, 0.83, 0.47, 0.71, 0.28, 0.58, 0.73, 0.65, 0.46, 0.84, 0.0, 0.78, 1.0, 1.0, 0.55, 0.82, 0.56, 0.64, 0.71, 0.46, 0.55, 0.51, 1.0, 0.3, 0.81, 0.47, 0.33, 0.66, 0.74, 0.72, 0.73, 0.83, 0.8, 0.73, 0.77, 0.39, 0.48, 0.53, 0.42, 0.53, 0.75, 0.78, 0.09, 0.25, 0.75, 0.85, 0.1, 0.0, 0.42, 0.54, 0.33, 0.24, 0.69, 0.31, 0.72, 0.62, 0.76, 0.5, 0.72, 0.34, 0.5, 0.5, 0.58]"
337,1105378,0.317,0.083,335,2025-02-23 07:22:31.374924,"['32219', '32224', '32228', '32234', '32243', '32246', '32248', '32251', '32262', '32263', '32266', '32269', '32275', '32283', '32286']","[734, 1164, 668, 3255, 2668, 3593, 3063, 5256, 2072, 216, 391, 4322, 5541, 3273, 835, 133, 535, 2253, 5402, 4696, 1787, 4396, 206, 2420, 4459, 3406, 214, 4725, 5157, 5742, 1783, 1268, 342, 1316, 3310, 3188]","[0.25, 0.82, 0.77, 0.23, 0.85, 1.0, 0.32, 0.49, 0.19, 0.28, 1.0, 0.68, 0.34, 0.88, 1.0, 0.71, 0.21, 0.69, 0.73, 0.61, 1.0, 0.81, 0.26, 0.78, 0.75, 0.75, 0.77, 0.9, 0.37, 0.25, 0.84, 0.32, 1.0, 0.34, 0.75, 0.18, 0.88, 0.25, 0.27, 0.74, 0.83, 0.82, 0.82, 0.9, 0.7, 0.74, 0.86, 0.33, 0.25, 1.0, 0.3, 0.37, 0.0, 0.83, 0.09, 0.75, 0.35, 0.93, 0.11, 0.24, 0.36, 0.33, 0.73, 0.24, 0.62, 0.26, 0.81, 0.74, 0.8, 0.75, 0.78, 0.29, 0.5, 0.34, 0.65]"
338,1373652,0.249,0.222,335,2025-02-23 07:22:31.489055,"['32218', '32219', '32221', '32224', '32231', '32236', '32242', '32243', '32247', '32251', '32263', '32265', '32270', '32283', '32286']","[3406, 2640, 1164, 5256, 5692, 3255, 5402, 2668, 3263, 2339, 2072, 391, 2943, 1293, 5744, 3063, 342, 1316, 5742, 4396, 5290, 2270, 1268, 4000, 1893, 3310, 3365, 4176, 5700, 3273, 4725, 4547, 3084, 5459, 598, 5541]","[0.33, 0.82, 0.75, 0.32, 1.0, 0.25, 0.34, 1.0, 0.22, 0.22, 1.0, 0.68, 0.33, 0.89, 0.63, 0.76, 0.17, 0.75, 0.77, 0.66, 0.62, 0.86, 0.0, 0.79, 0.74, 0.74, 0.72, 0.89, 0.0, 0.75, 0.83, 0.29, 0.72, 0.0, 0.57, 0.15, 0.87, 0.75, 0.26, 0.77, 0.83, 0.83, 0.82, 0.91, 0.78, 0.79, 0.86, 0.25, 0.65, 0.25, 0.28, 0.75, 0.59, 0.82, 0.06, 0.76, 0.25, 0.93, 0.07, 0.16, 0.39, 0.4, 0.72, 0.19, 0.67, 0.24, 0.82, 0.73, 0.8, 0.5, 0.78, 0.28, 0.5, 0.35, 0.68]"
339,333007,0.263,0.417,335,2025-02-23 07:22:31.606892,"['32217', '32219', '32221', '32234', '32242', '32243', '32245', '32251', '32262', '32263', '32269', '32270', '32275', '32283', '32286']","[5256, 3593, 3474, 3084, 3255, 5692, 2498, 342, 2943, 712, 1316, 3029, 3310, 2668, 4184, 1293, 4396, 2465, 2664, 1164, 214, 49, 5460, 5654, 668, 981, 3063, 4322, 3406, 5065, 3450, 216, 4757, 2761, 1098, 598]","[0.39, 0.78, 0.74, 0.0, 0.84, 0.75, 0.32, 1.0, 0.27, 0.22, 0.59, 0.65, 0.36, 0.87, 0.61, 0.76, 0.19, 0.7, 0.77, 0.67, 1.0, 0.87, 0.27, 0.8, 0.69, 0.7, 0.65, 0.87, 1.0, 0.75, 0.8, 0.0, 0.69, 0.4, 0.61, 0.18, 0.85, 0.25, 0.27, 0.76, 0.81, 0.81, 0.8, 0.89, 0.81, 0.8, 0.84, 0.26, 0.75, 0.25, 0.32, 0.59, 0.64, 0.8, 0.05, 1.0, 0.75, 0.91, 0.06, 0.14, 0.41, 0.17, 0.68, 0.19, 0.69, 0.25, 0.8, 0.69, 0.79, 0.25, 0.77, 0.29, 0.5, 0.38, 0.66]"
340,221234,0.336,0.194,340,2025-02-23 07:22:31.853177,"['32221', '32224', '32239', '32242', '32243', '32248', '32251', '32262', '32263', '32265', '32269', '32270', '32275', '32281', '32286']","[5065, 5692, 5460, 5256, 2620, 2640, 1316, 3406, 1098, 4520, 4184, 1268, 342, 3255, 1611, 3706, 1932, 2664, 5744, 1942, 3474, 2498, 5594, 3151, 4757, 2072, 5402, 1666, 981, 49, 2112, 2668, 2838, 1164, 4396, 2843]","[0.41, 0.78, 0.75, 0.4, 0.85, 0.75, 0.31, 1.0, 0.29, 0.21, 1.0, 0.65, 0.34, 0.89, 0.62, 0.76, 0.18, 0.69, 0.79, 0.7, 0.61, 0.9, 0.25, 0.79, 0.72, 1.0, 0.66, 0.89, 1.0, 0.75, 0.8, 0.3, 0.7, 0.4, 1.0, 0.15, 0.85, 1.0, 0.27, 0.75, 0.81, 0.84, 0.8, 0.9, 0.82, 0.83, 0.86, 0.25, 1.0, 0.75, 0.29, 0.75, 0.71, 0.79, 0.05, 0.75, 0.0, 0.9, 0.05, 0.13, 0.44, 0.0, 0.71, 0.18, 0.69, 0.25, 0.76, 0.5, 0.8, 0.43, 0.79, 0.29, 0.5, 0.43, 0.67]"
341,499581,0.324,0.083,340,2025-02-23 07:22:31.968874,"['32217', '32224', '32231', '32240', '32242', '32246', '32247', '32251', '32263', '32265', '32266', '32270', '32281', '32286', '32287']","[712, 4322, 4033, 3285, 2664, 3052, 1176, 2761, 2050, 2943, 3500, 506, 5692, 5195, 539, 1316, 5541, 990, 2840, 3406, 2640, 5758, 4600, 216, 1786, 835, 1098, 4003, 4412, 5460, 1359, 3263, 5256, 4455, 3706, 3474]","[0.42, 0.7, 0.74, 0.0, 0.76, 0.66, 0.27, 0.41, 0.34, 0.29, 0.75, 0.59, 0.4, 0.85, 0.48, 0.71, 0.27, 0.75, 0.75, 0.67, 0.48, 0.86, 0.35, 0.77, 0.61, 0.63, 1.0, 0.84, 0.75, 0.64, 0.71, 0.42, 0.25, 0.75, 0.59, 0.25, 0.82, 0.75, 0.32, 0.66, 0.75, 0.76, 0.73, 0.86, 0.8, 0.76, 0.8, 0.38, 0.48, 0.25, 0.38, 0.75, 1.0, 0.77, 0.09, 0.7, 0.75, 0.84, 0.09, 0.2, 0.45, 0.54, 0.62, 0.22, 0.68, 0.31, 0.68, 1.0, 0.77, 0.44, 0.74, 0.33, 0.5, 0.5, 0.6]"
342,104745,0.309,0.167,340,2025-02-23 07:22:32.088331,"['32215', '32217', '32219', '32225', '32226', '32236', '32238', '32239', '32248', '32261', '32264', '32265', '32266', '32281', '32288']","[3052, 4033, 4003, 2948, 5195, 1359, 3285, 4975, 1553, 5899, 480, 5675, 4825, 539, 4226, 3961, 1176, 1331, 2943, 449, 5888, 4600, 4701, 5647, 3729, 2378, 712, 650, 4412, 5760, 2058, 4062, 4883, 3720, 2050, 814]","[0.55, 0.75, 0.71, 0.25, 0.59, 0.0, 0.23, 0.32, 0.47, 0.37, 0.48, 0.75, 0.25, 0.77, 0.33, 0.67, 0.39, 0.4, 0.72, 0.67, 0.34, 0.84, 0.25, 0.74, 0.0, 0.75, 0.36, 0.73, 0.7, 0.76, 0.55, 0.59, 0.38, 0.68, 1.0, 0.41, 0.76, 0.4, 0.41, 0.53, 0.63, 0.63, 0.6, 0.76, 0.82, 0.7, 0.69, 0.75, 0.32, 0.57, 0.75, 0.75, 1.0, 0.73, 0.13, 0.63, 0.66, 0.7, 0.12, 0.25, 0.49, 0.68, 0.47, 0.26, 0.71, 0.4, 0.56, 0.75, 0.72, 0.41, 0.66, 0.4, 0.56, 0.59, 0.5]"
343,601204,0.323,0.444,340,2025-02-23 07:22:32.206880,"['32215', '32223', '32230', '32249', '32252', '32254', '32255', '32256', '32260', '32269', '32271', '32274', '32279', '32281', '32285']","[4226, 4319, 930, 3052, 4119, 5385, 3326, 5760, 2586, 1769, 5918, 4003, 4846, 1929, 2547, 525, 3158, 1868, 3720, 3998, 2910, 2338, 4338, 5673, 2609, 1770, 4953, 4988, 557, 5195, 3885, 277, 374, 3703, 4033, 5655]","[0.65, 0.0, 0.68, 0.66, 0.37, 0.25, 0.18, 0.23, 0.61, 0.0, 0.39, 0.4, 0.61, 0.66, 0.17, 0.59, 1.0, 0.22, 0.67, 0.65, 0.19, 0.79, 0.68, 0.71, 0.23, 0.33, 0.19, 0.57, 0.81, 0.84, 0.35, 0.77, 0.18, 0.83, 0.61, 0.75, 0.69, 0.32, 0.0, 0.36, 0.25, 0.75, 0.25, 0.6, 0.82, 0.59, 0.75, 0.7, 0.15, 0.64, 0.68, 0.56, 0.61, 0.68, 0.23, 0.75, 0.75, 0.0, 0.21, 0.37, 1.0, 0.8, 0.3, 0.33, 0.72, 0.33, 0.4, 0.25, 0.65, 0.4, 0.56, 0.5, 0.61, 0.69, 0.37]"
344,1020141,0.389,0.472,340,2025-02-23 07:22:32.324828,"['32217', '32219', '32240', '32245', '32246', '32247', '32263', '32265', '32266', '32270', '32275', '32281', '32286', '32287', '32288']","[5256, 3474, 4184, 1316, 668, 4322, 114, 2761, 2943, 4547, 2498, 3084, 5692, 2664, 3376, 1293, 214, 712, 3500, 342, 3310, 3124, 1611, 2756, 1942, 5065, 1164, 391, 216, 5541, 5460, 2367, 3450, 1893, 1117, 2640]","[0.37, 0.76, 0.75, 0.25, 0.82, 1.0, 0.29, 0.44, 0.28, 0.26, 0.57, 0.63, 0.36, 0.88, 0.54, 0.73, 0.22, 0.63, 0.76, 0.66, 0.54, 0.87, 0.29, 0.77, 0.69, 0.69, 1.0, 0.88, 0.5, 0.58, 0.77, 0.0, 0.0, 0.0, 0.58, 0.19, 0.84, 0.51, 0.29, 0.71, 0.79, 0.81, 0.78, 0.89, 0.79, 0.78, 0.84, 0.32, 0.55, 1.0, 0.32, 1.0, 1.0, 0.79, 0.08, 0.73, 1.0, 0.88, 0.07, 0.18, 0.43, 0.0, 0.68, 0.21, 0.66, 0.28, 0.73, 0.75, 0.78, 0.45, 0.77, 0.3, 0.5, 0.75, 1.0]"
345,1218153,0.362,0.306,345,2025-02-23 07:22:32.568914,"['32215', '32222', '32223', '32230', '32239', '32252', '32253', '32254', '32259', '32265', '32269', '32274', '32276', '32279', '32280']","[5385, 5760, 4226, 4319, 3052, 882, 2586, 2547, 823, 3703, 1769, 2378, 557, 930, 2338, 3383, 4723, 4119, 4003, 3720, 5918, 1740, 2879, 525, 2910, 506, 2744, 5326, 4033, 3885, 1204, 1596, 277, 670, 1533, 4338]","[0.57, 0.75, 0.71, 0.58, 0.38, 0.3, 0.16, 0.23, 0.75, 0.0, 0.31, 0.39, 0.61, 0.66, 0.17, 0.57, 1.0, 0.23, 0.62, 0.61, 0.15, 0.7, 0.71, 0.71, 0.24, 0.0, 0.25, 0.6, 0.73, 0.77, 0.36, 0.77, 0.19, 0.8, 0.55, 0.68, 0.71, 0.3, 1.0, 0.0, 0.75, 0.42, 0.44, 0.57, 0.77, 0.75, 0.51, 0.72, 0.13, 0.66, 0.68, 0.0, 0.43, 0.67, 0.29, 0.75, 0.7, 0.5, 0.34, 0.5, 1.0, 0.79, 0.33, 0.39, 0.71, 1.0, 0.17, 0.35, 0.65, 0.42, 0.53, 0.5, 0.59, 0.62, 0.35]"
346,1014493,0.282,0.444,345,2025-02-23 07:22:32.690854,"['32217', '32224', '32228', '32238', '32242', '32246', '32247', '32248', '32251', '32262', '32265', '32266', '32270', '32276', '32286']","[3052, 4322, 5541, 4033, 2943, 506, 2664, 2761, 4455, 5195, 4846, 712, 3720, 5614, 576, 2050, 5700, 2840, 3263, 4003, 2847, 5460, 5692, 5110, 786, 216, 1553, 990, 4600, 5264, 1098, 5899, 5216, 814, 3326, 4062]","[0.46, 0.65, 0.74, 0.25, 0.7, 0.6, 0.25, 0.37, 0.36, 0.34, 0.75, 0.55, 0.45, 0.84, 0.0, 0.69, 0.31, 0.51, 0.72, 0.66, 0.39, 0.81, 0.44, 0.75, 1.0, 0.56, 0.51, 0.83, 0.75, 0.64, 0.67, 0.48, 0.75, 0.25, 0.75, 0.33, 0.81, 0.0, 0.38, 0.63, 0.71, 0.7, 0.69, 0.81, 0.78, 0.68, 0.75, 0.43, 0.0, 0.55, 0.45, 0.75, 0.75, 0.75, 0.11, 0.64, 0.75, 0.8, 0.15, 0.27, 0.44, 0.58, 0.83, 0.26, 0.7, 0.34, 0.66, 0.56, 0.74, 0.44, 0.68, 0.36, 0.5, 0.47, 0.54]"
347,910231,0.362,0.083,345,2025-02-23 07:22:32.810044,"['32224', '32231', '32238', '32242', '32243', '32245', '32247', '32248', '32261', '32264', '32275', '32276', '32283', '32286', '32288']","[835, 1268, 2664, 3406, 4161, 5195, 391, 2840, 4322, 5045, 4176, 5256, 5541, 3255, 2072, 117, 216, 2943, 734, 712, 3263, 1164, 506, 2640, 539, 5402, 2420, 2668, 1942, 4600, 5216, 114, 5692, 1290, 3951, 4454]","[0.32, 0.76, 0.76, 0.28, 0.78, 0.76, 0.29, 0.44, 0.25, 0.32, 1.0, 0.61, 0.39, 0.88, 0.47, 0.69, 0.26, 1.0, 0.71, 0.63, 0.45, 0.79, 0.34, 0.75, 1.0, 0.67, 0.69, 0.89, 0.0, 1.0, 0.78, 0.0, 0.59, 0.75, 0.25, 0.24, 0.86, 0.49, 0.33, 0.69, 0.78, 0.77, 0.77, 0.88, 0.7, 0.67, 0.82, 1.0, 0.45, 0.52, 0.0, 0.36, 0.45, 0.79, 0.13, 0.61, 0.4, 0.88, 0.16, 0.32, 0.4, 0.83, 0.83, 0.27, 0.64, 0.3, 0.73, 0.65, 0.77, 0.75, 0.73, 0.32, 0.25, 0.4, 0.75]"
348,784645,0.334,0.278,345,2025-02-23 07:22:32.927120,"['32223', '32226', '32231', '32238', '32239', '32245', '32248', '32261', '32264', '32269', '32270', '32276', '32281', '32287', '32288']","[3052, 5195, 506, 539, 2840, 1553, 2943, 2753, 712, 4600, 835, 786, 3703, 2761, 4033, 2050, 1359, 216, 889, 5758, 4065, 117, 823, 4003, 576, 882, 449, 637, 2505, 3951, 5614, 4322, 4723, 2664, 2379, 1273]","[0.43, 0.61, 0.74, 0.41, 0.64, 0.58, 0.23, 0.35, 0.36, 0.0, 0.43, 0.52, 0.0, 0.81, 0.34, 0.65, 0.37, 0.25, 0.69, 0.63, 0.32, 0.77, 0.49, 0.74, 0.75, 0.0, 0.5, 0.8, 0.57, 0.62, 0.63, 1.0, 0.42, 0.6, 0.75, 0.4, 0.8, 0.41, 0.41, 0.57, 0.68, 0.65, 0.66, 0.79, 0.74, 0.62, 0.72, 1.0, 0.3, 0.57, 0.25, 0.39, 0.46, 0.75, 0.16, 1.0, 0.25, 0.77, 0.2, 0.36, 0.43, 0.59, 0.67, 0.3, 0.68, 0.37, 0.62, 0.75, 0.73, 0.46, 0.66, 0.38, 0.54, 0.25, 0.25]"
349,316027,0.265,0.556,345,2025-02-23 07:22:33.044093,"['32221', '32224', '32228', '32234', '32238', '32243', '32246', '32247', '32248', '32251', '32263', '32266', '32276', '32283', '32286']","[5541, 216, 3951, 835, 391, 5692, 3406, 5045, 1268, 2840, 2420, 539, 506, 3063, 3263, 5256, 3255, 3561, 4547, 2640, 2753, 1164, 117, 2943, 1273, 1787, 2620, 4322, 4000, 1316, 2270, 5614, 712, 5700, 2072, 734]","[0.28, 0.77, 0.77, 0.23, 0.78, 0.79, 0.29, 0.75, 0.22, 0.33, 0.75, 0.62, 0.39, 0.89, 0.25, 0.68, 0.26, 0.58, 0.7, 0.61, 0.0, 0.77, 0.33, 0.74, 1.0, 0.68, 0.72, 0.9, 0.41, 0.25, 0.79, 0.37, 0.75, 0.25, 0.75, 0.24, 0.87, 0.75, 0.33, 0.68, 0.78, 0.77, 0.78, 0.88, 0.66, 0.66, 0.82, 0.42, 0.44, 0.25, 0.34, 0.31, 0.25, 0.8, 0.14, 0.58, 0.36, 0.89, 0.17, 0.36, 0.38, 0.4, 0.83, 0.28, 0.62, 0.3, 0.74, 0.67, 0.77, 0.25, 0.74, 0.31, 0.75, 0.38, 0.6]"
350,236221,0.252,0.5,350,2025-02-23 07:22:33.289082,"['32221', '32234', '32242', '32243', '32246', '32248', '32249', '32251', '32262', '32263', '32270', '32275', '32283', '32286', '32287']","[3255, 3063, 5256, 1164, 2072, 3406, 3029, 734, 216, 835, 4725, 1268, 3474, 4459, 5692, 3084, 1103, 391, 3310, 3593, 4396, 342, 2668, 5245, 1098, 2367, 5742, 5045, 668, 214, 2753, 2761, 2664, 1316, 4184, 2980]","[0.28, 0.84, 0.76, 0.28, 0.85, 0.82, 0.32, 0.75, 0.22, 0.24, 0.57, 0.68, 0.33, 0.88, 0.6, 0.73, 0.18, 0.69, 0.74, 0.64, 1.0, 0.84, 0.26, 0.76, 0.74, 0.76, 0.75, 0.9, 0.75, 0.25, 0.81, 0.28, 0.75, 0.35, 0.75, 0.0, 0.86, 0.75, 0.26, 0.76, 0.82, 0.84, 0.83, 0.91, 0.74, 0.76, 0.86, 0.31, 0.25, 0.75, 0.28, 0.45, 0.53, 0.8, 0.08, 0.71, 0.0, 0.92, 0.09, 0.23, 0.37, 0.17, 0.74, 0.24, 0.66, 0.26, 0.8, 0.69, 0.81, 0.25, 0.77, 0.28, 0.0, 0.0, 0.68]"
351,1165285,0.333,0.167,350,2025-02-23 07:22:33.406792,"['32214', '32217', '32222', '32229', '32249', '32252', '32254', '32256', '32259', '32260', '32271', '32274', '32283', '32284', '32285']","[2586, 5385, 2338, 4319, 3383, 4554, 2879, 5326, 525, 4119, 277, 2910, 5760, 4226, 2547, 930, 2744, 5915, 3484, 2609, 5562, 882, 3885, 3703, 557, 1761, 4804, 3052, 4861, 1596, 2011, 1788, 1964, 1760, 1204, 5918]","[1.0, 0.32, 0.68, 0.25, 0.3, 0.21, 0.14, 0.22, 0.75, 0.62, 0.3, 0.35, 0.65, 0.61, 0.12, 0.75, 0.64, 0.18, 0.58, 0.57, 0.14, 0.7, 0.75, 0.69, 0.16, 0.27, 0.17, 0.54, 0.76, 0.82, 0.29, 0.8, 0.11, 0.84, 0.53, 1.0, 0.67, 0.28, 1.0, 0.33, 0.25, 0.36, 0.25, 0.52, 0.77, 0.25, 0.75, 0.8, 0.1, 0.65, 0.74, 0.43, 0.41, 0.66, 0.35, 0.36, 0.72, 0.25, 0.36, 0.55, 0.67, 0.83, 0.27, 0.45, 0.74, 0.59, 0.38, 0.31, 0.65, 0.5, 0.75, 0.5, 0.61, 0.7, 0.32]"
352,77523,0.295,0.139,350,2025-02-23 07:22:33.529522,"['32214', '32223', '32224', '32231', '32234', '32239', '32240', '32247', '32249', '32259', '32263', '32266', '32269', '32286', '32287']","[2943, 4322, 1164, 2664, 3310, 3406, 5692, 1316, 712, 2640, 5541, 1942, 5402, 4033, 5700, 1098, 3255, 2050, 3593, 5256, 5065, 4412, 3706, 216, 4184, 3029, 835, 5594, 4757, 214, 342, 668, 3273, 2761, 981, 2112]","[0.0, 0.77, 0.73, 0.4, 0.8, 0.72, 0.29, 0.45, 0.29, 0.25, 0.75, 0.64, 0.38, 0.85, 0.55, 0.73, 0.2, 0.75, 0.74, 0.66, 1.0, 0.86, 0.31, 0.76, 0.65, 1.0, 1.0, 0.86, 0.49, 0.57, 0.74, 0.35, 0.61, 1.0, 0.58, 1.0, 0.84, 0.53, 0.3, 0.72, 0.78, 0.8, 0.78, 0.88, 0.8, 1.0, 0.83, 0.34, 0.54, 0.25, 0.34, 0.55, 1.0, 0.78, 0.07, 1.0, 0.46, 0.89, 0.08, 0.2, 0.41, 0.49, 0.67, 0.23, 0.7, 0.3, 0.75, 0.62, 0.8, 0.45, 0.73, 0.31, 0.5, 0.25, 0.63]"
353,1185370,0.256,0.611,350,2025-02-23 07:22:33.645161,"['32214', '32227', '32229', '32232', '32241', '32248', '32249', '32254', '32257', '32259', '32265', '32266', '32273', '32274', '32277']","[2338, 5326, 5915, 4554, 1585, 1596, 1497, 2609, 4991, 2011, 2910, 5385, 1569, 2586, 4099, 2879, 715, 930, 1156, 5562, 4804, 4780, 905, 4861, 4156, 4927, 525, 4319, 1204, 2762, 2707, 5114, 2693, 3128, 2273, 5297]","[1.0, 0.2, 0.65, 0.74, 0.19, 0.11, 0.11, 0.17, 0.69, 0.69, 0.25, 0.28, 0.72, 0.0, 0.07, 0.75, 0.74, 0.11, 0.25, 0.57, 0.09, 0.69, 0.83, 0.68, 0.09, 0.17, 0.09, 0.25, 0.84, 0.89, 0.18, 0.87, 0.06, 0.91, 0.75, 1.0, 0.6, 0.23, 0.66, 0.25, 0.0, 0.24, 0.28, 0.25, 0.81, 0.25, 0.35, 0.87, 0.05, 0.69, 0.82, 0.75, 0.0, 0.61, 0.41, 0.3, 0.81, 0.25, 0.41, 0.75, 0.83, 0.9, 0.18, 0.0, 0.77, 0.67, 0.28, 0.23, 0.6, 0.39, 0.37, 0.6, 0.64, 0.77, 0.24]"
354,597125,0.237,0.139,350,2025-02-23 07:22:33.760863,"['32221', '32224', '32228', '32234', '32240', '32242', '32249', '32251', '32262', '32263', '32265', '32275', '32283', '32286', '32287']","[4322, 5692, 2664, 2943, 5541, 3255, 3593, 1316, 3406, 3084, 216, 668, 2843, 712, 5654, 3310, 2640, 1098, 1293, 5110, 1164, 2761, 3029, 3273, 2498, 3063, 5700, 2465, 4184, 3500, 2050, 835, 4757, 734, 5402, 5256]","[0.39, 0.78, 0.74, 0.39, 0.81, 0.74, 0.3, 0.25, 0.28, 0.25, 0.75, 0.64, 0.37, 0.86, 1.0, 0.74, 0.2, 0.65, 0.74, 0.66, 0.75, 0.86, 0.3, 0.77, 0.66, 0.69, 1.0, 0.87, 1.0, 0.56, 0.75, 0.34, 0.62, 0.43, 0.58, 0.0, 0.84, 0.0, 0.29, 0.73, 0.79, 0.8, 0.79, 0.89, 0.79, 0.77, 0.83, 0.33, 0.25, 0.25, 0.33, 0.75, 0.61, 0.78, 0.07, 0.73, 0.45, 0.89, 0.08, 0.2, 0.41, 0.17, 0.68, 0.23, 0.7, 0.29, 0.75, 0.63, 0.8, 0.25, 0.73, 0.3, 0.5, 0.0, 0.64]"
355,1454109,0.291,0.056,355,2025-02-23 07:22:34.018170,"['32215', '32221', '32224', '32228', '32240', '32246', '32248', '32251', '32262', '32263', '32266', '32281', '32283', '32286', '32288']","[1164, 3063, 3255, 4396, 206, 734, 4459, 1268, 2270, 2715, 2072, 3310, 5256, 3593, 391, 1316, 5157, 4725, 2668, 1787, 5459, 3084, 3273, 806, 4500, 2420, 214, 1117, 3829, 5402, 295, 4547, 2177, 3095, 5290, 2640]","[0.25, 1.0, 0.78, 0.2, 0.88, 0.87, 0.37, 1.0, 0.19, 0.21, 0.75, 0.7, 0.32, 0.91, 1.0, 0.73, 0.17, 0.72, 0.74, 0.64, 0.61, 0.84, 0.21, 0.77, 0.81, 0.78, 1.0, 0.92, 0.35, 0.38, 0.86, 0.25, 1.0, 0.32, 0.75, 0.14, 0.89, 1.0, 0.24, 0.77, 0.86, 0.87, 0.85, 0.93, 0.69, 0.77, 0.89, 0.26, 0.75, 0.25, 0.25, 0.4, 0.0, 0.82, 0.08, 0.69, 0.32, 0.93, 0.09, 0.22, 0.35, 0.33, 0.79, 0.25, 0.61, 0.24, 0.85, 0.0, 0.8, 0.75, 0.77, 0.23, 0.5, 0.33, 1.0]"
356,298808,0.438,0.028,355,2025-02-23 07:22:34.134201,"['32214', '32219', '32224', '32226', '32234', '32236', '32247', '32251', '32261', '32265', '32266', '32269', '32270', '32281', '32287']","[3052, 506, 835, 5195, 2050, 2612, 539, 5614, 5541, 4003, 4723, 4033, 2840, 3285, 2620, 3703, 117, 3263, 712, 576, 3406, 2761, 1553, 823, 786, 2060, 4065, 2753, 4322, 2664, 5888, 990, 4000, 4539, 1098, 4846]","[0.0, 0.66, 0.75, 0.36, 0.65, 1.0, 0.27, 0.35, 0.34, 0.39, 1.0, 0.53, 1.0, 0.81, 0.33, 0.64, 0.38, 0.43, 0.67, 0.6, 0.0, 0.77, 0.25, 0.74, 0.52, 0.55, 0.52, 0.8, 0.56, 0.6, 0.65, 0.54, 0.43, 1.0, 0.51, 0.41, 0.81, 1.0, 0.37, 0.56, 0.69, 0.67, 0.67, 0.8, 0.73, 0.64, 0.74, 1.0, 0.33, 0.56, 0.48, 0.0, 1.0, 0.76, 0.17, 0.75, 1.0, 0.75, 0.19, 0.38, 0.42, 0.58, 0.57, 0.36, 0.66, 0.38, 0.66, 0.75, 0.74, 0.48, 0.66, 0.34, 0.51, 0.25, 0.53]"
357,1337387,0.442,0.083,355,2025-02-23 07:22:34.252499,"['32214', '32215', '32219', '32225', '32226', '32240', '32244', '32248', '32264', '32271', '32276', '32281', '32283', '32286', '32288']","[3703, 539, 3052, 2840, 2050, 3951, 4723, 2612, 5195, 557, 5658, 4033, 882, 4732, 4065, 5888, 5614, 4003, 506, 117, 5758, 835, 216, 5541, 2753, 3094, 4226, 238, 5465, 264, 5782, 4600, 2586, 2740, 990, 1466]","[0.0, 1.0, 0.75, 0.31, 0.58, 1.0, 0.25, 0.32, 0.33, 0.47, 0.4, 0.0, 0.0, 0.78, 0.26, 0.59, 0.46, 0.35, 0.61, 0.56, 0.25, 0.7, 0.53, 0.72, 0.48, 0.52, 1.0, 0.78, 0.55, 0.58, 0.0, 0.61, 0.35, 0.63, 1.0, 0.49, 0.8, 0.41, 0.4, 0.5, 0.65, 0.61, 0.64, 0.76, 0.67, 0.54, 0.7, 0.63, 0.25, 0.58, 1.0, 0.31, 0.35, 0.76, 0.27, 0.4, 0.49, 1.0, 0.28, 0.52, 0.41, 0.58, 0.17, 0.43, 0.63, 0.42, 0.62, 0.5, 0.72, 0.25, 0.64, 0.35, 1.0, 0.51, 0.0]"
358,277906,0.328,0.278,355,2025-02-23 07:22:34.371052,"['32218', '32222', '32239', '32248', '32252', '32254', '32256', '32259', '32260', '32266', '32273', '32274', '32276', '32277', '32281']","[5385, 4226, 2586, 3383, 2338, 4319, 277, 930, 5760, 1788, 5326, 3885, 557, 2879, 5915, 670, 4119, 2609, 5562, 525, 2547, 4554, 3052, 1596, 5918, 1761, 374, 4099, 3035, 4012, 4780, 2839, 4643, 4804, 882, 2011]","[0.59, 0.33, 0.7, 0.59, 0.0, 0.26, 0.18, 0.21, 0.75, 0.6, 0.32, 0.34, 0.62, 0.62, 0.12, 0.53, 0.66, 0.17, 0.59, 0.57, 0.12, 0.69, 0.76, 0.7, 0.2, 0.0, 0.2, 0.55, 0.76, 0.8, 0.33, 0.82, 0.15, 0.83, 1.0, 0.75, 0.68, 0.31, 1.0, 0.31, 0.0, 0.37, 0.25, 0.53, 0.76, 0.75, 0.75, 0.78, 0.11, 0.66, 0.73, 0.42, 0.0, 0.69, 0.34, 0.33, 0.73, 0.4, 0.36, 0.75, 1.0, 0.81, 0.67, 0.33, 0.71, 0.56, 0.38, 0.5, 0.66, 0.44, 0.52, 0.47, 0.61, 0.65, 0.35]"
359,778612,0.334,0.361,355,2025-02-23 07:22:34.494354,"['32221', '32224', '32228', '32234', '32238', '32242', '32248', '32251', '32263', '32265', '32266', '32278', '32281', '32283', '32286']","[1164, 3063, 2072, 5256, 206, 3255, 2668, 3572, 2420, 5402, 4396, 4725, 391, 1268, 1787, 4500, 148, 734, 5459, 2172, 1117, 1067, 3406, 1783, 4696, 4459, 2253, 3273, 5134, 756, 1316, 214, 2640, 5609, 4807, 1480]","[0.22, 0.88, 0.79, 0.17, 0.88, 0.88, 0.37, 1.0, 0.17, 0.22, 1.0, 0.71, 0.32, 0.91, 0.75, 0.73, 0.18, 0.72, 0.73, 0.63, 0.75, 0.83, 0.21, 0.77, 1.0, 0.79, 0.83, 0.93, 0.0, 0.35, 0.87, 0.25, 0.74, 0.31, 0.75, 0.15, 0.89, 1.0, 0.24, 0.77, 0.86, 0.87, 0.85, 0.93, 0.67, 0.76, 0.89, 0.28, 0.64, 0.0, 0.25, 0.25, 0.0, 0.83, 0.09, 0.66, 0.29, 0.93, 0.1, 0.24, 0.35, 0.3, 0.8, 0.26, 0.67, 0.23, 0.85, 1.0, 0.8, 0.25, 0.77, 0.23, 0.5, 0.33, 0.7]"
360,1516378,0.299,0.333,360,2025-02-23 07:22:34.733190,"['32214', '32215', '32218', '32230', '32239', '32249', '32252', '32253', '32255', '32256', '32265', '32271', '32274', '32279', '32280']","[3052, 3720, 4953, 5195, 4033, 4226, 2664, 2316, 4325, 4600, 4003, 1822, 3694, 4622, 1359, 1176, 4954, 4539, 4062, 3500, 2058, 449, 2968, 5758, 3285, 4808, 990, 5647, 3665, 3961, 4455, 2948, 2112, 2776, 4942, 5899]","[1.0, 0.25, 0.71, 0.67, 0.75, 0.34, 0.2, 0.31, 0.52, 0.32, 0.46, 0.49, 0.53, 0.76, 0.35, 0.7, 0.25, 0.45, 0.74, 0.69, 0.34, 0.87, 0.51, 0.77, 0.35, 0.25, 0.29, 0.69, 0.71, 0.81, 0.51, 0.61, 0.41, 0.71, 0.7, 0.25, 0.73, 0.41, 0.25, 0.75, 0.63, 0.25, 0.25, 0.76, 0.87, 0.71, 0.67, 0.42, 0.37, 0.57, 0.56, 1.0, 0.72, 0.69, 0.1, 0.68, 0.73, 1.0, 0.11, 0.2, 0.67, 0.73, 0.43, 0.25, 0.76, 0.67, 0.67, 0.43, 0.71, 0.39, 0.63, 0.39, 0.53, 0.54, 0.49]"
361,37126,0.285,0.583,360,2025-02-23 07:22:34.851492,"['32215', '32217', '32229', '32233', '32239', '32248', '32252', '32254', '32256', '32260', '32273', '32279', '32280', '32283', '32285']","[2744, 3703, 2586, 5782, 882, 2499, 2740, 5236, 557, 5385, 5237, 277, 3383, 1761, 1020, 3035, 4723, 825, 2839, 122, 3885, 915, 3052, 1596, 2879, 2096, 2338, 3484, 3308, 1760, 4226, 5760, 5658, 539, 2821, 838]","[0.39, 0.25, 0.74, 0.25, 0.37, 0.39, 0.15, 0.28, 0.43, 0.64, 0.3, 0.41, 0.62, 0.66, 0.11, 0.0, 0.64, 0.2, 0.55, 0.0, 0.13, 0.61, 0.67, 0.66, 0.29, 0.25, 0.35, 0.65, 0.61, 0.7, 0.4, 0.79, 0.16, 0.77, 0.25, 0.74, 0.75, 0.29, 0.25, 0.31, 0.25, 0.39, 0.25, 0.63, 0.64, 0.37, 0.75, 0.8, 0.1, 0.65, 0.7, 0.22, 0.26, 0.7, 0.46, 0.26, 0.56, 0.54, 0.49, 0.75, 0.45, 0.69, 0.33, 0.47, 0.62, 0.5, 0.5, 0.41, 0.66, 0.5, 0.59, 0.5, 0.59, 0.59, 0.4]"
362,1488147,0.211,0.25,360,2025-02-23 07:22:34.966402,"['32219', '32221', '32224', '32226', '32234', '32239', '32242', '32243', '32245', '32248', '32263', '32266', '32270', '32283', '32286']","[5256, 1164, 391, 1268, 2072, 3310, 4396, 3593, 2668, 5045, 5245, 2980, 3255, 1183, 3450, 4257, 1117, 841, 668, 5290, 5744, 3406, 734, 5742, 1942, 3474, 3084, 4725, 4459, 806, 1098, 214, 5812, 5313, 2986, 3709]","[0.27, 0.85, 0.77, 0.24, 0.87, 1.0, 0.33, 1.0, 0.21, 0.22, 0.75, 0.7, 0.75, 0.9, 0.62, 0.74, 0.17, 0.72, 0.75, 0.64, 1.0, 0.86, 0.21, 0.77, 0.8, 1.0, 0.79, 0.92, 0.25, 0.0, 0.85, 0.0, 0.73, 0.33, 0.25, 0.16, 0.88, 0.56, 0.26, 0.75, 0.84, 0.87, 0.86, 0.93, 0.74, 0.77, 0.88, 0.26, 0.63, 0.75, 0.27, 0.42, 0.75, 0.81, 0.08, 0.72, 0.75, 0.93, 0.09, 0.22, 0.38, 0.33, 0.75, 0.23, 0.62, 0.27, 0.86, 0.73, 0.8, 0.25, 0.79, 0.25, 0.0, 0.33, 0.7]"
363,531514,0.295,0.222,360,2025-02-23 07:22:35.079691,"['32215', '32224', '32225', '32226', '32239', '32240', '32245', '32261', '32264', '32266', '32269', '32270', '32281', '32286', '32287']","[3052, 712, 506, 4322, 2943, 2761, 2050, 2840, 3500, 2664, 5195, 835, 5541, 5692, 4033, 3285, 216, 576, 4539, 1359, 539, 1553, 4003, 3263, 4600, 4161, 1176, 5256, 2620, 3406, 5460, 1273, 2058, 2112, 4757, 4412]","[0.42, 0.75, 0.75, 0.4, 0.74, 0.63, 0.25, 0.4, 0.34, 0.3, 0.75, 0.75, 0.25, 0.83, 0.44, 0.7, 0.28, 0.56, 0.72, 0.64, 0.44, 0.84, 0.36, 0.76, 0.59, 0.25, 0.75, 0.83, 0.52, 0.63, 0.7, 0.25, 0.55, 0.53, 0.58, 0.31, 0.82, 0.47, 0.35, 0.63, 0.74, 0.74, 0.75, 0.86, 0.78, 0.7, 0.79, 0.75, 0.46, 0.52, 0.25, 0.49, 0.75, 0.75, 0.11, 0.75, 0.75, 0.83, 0.13, 0.26, 0.43, 0.53, 0.59, 0.26, 0.67, 0.36, 0.74, 0.75, 0.76, 0.46, 0.71, 0.33, 0.75, 0.5, 0.59]"
364,765161,0.291,0.139,360,2025-02-23 07:22:35.196386,"['32215', '32221', '32224', '32238', '32239', '32242', '32243', '32251', '32263', '32265', '32269', '32270', '32275', '32283', '32286']","[3255, 5256, 2072, 5065, 1117, 4725, 3406, 1942, 3786, 2640, 2668, 1098, 5742, 342, 1164, 4184, 1268, 295, 214, 5027, 1871, 5744, 3063, 1316, 756, 3029, 3474, 668, 950, 5402, 4547, 2339, 1538, 5460, 939, 2761]","[0.36, 1.0, 0.76, 0.33, 0.87, 0.79, 0.33, 0.75, 0.25, 0.19, 1.0, 0.69, 0.34, 0.9, 0.64, 0.76, 0.16, 0.73, 0.78, 0.68, 0.64, 0.89, 0.22, 0.79, 1.0, 0.25, 0.73, 0.9, 0.0, 0.75, 0.83, 0.28, 0.74, 0.36, 0.61, 0.16, 0.87, 1.0, 0.26, 0.77, 0.84, 0.86, 0.85, 0.93, 0.8, 0.81, 0.88, 0.22, 0.67, 0.75, 0.28, 1.0, 0.65, 0.79, 0.06, 1.0, 0.0, 0.92, 0.07, 0.15, 0.4, 0.17, 0.73, 0.2, 0.67, 0.27, 0.84, 0.7, 0.8, 0.25, 0.78, 0.25, 0.25, 0.34, 0.7]"
365,977784,0.251,0.361,365,2025-02-23 07:22:35.446359,"['32214', '32221', '32225', '32234', '32242', '32243', '32246', '32248', '32251', '32263', '32265', '32269', '32270', '32283', '32286']","[1164, 5256, 3255, 342, 2668, 214, 4725, 668, 295, 4184, 3273, 3063, 2072, 3474, 5402, 5742, 5065, 1117, 5459, 3450, 5290, 5245, 2640, 950, 3406, 756, 2943, 3113, 3376, 535, 4444, 5692, 3310, 133, 3932, 2253]","[0.0, 0.83, 0.76, 0.34, 0.87, 0.79, 0.36, 0.75, 0.25, 0.18, 0.64, 1.0, 0.31, 0.89, 0.68, 0.77, 0.13, 0.76, 0.79, 0.7, 1.0, 0.89, 0.22, 0.79, 0.77, 0.75, 0.73, 0.91, 0.0, 0.75, 0.84, 0.24, 0.75, 0.34, 1.0, 0.15, 0.88, 1.0, 0.26, 0.79, 0.83, 0.85, 0.84, 0.93, 0.8, 0.81, 0.89, 0.2, 0.7, 0.75, 0.27, 1.0, 0.69, 0.8, 0.04, 1.0, 0.25, 0.93, 0.06, 0.12, 0.4, 0.38, 0.76, 0.19, 0.68, 0.23, 0.82, 0.73, 0.81, 0.75, 0.78, 0.27, 0.5, 0.33, 0.69]"
366,1375318,0.28,0.111,365,2025-02-23 07:22:35.567952,"['32221', '32225', '32242', '32243', '32248', '32251', '32263', '32264', '32265', '32266', '32275', '32281', '32283', '32286', '32288']","[1164, 5256, 391, 3406, 3255, 3113, 1268, 3376, 3063, 2072, 734, 3474, 5123, 1117, 3310, 668, 214, 5045, 2640, 1316, 5692, 4547, 1103, 295, 5245, 3951, 835, 2668, 4459, 5402, 4725, 1942, 806, 5742, 1787, 216]","[0.28, 0.84, 0.77, 0.25, 0.85, 0.83, 0.34, 1.0, 0.21, 0.23, 0.6, 0.25, 0.32, 0.89, 0.62, 0.73, 0.16, 0.72, 0.76, 0.66, 0.6, 0.85, 0.24, 0.77, 0.78, 0.75, 0.77, 0.91, 0.25, 0.25, 0.84, 0.26, 0.71, 0.34, 0.75, 0.17, 0.88, 0.75, 0.27, 0.76, 0.82, 0.83, 0.83, 0.92, 0.73, 0.76, 0.88, 0.26, 0.63, 0.75, 0.0, 0.25, 1.0, 0.81, 0.07, 0.71, 0.35, 0.93, 0.1, 0.2, 0.38, 0.0, 0.76, 0.24, 0.63, 0.25, 0.81, 1.0, 0.81, 0.5, 0.78, 0.28, 0.5, 0.32, 1.0]"
367,880800,0.301,0.389,365,2025-02-23 07:22:35.684145,"['32221', '32224', '32225', '32234', '32239', '32242', '32243', '32247', '32263', '32264', '32265', '32266', '32270', '32283', '32286']","[4322, 4547, 5402, 1164, 5256, 4184, 342, 3084, 2664, 1316, 2761, 3255, 3406, 214, 2943, 5065, 4257, 5541, 4757, 5790, 2843, 2498, 2044, 295, 3063, 3376, 981, 2367, 2281, 2048, 5594, 5460, 668, 3706, 4444, 3932]","[0.41, 0.81, 0.75, 0.41, 0.85, 0.75, 0.35, 0.25, 0.29, 0.18, 0.75, 0.75, 0.32, 0.89, 0.67, 0.77, 0.14, 0.75, 0.8, 0.72, 0.75, 0.9, 0.24, 0.79, 0.74, 0.75, 0.68, 0.89, 0.25, 0.25, 0.82, 0.27, 0.75, 0.0, 0.65, 0.16, 0.86, 0.58, 0.27, 0.78, 0.82, 0.84, 0.82, 0.92, 0.83, 0.82, 0.88, 0.2, 0.69, 0.25, 0.0, 1.0, 1.0, 0.79, 0.04, 0.81, 0.75, 0.92, 0.06, 0.1, 0.42, 0.43, 0.74, 0.18, 0.7, 0.24, 0.8, 0.71, 0.81, 0.25, 0.76, 0.28, 0.5, 0.35, 0.68]"
368,680275,0.268,0.528,365,2025-02-23 07:22:35.801396,"['32214', '32221', '32225', '32228', '32239', '32240', '32247', '32251', '32253', '32263', '32265', '32269', '32281', '32286', '32287']","[5692, 1316, 3406, 4547, 2640, 2498, 4000, 2943, 5256, 1164, 4396, 712, 3255, 1293, 4322, 5073, 2761, 214, 5402, 5045, 2664, 1942, 3310, 3063, 1098, 1268, 3951, 3474, 1787, 2601, 5541, 2339, 3263, 3424, 5290, 1893]","[0.25, 0.8, 0.76, 0.33, 0.83, 0.76, 0.33, 1.0, 0.26, 0.23, 0.6, 0.25, 0.34, 0.88, 0.25, 0.74, 0.17, 0.7, 0.76, 0.68, 0.58, 0.86, 0.27, 0.78, 0.73, 1.0, 1.0, 0.89, 0.44, 0.52, 0.81, 0.3, 0.69, 0.0, 0.59, 0.19, 0.86, 0.75, 0.29, 0.75, 0.8, 0.81, 0.81, 0.91, 0.78, 0.77, 0.86, 0.27, 0.61, 0.25, 0.32, 1.0, 0.62, 0.79, 0.06, 1.0, 0.43, 0.91, 0.09, 0.17, 0.4, 0.42, 0.72, 0.23, 0.67, 0.26, 0.79, 0.75, 0.8, 0.46, 0.76, 0.29, 0.75, 0.75, 0.66]"
369,21526,0.363,0.25,365,2025-02-23 07:22:35.919838,"['32225', '32228', '32234', '32236', '32240', '32242', '32243', '32245', '32247', '32255', '32263', '32265', '32270', '32275', '32286']","[2664, 3052, 4322, 216, 5195, 990, 3500, 4033, 5460, 2840, 506, 4600, 2847, 4539, 3951, 835, 4003, 539, 114, 5647, 2112, 2761, 4455, 3406, 2756, 4412, 2843, 2498, 3474, 342, 712, 2050, 5541, 2060, 5844, 3706]","[0.43, 0.7, 0.74, 0.41, 0.72, 0.63, 0.27, 0.4, 0.34, 0.31, 0.53, 0.0, 0.42, 0.83, 1.0, 0.7, 0.27, 0.55, 0.73, 0.66, 0.0, 0.83, 0.0, 0.76, 0.58, 0.59, 1.0, 0.83, 1.0, 1.0, 0.7, 0.0, 0.54, 0.25, 0.58, 0.32, 0.82, 0.47, 0.36, 0.64, 0.72, 1.0, 0.71, 0.85, 0.78, 0.71, 0.79, 0.4, 0.45, 0.75, 0.44, 0.25, 0.59, 0.76, 0.1, 0.64, 0.75, 0.84, 0.13, 0.25, 0.43, 0.83, 0.61, 0.27, 0.68, 0.33, 0.69, 0.62, 0.77, 0.45, 0.7, 0.35, 0.5, 0.44, 0.58]"
370,1096019,0.308,0.25,370,2025-02-23 07:22:36.164079,"['32224', '32231', '32234', '32242', '32245', '32246', '32247', '32249', '32251', '32262', '32263', '32266', '32270', '32275', '32286']","[3406, 4322, 5541, 5692, 5264, 2664, 3706, 2943, 2498, 406, 4000, 3052, 2640, 1316, 1098, 2620, 2838, 5460, 4520, 3285, 857, 506, 5647, 4033, 4455, 786, 2761, 3029, 1176, 3500, 2236, 990, 211, 4412, 5206, 216]","[0.43, 0.74, 0.75, 0.41, 0.76, 0.65, 0.29, 0.43, 0.33, 0.28, 1.0, 0.59, 0.42, 0.85, 0.48, 0.72, 0.25, 1.0, 0.74, 0.66, 0.0, 0.85, 0.34, 0.76, 0.6, 0.61, 0.59, 0.84, 1.0, 0.61, 0.69, 0.25, 0.75, 0.25, 0.59, 0.0, 0.82, 1.0, 0.31, 0.69, 0.76, 0.78, 0.73, 0.86, 0.78, 0.74, 0.82, 0.33, 0.0, 0.25, 0.37, 0.54, 1.0, 0.76, 0.07, 0.71, 0.25, 0.85, 0.1, 0.21, 0.44, 0.83, 0.62, 0.26, 0.68, 0.31, 0.74, 0.6, 0.77, 0.44, 0.72, 0.31, 0.5, 0.45, 0.64]"
371,799551,0.249,0.028,370,2025-02-23 07:22:36.280267,"['32221', '32224', '32225', '32242', '32246', '32248', '32249', '32262', '32263', '32265', '32266', '32275', '32283', '32286', '32287']","[734, 3255, 1164, 5245, 5256, 391, 5402, 3063, 216, 668, 756, 535, 3273, 2253, 2072, 1926, 2668, 133, 5313, 4725, 3474, 806, 2278, 2446, 2980, 3113, 5692, 5157, 835, 1783, 558, 2715, 3188, 1117, 295, 1942]","[0.27, 0.86, 0.78, 0.23, 0.86, 0.83, 0.34, 0.0, 0.21, 0.24, 0.75, 0.75, 0.34, 0.9, 0.61, 0.73, 0.18, 0.72, 0.75, 0.64, 0.59, 0.85, 0.22, 0.76, 0.77, 0.75, 0.8, 0.91, 0.25, 0.45, 0.82, 0.27, 1.0, 0.33, 1.0, 0.25, 0.87, 0.55, 0.24, 0.77, 0.84, 0.87, 0.82, 0.92, 0.71, 0.76, 0.88, 0.26, 1.0, 0.75, 0.26, 0.0, 0.75, 0.81, 0.06, 0.72, 0.35, 0.93, 0.09, 0.21, 0.39, 0.0, 0.75, 0.26, 0.62, 0.24, 0.82, 0.72, 0.79, 0.75, 0.78, 0.25, 0.0, 0.0, 0.72]"
372,1595934,0.219,0.278,370,2025-02-23 07:22:36.396828,"['32221', '32224', '32230', '32245', '32248', '32249', '32251', '32262', '32263', '32264', '32266', '32275', '32281', '32283', '32286']","[391, 1164, 5256, 2072, 5402, 3255, 3063, 806, 2980, 1117, 3310, 4725, 4396, 1268, 4459, 4651, 4500, 3474, 2668, 3084, 148, 5692, 342, 1316, 734, 3406, 2177, 1942, 2695, 4807, 756, 5027, 4371, 1196, 2715, 5290]","[0.28, 0.88, 0.78, 0.25, 0.88, 0.84, 0.36, 1.0, 0.2, 0.21, 0.75, 0.69, 0.32, 0.91, 0.66, 0.75, 0.0, 0.76, 0.76, 0.66, 0.64, 0.86, 0.19, 0.77, 0.79, 0.77, 0.81, 0.92, 0.35, 0.44, 0.84, 0.0, 0.74, 0.3, 0.25, 0.75, 0.87, 1.0, 0.23, 0.8, 0.85, 0.89, 0.84, 0.93, 0.72, 0.78, 0.89, 0.22, 1.0, 0.25, 0.0, 0.47, 0.75, 0.81, 0.05, 0.76, 0.34, 0.94, 0.08, 0.18, 0.39, 0.33, 0.77, 0.24, 0.62, 0.22, 0.84, 0.75, 0.8, 0.75, 0.79, 0.24, 0.25, 0.34, 0.74]"
373,316845,0.405,0.0,370,2025-02-23 07:22:36.514077,"['32218', '32222', '32225', '32226', '32230', '32248', '32249', '32255', '32261', '32269', '32270', '32276', '32279', '32287', '32288']","[216, 539, 835, 2943, 5195, 2840, 2612, 4065, 3703, 2753, 4033, 506, 117, 3052, 637, 2050, 5541, 238, 3951, 889, 346, 4003, 1249, 2620, 1268, 4723, 712, 1273, 4814, 391, 734, 4600, 4161, 3406, 1553, 3883]","[0.31, 0.73, 0.77, 0.28, 1.0, 0.67, 0.26, 0.41, 0.0, 0.4, 0.45, 0.75, 0.0, 0.82, 0.34, 0.63, 1.0, 0.48, 0.66, 0.58, 0.35, 0.75, 0.4, 0.72, 0.57, 0.59, 0.65, 0.83, 0.48, 0.54, 0.66, 0.49, 0.41, 0.52, 1.0, 1.0, 0.83, 0.44, 0.35, 0.6, 0.71, 1.0, 0.69, 0.82, 0.67, 0.6, 0.77, 1.0, 0.32, 0.54, 0.43, 0.32, 0.4, 0.76, 0.17, 1.0, 0.0, 0.81, 0.22, 0.41, 0.42, 0.52, 1.0, 0.37, 0.61, 0.0, 0.69, 0.59, 0.74, 0.5, 0.71, 0.33, 0.53, 0.25, 0.5]"
374,1477082,0.339,0.417,370,2025-02-23 07:22:36.639797,"['32218', '32222', '32223', '32230', '32248', '32249', '32253', '32254', '32255', '32256', '32259', '32269', '32273', '32279', '32288']","[3052, 539, 3703, 4723, 557, 5195, 506, 4033, 4003, 882, 4226, 5918, 5760, 3720, 637, 4600, 2378, 823, 3266, 1553, 2050, 3326, 2612, 2744, 2840, 4846, 3053, 2586, 2948, 5888, 5658, 4663, 2379, 838, 449, 4065]","[0.46, 0.56, 0.74, 0.43, 0.75, 0.46, 0.22, 0.32, 0.0, 0.25, 0.38, 0.46, 0.54, 0.74, 0.22, 0.61, 0.75, 0.34, 0.63, 0.59, 0.24, 0.75, 0.55, 0.72, 0.38, 0.44, 0.43, 0.71, 0.62, 0.67, 0.48, 0.65, 0.27, 0.68, 0.75, 1.0, 0.77, 0.37, 0.43, 0.25, 0.75, 0.75, 0.25, 0.72, 0.73, 1.0, 0.67, 0.62, 0.22, 0.6, 0.56, 0.39, 0.44, 0.71, 0.2, 0.0, 0.58, 0.65, 0.26, 0.25, 0.46, 0.68, 0.46, 0.38, 0.67, 0.67, 0.57, 0.47, 0.71, 0.45, 0.63, 0.39, 0.56, 0.57, 0.75]"
375,1461016,0.246,0.222,375,2025-02-23 07:22:36.875510,"['32219', '32221', '32224', '32234', '32243', '32245', '32248', '32251', '32263', '32265', '32266', '32269', '32270', '32283', '32286']","[1164, 5256, 5402, 3063, 3255, 2072, 3406, 214, 806, 4725, 2980, 2668, 391, 4459, 1268, 4396, 3786, 3310, 2253, 535, 1117, 3084, 3273, 3572, 2715, 3029, 5245, 4807, 2640, 3474, 1316, 5134, 756, 133, 1783, 734]","[0.27, 0.87, 0.76, 0.21, 0.9, 1.0, 0.37, 1.0, 0.18, 0.23, 1.0, 0.71, 0.27, 0.91, 0.66, 0.74, 0.14, 0.75, 0.76, 0.65, 0.75, 0.87, 0.21, 0.78, 0.85, 0.79, 0.82, 0.91, 0.32, 0.25, 0.87, 0.0, 0.77, 0.29, 0.75, 0.13, 0.88, 0.75, 0.24, 0.8, 0.87, 0.87, 0.86, 0.94, 0.73, 0.82, 0.9, 0.23, 0.7, 0.25, 0.22, 0.25, 0.75, 0.83, 0.07, 0.75, 0.0, 0.95, 0.06, 0.18, 0.36, 0.31, 0.79, 0.23, 0.63, 0.23, 0.85, 0.78, 0.81, 0.25, 0.81, 0.24, 0.25, 0.31, 0.75]"
376,897406,0.229,0.111,375,2025-02-23 07:22:36.994289,"['32221', '32224', '32240', '32242', '32243', '32248', '32251', '32263', '32264', '32265', '32266', '32269', '32270', '32283', '32286']","[5256, 1164, 5127, 1117, 3406, 5402, 214, 1942, 2072, 3255, 668, 4396, 5742, 3376, 4725, 3063, 5747, 3273, 1196, 295, 3786, 3310, 1316, 1268, 5290, 4547, 2298, 2668, 2367, 3474, 806, 3709, 1183, 3330, 3113, 734]","[0.3, 0.87, 0.76, 0.24, 0.9, 0.85, 0.38, 1.0, 0.19, 0.21, 0.75, 0.71, 0.27, 0.91, 0.68, 0.76, 0.14, 0.76, 0.78, 0.67, 0.67, 0.88, 0.2, 0.78, 0.84, 0.78, 1.0, 0.91, 0.0, 0.0, 0.87, 0.24, 0.78, 0.29, 0.75, 0.12, 0.88, 1.0, 0.24, 0.81, 0.87, 0.87, 0.86, 0.94, 0.76, 0.83, 0.9, 0.21, 0.72, 0.75, 0.25, 0.75, 1.0, 0.82, 0.06, 1.0, 0.0, 0.95, 0.05, 0.15, 0.37, 0.33, 0.79, 0.21, 0.65, 0.23, 0.85, 0.77, 0.81, 1.0, 0.81, 0.24, 0.5, 0.31, 0.75]"
377,335458,0.321,0.25,375,2025-02-23 07:22:37.108666,"['32214', '32225', '32230', '32233', '32239', '32243', '32252', '32256', '32259', '32269', '32270', '32276', '32279', '32287', '32288']","[3703, 539, 882, 3052, 4723, 506, 2378, 4003, 557, 835, 2612, 5195, 2840, 4033, 2744, 5658, 3094, 4226, 4701, 3682, 117, 1331, 2740, 637, 5782, 2499, 823, 216, 3561, 4600, 5675, 838, 5760, 4732, 5614, 4038]","[0.0, 0.6, 0.74, 0.3, 0.54, 0.54, 0.21, 0.33, 0.34, 0.53, 0.39, 0.75, 0.5, 0.76, 0.22, 0.54, 1.0, 0.32, 0.61, 1.0, 0.21, 0.69, 0.57, 0.7, 0.48, 0.75, 0.5, 0.75, 0.54, 0.75, 0.55, 0.65, 0.3, 0.64, 0.42, 0.53, 0.78, 0.37, 0.75, 0.47, 0.64, 0.55, 1.0, 0.75, 0.66, 0.75, 0.66, 0.68, 0.2, 0.58, 0.57, 0.25, 0.3, 0.76, 0.32, 0.25, 0.0, 0.73, 0.33, 0.56, 0.41, 0.61, 0.33, 0.43, 0.63, 0.67, 0.59, 0.54, 0.73, 0.52, 0.67, 0.41, 0.55, 0.75, 0.5]"
378,855429,0.319,0.333,375,2025-02-23 07:22:37.223349,"['32222', '32229', '32230', '32241', '32252', '32256', '32257', '32259', '32269', '32274', '32277', '32279', '32283', '32284', '32285']","[5114, 5326, 2011, 5915, 1596, 1204, 4927, 5385, 2338, 2910, 1569, 3484, 2762, 5733, 5562, 3128, 4122, 1964, 1585, 4554, 3898, 846, 308, 3974, 4861, 3349, 670, 525, 2260, 4319, 2273, 4156, 1007, 2586, 4438, 1883]","[0.61, 0.23, 0.69, 0.6, 0.18, 0.15, 0.12, 0.16, 0.75, 0.72, 0.26, 0.3, 0.73, 0.53, 0.06, 0.25, 1.0, 0.09, 0.53, 0.53, 0.05, 0.6, 0.85, 0.67, 0.12, 0.2, 0.13, 0.0, 0.8, 0.82, 0.19, 0.9, 0.07, 0.89, 0.49, 0.87, 0.61, 0.23, 0.25, 0.21, 0.34, 0.22, 0.0, 0.0, 0.72, 0.0, 0.33, 0.89, 0.04, 0.7, 0.84, 0.32, 0.31, 0.64, 0.52, 0.25, 0.75, 0.3, 0.55, 0.72, 1.0, 0.88, 0.18, 1.0, 0.7, 0.17, 0.3, 0.27, 0.61, 0.0, 0.75, 0.75, 0.62, 0.76, 0.25]"
379,147605,0.258,0.5,375,2025-02-23 07:22:37.342536,"['32220', '32221', '32224', '32234', '32243', '32247', '32248', '32251', '32263', '32264', '32265', '32266', '32269', '32283', '32286']","[1164, 2072, 3063, 5290, 4459, 3255, 3310, 5134, 4500, 2980, 2246, 1395, 4396, 4807, 806, 4725, 391, 4371, 2172, 5402, 5747, 3829, 4651, 1316, 5256, 148, 2253, 535, 3494, 734, 133, 4444, 1117, 2668, 2298, 5742]","[0.27, 0.87, 0.76, 0.21, 0.89, 0.85, 0.0, 0.75, 0.18, 0.24, 0.75, 0.7, 0.28, 0.91, 0.65, 0.74, 0.15, 0.74, 0.76, 0.65, 1.0, 0.87, 0.21, 0.77, 0.84, 0.78, 0.82, 0.91, 0.33, 0.25, 0.87, 0.25, 0.76, 0.0, 0.25, 0.13, 0.88, 1.0, 0.24, 0.8, 0.86, 0.86, 0.86, 0.94, 0.73, 0.81, 0.89, 0.23, 0.69, 0.0, 0.0, 0.25, 0.75, 0.83, 0.07, 1.0, 0.35, 0.94, 0.07, 0.18, 0.36, 0.32, 0.78, 0.23, 0.63, 0.23, 0.85, 0.77, 0.81, 0.5, 0.81, 0.25, 0.5, 0.31, 0.74]"
380,642832,0.247,0.806,380,2025-02-23 07:22:37.589572,"['32214', '32223', '32239', '32241', '32252', '32257', '32259', '32260', '32265', '32269', '32273', '32274', '32279', '32284', '32285']","[4319, 2547, 2338, 2609, 2910, 4988, 5385, 3998, 5326, 930, 1868, 4780, 1770, 5521, 4226, 2586, 1533, 1204, 3089, 5753, 5771, 1769, 5915, 2879, 525, 914, 3244, 2482, 374, 4312, 4119, 2693, 5323, 5655, 4804, 1012]","[1.0, 0.22, 0.66, 0.78, 0.23, 0.14, 0.14, 0.19, 0.67, 0.75, 0.29, 0.3, 0.68, 0.56, 0.1, 0.57, 0.71, 0.15, 0.63, 0.64, 0.12, 0.76, 0.8, 0.7, 0.1, 0.0, 0.08, 0.25, 0.86, 0.89, 0.22, 0.88, 0.11, 0.88, 0.62, 0.8, 0.59, 0.26, 0.75, 0.28, 0.37, 0.24, 0.3, 0.25, 0.84, 0.75, 0.25, 0.78, 0.11, 0.68, 0.8, 1.0, 0.57, 0.59, 0.28, 0.75, 0.85, 0.32, 0.32, 0.75, 0.67, 0.9, 0.2, 0.39, 0.77, 0.67, 0.31, 0.26, 0.63, 0.37, 0.5, 0.75, 0.61, 0.67, 0.27]"
381,1258491,0.347,0.167,380,2025-02-23 07:22:37.710977,"['32214', '32215', '32219', '32226', '32236', '32239', '32244', '32248', '32249', '32253', '32273', '32274', '32279', '32287', '32288']","[3052, 5195, 4003, 5760, 4600, 4033, 3720, 506, 4226, 449, 5758, 5675, 539, 2948, 4975, 1359, 637, 576, 786, 1331, 712, 2050, 4455, 1553, 4119, 5899, 480, 2943, 4539, 4723, 1077, 5918, 5098, 3701, 650, 3266]","[0.25, 0.75, 0.71, 0.54, 0.57, 0.0, 0.23, 0.33, 0.43, 0.38, 0.44, 0.47, 1.0, 0.77, 0.29, 0.68, 0.41, 0.39, 0.7, 0.64, 0.32, 0.81, 1.0, 0.74, 0.38, 0.0, 0.34, 0.7, 0.66, 0.73, 0.75, 0.63, 0.36, 0.67, 0.75, 0.0, 0.75, 0.38, 0.41, 0.25, 0.62, 0.56, 0.59, 0.76, 0.8, 0.65, 0.67, 0.54, 0.31, 0.58, 0.55, 0.55, 0.57, 0.71, 0.16, 0.59, 0.66, 0.69, 0.18, 0.0, 0.0, 0.7, 0.46, 0.3, 0.72, 0.17, 0.58, 0.47, 0.72, 0.42, 0.62, 0.41, 0.54, 0.75, 0.75]"
382,353758,0.328,0.0,380,2025-02-23 07:22:37.825391,"['32214', '32217', '32225', '32228', '32238', '32239', '32242', '32248', '32249', '32261', '32266', '32273', '32280', '32287', '32288']","[3406, 4322, 2072, 712, 5256, 2761, 2640, 1942, 5195, 1273, 734, 1268, 2050, 1164, 3029, 3124, 2943, 835, 3052, 3474, 2668, 4600, 1316, 3310, 391, 5045, 5123, 5460, 5313, 1117, 5541, 216, 668, 3063, 4000, 4547]","[0.75, 0.78, 0.75, 0.0, 0.81, 0.77, 0.33, 0.47, 0.25, 0.27, 0.56, 0.25, 0.38, 0.88, 0.75, 0.75, 0.2, 0.65, 0.75, 0.64, 0.54, 0.84, 0.3, 0.77, 1.0, 0.0, 0.67, 0.87, 0.0, 0.53, 0.79, 0.35, 0.65, 0.41, 0.0, 0.0, 0.85, 0.5, 0.29, 0.73, 0.78, 0.79, 0.79, 0.9, 0.76, 0.75, 0.84, 0.0, 0.56, 0.5, 0.33, 0.49, 1.0, 0.78, 0.09, 0.71, 0.45, 0.89, 0.1, 0.25, 0.42, 0.44, 0.69, 0.24, 0.68, 0.29, 1.0, 0.64, 0.79, 0.45, 0.74, 0.28, 0.48, 0.25, 0.25]"
383,229964,0.275,0.333,380,2025-02-23 07:22:37.946898,"['32214', '32217', '32221', '32224', '32239', '32242', '32243', '32247', '32251', '32263', '32264', '32270', '32275', '32281', '32286']","[1316, 5065, 5460, 2664, 5692, 1098, 2498, 4184, 712, 3084, 114, 4396, 3706, 342, 981, 2761, 3406, 4322, 5402, 3285, 3474, 3255, 1611, 3593, 3500, 2112, 5256, 295, 5594, 2640, 3248, 4547, 1164, 2843, 2494, 3263]","[1.0, 0.76, 0.73, 0.0, 0.81, 0.71, 0.33, 0.75, 0.3, 0.22, 1.0, 0.6, 0.38, 0.88, 0.58, 0.78, 0.18, 0.68, 0.78, 0.69, 0.58, 0.88, 0.3, 0.78, 0.66, 1.0, 0.6, 0.85, 1.0, 0.75, 0.77, 0.34, 0.67, 0.0, 0.61, 0.2, 0.83, 1.0, 0.28, 0.74, 0.78, 0.79, 0.77, 0.89, 0.82, 0.79, 0.83, 0.28, 0.62, 0.0, 0.0, 0.65, 0.69, 0.76, 0.06, 0.78, 1.0, 0.88, 0.08, 0.16, 0.44, 0.5, 0.67, 0.2, 0.73, 0.28, 0.76, 0.75, 0.78, 0.42, 0.73, 0.29, 0.75, 0.38, 0.65]"
384,18528,0.488,0.056,380,2025-02-23 07:22:38.064831,"['32219', '32226', '32236', '32238', '32239', '32242', '32245', '32264', '32266', '32269', '32270', '32281', '32286', '32287', '32288']","[3052, 3749, 4033, 5195, 4723, 4003, 3285, 506, 4322, 2664, 2755, 4455, 2761, 1553, 814, 4825, 4600, 4226, 712, 4120, 1176, 4689, 3094, 5555, 5541, 3720, 5264, 4846, 189, 2943, 3596, 449, 539, 990, 2840, 4442]","[0.53, 0.58, 0.71, 0.52, 0.62, 1.0, 0.25, 0.35, 0.41, 0.35, 0.47, 0.5, 1.0, 0.8, 0.34, 0.7, 0.36, 0.45, 0.72, 0.65, 0.36, 0.82, 1.0, 0.75, 1.0, 1.0, 0.38, 0.73, 1.0, 0.72, 0.59, 1.0, 0.42, 0.63, 0.58, 0.41, 0.77, 0.41, 0.38, 0.57, 0.65, 0.61, 0.63, 0.79, 0.8, 0.68, 0.71, 0.49, 0.37, 0.57, 1.0, 0.57, 1.0, 0.72, 0.13, 1.0, 1.0, 0.74, 0.15, 0.3, 0.48, 0.67, 0.5, 0.28, 0.72, 0.39, 0.62, 1.0, 0.73, 0.42, 0.64, 0.39, 1.0, 1.0, 1.0]"
385,266845,0.298,0.417,385,2025-02-23 07:22:38.311222,"['32215', '32217', '32223', '32226', '32230', '32239', '32244', '32249', '32253', '32255', '32259', '32271', '32273', '32279', '32281']","[3052, 539, 4003, 4033, 3703, 2378, 5195, 4723, 506, 3720, 637, 5614, 1331, 823, 5760, 4226, 882, 557, 5315, 449, 2840, 3326, 5675, 2612, 4600, 2744, 4883, 4846, 3094, 835, 5658, 253, 838, 4701, 650, 5899]","[0.42, 0.75, 0.74, 0.25, 0.54, 0.51, 0.22, 0.32, 0.39, 0.0, 0.39, 0.47, 1.0, 0.75, 0.27, 0.62, 0.75, 0.35, 0.63, 0.59, 0.24, 0.73, 0.52, 0.72, 0.43, 0.75, 0.44, 0.72, 0.59, 0.66, 0.75, 0.61, 0.29, 0.68, 0.52, 0.75, 0.77, 0.38, 0.42, 0.0, 0.62, 0.25, 0.58, 0.72, 0.72, 0.75, 0.63, 0.63, 0.24, 0.6, 0.58, 0.36, 0.41, 0.72, 0.23, 0.44, 0.55, 0.75, 0.26, 0.25, 0.44, 0.67, 0.47, 0.38, 0.65, 0.67, 0.58, 0.5, 0.73, 0.43, 0.64, 0.41, 0.54, 0.56, 0.47]"
386,597788,0.255,0.222,385,2025-02-23 07:22:38.430095,"['32215', '32218', '32225', '32231', '32238', '32239', '32249', '32253', '32261', '32269', '32276', '32279', '32286', '32287', '32288']","[3052, 5195, 216, 2943, 2840, 2761, 2664, 835, 506, 712, 2050, 4322, 4455, 4600, 637, 3406, 5541, 4033, 576, 3500, 2753, 5758, 1359, 3285, 539, 5692, 990, 2505, 3951, 2640, 4062, 4003, 4520, 4539, 786, 2379]","[0.42, 0.75, 0.74, 0.42, 1.0, 0.64, 0.27, 0.4, 0.34, 0.34, 0.49, 0.25, 0.41, 0.83, 0.45, 0.7, 0.3, 0.75, 0.71, 0.64, 0.42, 0.82, 0.37, 0.76, 0.75, 0.25, 0.55, 0.81, 0.53, 0.62, 0.68, 0.45, 0.5, 0.55, 0.59, 1.0, 0.81, 0.47, 0.33, 0.75, 0.72, 0.71, 0.69, 0.83, 0.77, 0.68, 0.75, 0.25, 0.44, 0.54, 0.44, 0.49, 0.56, 0.75, 0.11, 0.75, 0.52, 0.79, 0.14, 0.28, 0.43, 0.58, 0.67, 0.28, 0.67, 0.0, 0.69, 0.6, 0.76, 0.41, 0.7, 0.34, 0.75, 0.25, 0.5]"
387,1551852,0.244,0.528,385,2025-02-23 07:22:38.545379,"['32221', '32224', '32228', '32234', '32240', '32243', '32246', '32248', '32249', '32251', '32262', '32263', '32269', '32275', '32286']","[3255, 5692, 5256, 1164, 391, 1316, 1268, 3951, 3063, 1942, 5402, 835, 2943, 1787, 3474, 3406, 2761, 1117, 5535, 5045, 734, 216, 1098, 2640, 295, 2072, 4396, 2620, 3029, 3593, 3310, 668, 4547, 342, 712, 5541]","[0.32, 0.81, 0.77, 0.29, 0.83, 0.81, 0.32, 0.75, 0.24, 0.27, 0.75, 0.64, 0.34, 0.88, 0.0, 0.74, 0.2, 0.69, 0.74, 0.65, 0.75, 0.84, 0.24, 0.77, 0.74, 0.75, 1.0, 0.89, 0.41, 0.25, 0.81, 0.3, 0.75, 0.39, 0.75, 0.25, 0.87, 0.75, 0.26, 0.74, 0.81, 0.83, 0.79, 0.91, 0.74, 0.74, 0.83, 0.29, 0.75, 0.75, 0.31, 0.46, 0.55, 0.79, 0.07, 1.0, 0.4, 0.9, 0.1, 0.23, 0.39, 0.33, 0.72, 0.24, 0.65, 0.27, 0.79, 0.69, 0.8, 0.43, 0.76, 0.28, 0.75, 0.39, 0.68]"
388,563909,0.249,0.111,385,2025-02-23 07:22:38.665814,"['32214', '32221', '32234', '32242', '32243', '32246', '32249', '32251', '32263', '32264', '32265', '32270', '32275', '32283', '32286']","[342, 5256, 1164, 4184, 3474, 2367, 4396, 1611, 668, 1196, 3675, 3376, 3063, 3084, 5065, 4257, 3310, 295, 5460, 1316, 1117, 2498, 214, 1183, 3113, 3255, 3593, 4547, 2072, 2044, 1538, 5812, 1932, 2843, 5763, 981]","[0.0, 0.84, 0.76, 0.34, 0.88, 0.84, 0.36, 1.0, 0.24, 0.19, 0.62, 0.67, 0.29, 0.91, 0.71, 0.79, 0.14, 0.78, 0.79, 0.7, 1.0, 0.9, 0.19, 0.8, 0.78, 0.79, 0.75, 0.91, 1.0, 0.0, 0.85, 0.23, 1.0, 0.32, 0.65, 0.0, 0.88, 1.0, 0.22, 0.81, 0.85, 0.87, 0.83, 0.93, 0.8, 0.82, 0.87, 0.18, 0.74, 1.0, 0.0, 1.0, 0.7, 0.79, 0.04, 0.8, 0.75, 0.92, 0.05, 0.12, 0.4, 0.0, 0.76, 0.18, 0.68, 0.22, 0.83, 0.73, 0.82, 0.0, 0.79, 0.26, 0.5, 0.35, 0.73]"
389,218238,0.242,0.306,385,2025-02-23 07:22:38.785627,"['32214', '32217', '32225', '32238', '32239', '32245', '32246', '32249', '32261', '32262', '32264', '32266', '32270', '32276', '32288']","[4412, 3052, 4322, 2664, 5647, 3592, 3500, 4003, 1612, 3285, 5460, 5238, 2943, 4520, 2761, 2640, 5332, 2112, 2050, 5593, 3706, 2060, 114, 4757, 3248, 2843, 873, 145, 5844, 4033, 2756, 2189, 712, 5594, 5256, 4455]","[0.25, 0.71, 0.73, 0.25, 0.77, 0.65, 0.29, 0.42, 0.36, 0.26, 0.54, 0.25, 0.38, 0.85, 0.55, 0.75, 0.23, 0.63, 0.76, 0.7, 0.53, 0.88, 0.31, 0.79, 0.25, 0.75, 0.53, 0.83, 0.55, 0.66, 0.71, 0.25, 0.75, 0.51, 0.68, 0.0, 0.82, 0.51, 0.3, 0.7, 0.75, 0.76, 0.72, 0.86, 0.83, 0.77, 0.78, 0.0, 1.0, 0.51, 1.0, 0.64, 1.0, 0.75, 0.06, 0.74, 1.0, 0.83, 0.08, 0.16, 0.44, 0.59, 0.67, 0.21, 0.71, 0.3, 0.72, 0.62, 0.77, 0.37, 0.72, 0.32, 0.5, 0.47, 0.5]"
390,805410,0.218,0.472,390,2025-02-23 07:22:39.028738,"['32219', '32224', '32228', '32231', '32234', '32240', '32246', '32247', '32248', '32262', '32263', '32264', '32265', '32266', '32275']","[5541, 2943, 3052, 2664, 4322, 5692, 3406, 3500, 3285, 4033, 2761, 712, 2050, 576, 4003, 1098, 4757, 2112, 990, 5195, 4000, 4412, 5647, 5460, 4455, 506, 2640, 4299, 3263, 5700, 2620, 2840, 3706, 786, 406, 1316]","[0.46, 0.71, 0.76, 0.46, 0.78, 0.75, 0.28, 0.42, 0.37, 0.27, 0.75, 0.59, 0.41, 0.84, 0.25, 0.72, 0.25, 0.75, 0.74, 0.67, 0.25, 0.87, 0.36, 0.77, 0.59, 0.61, 0.75, 0.82, 0.55, 0.64, 0.71, 0.41, 0.75, 0.75, 0.75, 0.28, 0.83, 0.47, 0.32, 0.68, 0.77, 0.73, 0.74, 0.87, 0.8, 0.77, 0.81, 0.32, 0.75, 0.25, 0.25, 0.75, 0.75, 0.78, 0.08, 0.74, 0.55, 0.86, 0.09, 0.18, 0.46, 0.67, 0.62, 0.22, 0.72, 0.31, 0.72, 0.6, 0.76, 0.42, 0.73, 0.3, 0.54, 0.45, 0.6]"
391,1267681,0.352,0.139,390,2025-02-23 07:22:39.145326,"['32219', '32225', '32234', '32239', '32242', '32246', '32247', '32251', '32253', '32255', '32261', '32263', '32264', '32275', '32287']","[1932, 1612, 2112, 4757, 4520, 342, 3706, 2281, 1316, 2664, 2058, 4322, 4412, 2756, 2498, 981, 2843, 5692, 4396, 857, 5460, 5704, 5647, 3249, 3500, 1359, 4539, 4033, 1164, 2943, 4184, 2761, 2640, 5003, 1176, 1538]","[0.49, 0.75, 0.76, 0.5, 0.83, 0.25, 0.31, 0.45, 0.37, 0.21, 0.57, 0.75, 0.38, 0.86, 0.6, 0.76, 0.19, 0.68, 0.77, 0.71, 1.0, 0.89, 0.31, 0.79, 0.64, 0.75, 0.56, 0.85, 0.75, 0.64, 0.75, 0.34, 1.0, 0.0, 0.66, 0.21, 0.84, 1.0, 0.29, 1.0, 0.8, 0.75, 0.78, 0.9, 0.83, 0.81, 0.85, 0.0, 0.61, 0.0, 0.75, 0.68, 0.73, 0.78, 0.05, 0.81, 0.56, 0.89, 0.06, 0.13, 0.46, 1.0, 0.67, 0.18, 0.74, 0.27, 0.76, 0.63, 0.78, 0.4, 0.75, 0.27, 0.52, 0.5, 0.64]"
392,1628397,0.388,0.417,390,2025-02-23 07:22:39.267705,"['32217', '32219', '32225', '32226', '32234', '32238', '32242', '32249', '32251', '32255', '32263', '32264', '32266', '32274', '32275']","[4322, 2664, 5460, 2281, 2761, 4757, 2498, 4412, 2112, 5065, 114, 1316, 3706, 5844, 145, 576, 3406, 5692, 1932, 3310, 2843, 4184, 2189, 5195, 3151, 2494, 4600, 5003, 786, 4033, 111, 2943, 981, 3645, 1611, 5594]","[0.48, 0.74, 0.76, 0.25, 0.81, 0.25, 0.3, 0.44, 0.37, 0.23, 0.56, 0.25, 0.75, 0.86, 0.58, 0.75, 0.21, 0.65, 0.77, 0.7, 1.0, 0.89, 0.32, 0.78, 1.0, 0.63, 0.56, 0.84, 1.0, 0.64, 0.74, 0.36, 0.63, 0.48, 0.65, 0.0, 0.84, 1.0, 0.3, 0.72, 0.79, 1.0, 0.77, 0.89, 0.83, 0.8, 0.84, 0.26, 0.58, 0.25, 0.0, 0.67, 1.0, 0.78, 0.06, 0.79, 0.56, 0.88, 0.07, 0.14, 0.67, 0.67, 0.65, 0.19, 0.73, 0.28, 0.75, 0.62, 0.77, 0.41, 0.74, 0.28, 0.53, 0.43, 0.63]"
393,17872,0.322,0.444,390,2025-02-23 07:22:39.382341,"['32219', '32225', '32226', '32230', '32245', '32248', '32253', '32255', '32261', '32264', '32265', '32266', '32269', '32287', '32288']","[3052, 5195, 4226, 5760, 4033, 637, 4003, 882, 1359, 539, 5888, 557, 506, 1077, 2840, 1553, 2378, 2505, 2586, 2948, 1331, 3266, 712, 4600, 3326, 5758, 3720, 2664, 4723, 4701, 3703, 4120, 2050, 5899, 4663, 4975]","[0.53, 0.52, 0.73, 0.54, 0.57, 0.25, 0.21, 0.33, 0.48, 0.42, 0.41, 0.0, 0.0, 0.74, 0.28, 0.64, 0.25, 0.36, 0.67, 0.63, 0.29, 0.8, 0.58, 0.73, 0.37, 0.43, 0.35, 0.69, 0.66, 0.73, 0.51, 0.75, 0.31, 0.71, 0.75, 0.52, 0.77, 0.36, 0.44, 0.25, 0.62, 1.0, 0.58, 0.73, 0.79, 0.64, 0.65, 1.0, 0.25, 0.6, 0.75, 0.75, 0.25, 0.73, 0.17, 1.0, 0.65, 0.67, 0.2, 0.34, 0.49, 0.69, 0.43, 0.3, 0.71, 0.44, 0.55, 0.45, 0.69, 0.41, 0.63, 0.4, 0.59, 0.25, 0.5]"
394,1190285,0.273,0.5,390,2025-02-23 07:22:39.503980,"['32217', '32219', '32224', '32231', '32240', '32242', '32245', '32246', '32248', '32264', '32265', '32266', '32270', '32275', '32287']","[2943, 712, 5541, 506, 4003, 5195, 3052, 4322, 2840, 3406, 5700, 2640, 216, 539, 3263, 2050, 5614, 2664, 4000, 3285, 4600, 3883, 5692, 4033, 835, 2620, 2761, 3500, 576, 3951, 1786, 889, 1273, 786, 5256, 211]","[0.38, 0.72, 0.76, 0.25, 0.75, 0.75, 0.27, 0.42, 0.32, 0.32, 0.75, 0.58, 0.42, 0.83, 0.45, 0.68, 0.29, 0.25, 0.71, 0.63, 0.45, 0.82, 0.38, 0.75, 0.6, 0.62, 0.75, 0.83, 0.25, 0.6, 0.71, 0.25, 0.25, 0.52, 0.75, 0.32, 0.84, 0.44, 0.34, 0.65, 0.75, 0.71, 0.74, 0.86, 0.74, 0.71, 0.8, 0.4, 0.42, 0.53, 0.25, 0.75, 0.75, 0.79, 0.13, 0.64, 0.25, 0.85, 0.15, 0.28, 0.44, 0.67, 0.61, 0.26, 0.68, 0.33, 0.72, 0.6, 0.75, 0.45, 0.71, 0.31, 0.54, 0.5, 0.58]"
395,561000,0.411,0.083,395,2025-02-23 07:22:39.756342,"['32219', '32223', '32236', '32238', '32239', '32240', '32242', '32245', '32253', '32264', '32270', '32273', '32283', '32287', '32288']","[539, 3052, 4033, 2612, 506, 4003, 4065, 5195, 2840, 2378, 4723, 3703, 3285, 4600, 406, 637, 117, 5098, 3951, 5692, 3094, 5465, 1553, 712, 557, 889, 2948, 5541, 2050, 4442, 5658, 1786, 189, 2943, 1176, 5614]","[0.39, 0.63, 0.75, 0.37, 0.66, 0.75, 0.24, 0.36, 0.34, 0.0, 0.46, 0.54, 0.47, 0.79, 0.32, 0.65, 0.39, 0.43, 0.67, 0.6, 0.32, 0.77, 1.0, 0.73, 0.0, 1.0, 1.0, 0.79, 1.0, 0.63, 0.63, 1.0, 0.4, 0.58, 0.52, 0.42, 0.81, 0.4, 0.39, 1.0, 0.7, 0.66, 0.65, 0.79, 0.74, 0.62, 0.75, 0.54, 0.3, 0.57, 1.0, 0.38, 0.45, 0.76, 0.18, 0.53, 0.0, 0.77, 0.19, 0.0, 0.44, 0.57, 0.54, 0.34, 0.67, 0.38, 0.67, 0.56, 0.73, 1.0, 0.69, 0.37, 0.53, 0.5, 0.75]"
396,349392,0.338,0.194,395,2025-02-23 07:22:39.879700,"['32219', '32221', '32224', '32228', '32242', '32243', '32247', '32248', '32251', '32263', '32265', '32266', '32270', '32283', '32286']","[4322, 4547, 1316, 3406, 2664, 5256, 1164, 4184, 2761, 5402, 5594, 342, 3706, 1787, 114, 5541, 2943, 2843, 4257, 2498, 981, 5065, 3500, 214, 4412, 5692, 3084, 4757, 5654, 2601, 1611, 863, 295, 3273, 4617, 3310]","[0.46, 0.77, 0.76, 0.45, 0.85, 1.0, 0.34, 0.0, 0.31, 0.19, 0.75, 0.64, 0.35, 0.88, 1.0, 0.79, 0.18, 0.71, 0.79, 0.71, 0.63, 0.91, 0.27, 0.79, 0.7, 0.7, 0.63, 0.87, 0.25, 0.25, 0.8, 0.29, 0.71, 0.25, 0.75, 0.18, 0.84, 0.75, 0.27, 0.76, 0.83, 0.83, 0.79, 0.9, 0.84, 0.83, 0.87, 0.23, 0.66, 0.25, 0.29, 1.0, 1.0, 0.79, 0.04, 0.81, 1.0, 0.9, 0.04, 0.1, 0.45, 0.48, 0.71, 0.18, 0.73, 0.24, 0.8, 0.67, 0.79, 0.5, 0.78, 0.27, 0.75, 0.39, 0.66]"
397,1053900,0.245,0.222,395,2025-02-23 07:22:39.998885,"['32219', '32221', '32228', '32242', '32243', '32247', '32248', '32251', '32263', '32265', '32270', '32274', '32275', '32283', '32286']","[3255, 5256, 3063, 3084, 1164, 295, 3450, 1293, 2044, 756, 1316, 5245, 1183, 342, 214, 3474, 4547, 605, 2498, 5790, 2668, 4725, 1787, 2367, 1196, 5692, 5027, 3572, 1117, 3029, 5609, 4184, 3330, 3376, 4396, 5801]","[0.37, 0.82, 0.77, 0.34, 0.88, 1.0, 0.36, 0.75, 0.25, 0.18, 0.63, 0.68, 0.31, 0.9, 1.0, 0.79, 0.16, 0.74, 0.78, 0.69, 0.67, 0.9, 0.22, 0.79, 0.77, 0.77, 0.74, 0.91, 0.25, 0.75, 0.85, 0.23, 0.75, 0.0, 1.0, 0.14, 0.87, 0.75, 0.24, 0.79, 0.86, 0.87, 0.83, 0.93, 0.8, 0.83, 0.89, 0.21, 0.69, 0.25, 0.24, 0.75, 0.68, 0.81, 0.04, 0.8, 0.75, 0.93, 0.05, 0.12, 0.0, 0.0, 0.77, 0.19, 0.7, 0.21, 0.85, 0.72, 0.81, 0.25, 0.81, 0.24, 0.25, 0.35, 0.69]"
398,1275129,0.313,0.028,395,2025-02-23 07:22:40.118186,"['32219', '32222', '32227', '32229', '32241', '32248', '32256', '32259', '32265', '32266', '32272', '32274', '32277', '32284', '32285']","[5326, 5915, 1585, 4804, 4319, 1007, 1596, 3128, 2338, 905, 1569, 525, 308, 5385, 2547, 2586, 4988, 2879, 2910, 2334, 4119, 2609, 5562, 1868, 3998, 2707, 4991, 4156, 3025, 930, 846, 2011, 5114, 4927, 1497, 1204]","[0.62, 0.28, 0.7, 0.66, 0.24, 0.0, 0.14, 0.18, 1.0, 0.66, 0.29, 0.33, 0.67, 0.0, 0.09, 1.0, 0.73, 0.14, 0.56, 0.57, 0.09, 0.68, 0.82, 0.69, 0.15, 0.2, 0.16, 0.0, 0.81, 0.85, 0.24, 0.86, 0.1, 0.87, 0.75, 0.81, 0.65, 0.23, 0.61, 0.28, 0.38, 0.28, 0.0, 0.43, 0.78, 0.0, 0.42, 0.84, 0.07, 0.69, 0.79, 0.0, 0.0, 0.65, 0.39, 0.3, 0.76, 0.34, 0.0, 0.62, 0.0, 0.84, 0.22, 0.0, 0.72, 0.6, 0.32, 0.31, 0.61, 0.42, 0.0, 0.5, 0.61, 0.67, 0.31]"
399,1126309,0.231,0.528,395,2025-02-23 07:22:40.237247,"['32219', '32221', '32228', '32242', '32243', '32247', '32248', '32251', '32263', '32265', '32270', '32274', '32275', '32283', '32286']","[5256, 4547, 2498, 3255, 3084, 342, 1164, 3450, 1293, 295, 3063, 1316, 2367, 2668, 214, 2044, 4184, 3474, 1242, 5065, 1183, 3376, 5692, 4396, 1611, 1893, 605, 756, 1117, 1787, 5790, 1538, 5460, 5402, 67, 3273]","[0.41, 0.82, 0.77, 0.39, 0.88, 1.0, 0.36, 1.0, 0.27, 0.17, 0.64, 0.68, 0.31, 0.9, 1.0, 0.8, 0.15, 0.75, 0.8, 0.71, 0.69, 0.91, 0.22, 0.8, 0.76, 0.76, 0.71, 0.9, 0.25, 0.75, 0.84, 0.23, 0.77, 0.0, 1.0, 0.14, 0.86, 0.75, 0.24, 0.8, 0.86, 0.87, 0.83, 0.92, 0.83, 0.84, 0.89, 0.19, 0.71, 0.25, 0.24, 1.0, 0.73, 0.8, 0.04, 0.83, 0.75, 0.93, 0.04, 0.1, 0.17, 0.17, 0.76, 0.17, 0.72, 0.21, 0.84, 0.71, 0.8, 0.25, 0.8, 0.24, 0.5, 0.36, 0.69]"
400,421167,0.322,0.5,400,2025-02-23 07:22:40.516863,"['32219', '32222', '32227', '32229', '32241', '32248', '32254', '32259', '32265', '32266', '32268', '32269', '32277', '32284', '32285']","[3128, 3349, 5915, 2260, 1585, 2011, 5114, 1569, 4927, 5624, 690, 4438, 1883, 3898, 3974, 1178, 2338, 5192, 1204, 171, 1596, 1665, 1349, 308, 1964, 3025, 3484, 5297, 1994, 2731, 905, 1904, 4643, 1007, 5326, 4122]","[0.63, 0.18, 0.72, 0.66, 0.13, 0.0, 0.11, 0.14, 1.0, 0.76, 0.21, 0.26, 0.75, 0.0, 0.04, 0.0, 0.84, 0.08, 0.51, 0.53, 0.04, 0.55, 0.87, 0.64, 0.08, 0.13, 0.09, 0.0, 0.84, 0.84, 0.15, 0.92, 0.04, 0.92, 0.25, 0.93, 0.57, 0.19, 0.69, 0.16, 0.0, 0.16, 0.2, 0.31, 0.75, 0.25, 0.29, 0.92, 0.03, 0.74, 0.86, 1.0, 0.0, 0.63, 1.0, 0.0, 0.78, 0.21, 0.61, 0.79, 0.56, 0.89, 0.13, 1.0, 0.71, 0.71, 0.22, 0.23, 0.53, 0.43, 1.0, 1.0, 0.62, 0.8, 0.19]"
401,293979,0.283,0.417,400,2025-02-23 07:22:40.636950,"['32214', '32217', '32219', '32221', '32224', '32242', '32243', '32245', '32251', '32263', '32265', '32266', '32270', '32275', '32286']","[1316, 2498, 5256, 5692, 3406, 4547, 3084, 4396, 2367, 5065, 1164, 1611, 5402, 114, 342, 3310, 3029, 5460, 2465, 1293, 3608, 4184, 981, 4322, 214, 3474, 1117, 5208, 2072, 4257, 1098, 3786, 1932, 3706, 3593, 49]","[1.0, 0.82, 0.74, 0.25, 0.86, 1.0, 0.36, 1.0, 0.29, 0.19, 1.0, 0.65, 0.33, 0.9, 0.66, 0.78, 0.16, 0.73, 0.81, 0.72, 0.65, 0.9, 0.23, 0.79, 0.73, 0.71, 0.67, 0.89, 1.0, 0.25, 0.83, 0.0, 0.74, 0.38, 0.65, 0.16, 0.84, 1.0, 0.26, 0.77, 0.82, 0.83, 0.79, 0.9, 0.84, 0.83, 0.86, 0.2, 0.68, 0.0, 0.28, 0.75, 1.0, 0.79, 0.05, 0.82, 0.75, 0.9, 0.05, 0.1, 0.42, 0.0, 0.72, 0.17, 0.72, 0.22, 0.79, 0.67, 0.79, 0.41, 0.8, 0.26, 1.0, 0.38, 0.71]"
402,1181214,0.315,0.361,400,2025-02-23 07:22:40.758674,"['32214', '32219', '32236', '32238', '32240', '32245', '32246', '32256', '32262', '32264', '32265', '32269', '32276', '32286', '32287']","[4322, 3052, 2664, 2761, 4033, 712, 5541, 5692, 5216, 1098, 3263, 576, 3406, 2943, 5195, 4757, 1786, 3285, 506, 5460, 1316, 1553, 3029, 2840, 2843, 5123, 1359, 2112, 216, 5065, 3474, 786, 990, 2281, 2058, 1273]","[0.75, 0.74, 0.75, 0.41, 0.77, 0.25, 0.29, 0.43, 0.32, 0.29, 0.53, 0.58, 0.4, 0.86, 0.47, 0.72, 0.26, 0.58, 0.75, 0.66, 0.48, 0.84, 0.25, 0.76, 1.0, 0.61, 1.0, 0.84, 0.53, 0.58, 0.74, 1.0, 0.75, 0.49, 0.58, 0.29, 0.82, 0.5, 0.32, 0.66, 0.75, 0.73, 0.75, 0.85, 0.79, 0.73, 0.79, 0.35, 0.25, 0.51, 0.0, 0.75, 0.59, 0.78, 0.1, 0.75, 0.5, 0.84, 0.11, 0.22, 0.43, 0.51, 0.83, 0.25, 0.69, 0.3, 0.71, 0.61, 0.75, 0.44, 0.74, 0.31, 0.75, 0.25, 0.62]"
403,606397,0.299,0.444,400,2025-02-23 07:22:40.876614,"['32219', '32221', '32224', '32231', '32239', '32242', '32243', '32248', '32251', '32262', '32263', '32265', '32270', '32283', '32286']","[5256, 2668, 2640, 3406, 3255, 5692, 1942, 1164, 2943, 5402, 4176, 5744, 2620, 1268, 668, 1098, 342, 5700, 2339, 3273, 4161, 1293, 5065, 216, 5216, 391, 2072, 3474, 5460, 1316, 712, 598, 4987, 4184, 4520, 214]","[0.37, 0.83, 0.76, 0.34, 0.85, 0.75, 0.34, 1.0, 0.26, 0.23, 1.0, 0.65, 0.34, 0.89, 0.6, 0.75, 0.18, 0.75, 0.78, 0.68, 0.6, 0.87, 0.24, 0.77, 0.74, 1.0, 0.72, 0.89, 0.0, 0.75, 0.83, 0.3, 0.71, 0.37, 0.75, 0.18, 0.85, 0.25, 0.26, 0.75, 0.82, 0.82, 0.78, 0.9, 0.78, 0.78, 0.85, 0.25, 1.0, 0.75, 0.29, 0.75, 0.62, 0.8, 0.07, 0.75, 0.25, 0.91, 0.08, 0.16, 0.41, 0.4, 0.72, 0.21, 0.68, 0.24, 0.79, 0.68, 0.79, 0.75, 0.79, 0.26, 0.5, 0.38, 0.7]"
404,1353988,0.388,0.278,400,2025-02-23 07:22:40.995010,"['32215', '32219', '32225', '32226', '32230', '32245', '32248', '32255', '32261', '32264', '32269', '32276', '32281', '32287', '32288']","[3052, 5195, 506, 4033, 4322, 712, 539, 2943, 2050, 2840, 2664, 4723, 449, 5614, 2761, 3285, 1331, 2620, 4600, 1098, 4003, 814, 388, 3720, 5541, 835, 1359, 5675, 1786, 4119, 3703, 5758, 5760, 3406, 5465, 1553]","[0.45, 1.0, 0.75, 0.43, 0.64, 0.75, 0.25, 0.36, 0.37, 0.39, 0.46, 0.0, 1.0, 0.81, 0.32, 0.66, 0.0, 0.44, 0.7, 0.63, 0.34, 0.79, 0.45, 0.73, 0.49, 0.51, 0.49, 0.77, 0.59, 0.62, 0.62, 1.0, 0.41, 0.6, 1.0, 0.45, 0.78, 0.43, 0.39, 0.55, 0.67, 0.25, 0.61, 0.77, 0.76, 0.64, 0.71, 1.0, 0.32, 0.56, 0.25, 0.44, 0.5, 0.76, 0.17, 1.0, 0.54, 0.75, 0.18, 0.34, 0.45, 0.59, 0.83, 0.31, 0.69, 0.38, 0.62, 0.75, 0.72, 0.45, 0.68, 0.36, 0.52, 0.75, 0.75]"
405,107843,0.295,0.25,405,2025-02-23 07:22:41.250028,"['32214', '32224', '32234', '32243', '32245', '32247', '32248', '32251', '32253', '32262', '32265', '32266', '32270', '32283', '32287']","[5541, 3406, 506, 835, 5614, 734, 2840, 216, 2943, 1268, 3052, 5692, 539, 3561, 391, 4322, 5700, 2640, 3951, 1942, 4442, 3263, 5256, 117, 3310, 5045, 4000, 2847, 712, 2620, 1382, 3883, 1164, 1117, 1786, 2060]","[0.0, 0.78, 0.77, 0.24, 0.77, 0.8, 0.28, 0.44, 0.22, 0.35, 0.75, 0.61, 0.39, 0.85, 0.42, 0.66, 0.28, 0.56, 0.7, 0.61, 0.0, 0.78, 0.34, 0.74, 0.66, 0.69, 0.71, 0.86, 0.41, 0.25, 0.76, 0.25, 0.56, 0.25, 0.0, 0.29, 0.85, 0.75, 0.33, 1.0, 0.75, 0.77, 0.77, 0.88, 0.69, 0.67, 0.81, 0.43, 0.25, 0.52, 0.37, 0.75, 0.75, 0.81, 0.16, 0.58, 0.0, 0.88, 0.19, 0.35, 0.4, 0.39, 0.69, 0.3, 0.62, 0.32, 0.74, 0.67, 0.77, 0.5, 0.75, 0.33, 0.52, 0.5, 0.63]"
406,1651766,0.332,0.528,405,2025-02-23 07:22:41.369713,"['32217', '32222', '32223', '32236', '32249', '32252', '32253', '32254', '32260', '32265', '32269', '32274', '32279', '32285', '32288']","[4319, 2586, 2547, 4119, 4226, 3052, 5760, 4988, 1868, 930, 2910, 1533, 1770, 2609, 3998, 4953, 2338, 3158, 5323, 5385, 3089, 5771, 3720, 3244, 374, 4780, 1769, 5195, 5918, 4003, 5673, 2482, 4312, 277, 3326, 5521]","[0.72, 0.34, 0.7, 0.75, 0.36, 0.22, 0.17, 0.22, 1.0, 0.25, 0.35, 0.36, 0.62, 0.62, 0.15, 0.59, 0.59, 0.21, 0.67, 0.67, 0.18, 0.8, 0.75, 0.72, 0.17, 0.29, 0.16, 0.53, 0.8, 0.85, 0.33, 0.76, 0.19, 0.85, 0.64, 1.0, 0.65, 0.33, 1.0, 0.75, 0.25, 0.39, 0.42, 0.55, 0.83, 0.58, 0.25, 0.72, 0.16, 0.65, 0.72, 0.75, 0.62, 0.67, 0.21, 0.75, 0.79, 0.46, 0.25, 0.36, 0.17, 0.82, 0.29, 0.35, 0.77, 0.67, 0.41, 0.34, 0.64, 0.39, 0.53, 0.25, 0.61, 0.65, 0.25]"
407,478708,0.335,0.111,405,2025-02-23 07:22:41.484998,"['32224', '32234', '32236', '32238', '32242', '32243', '32246', '32247', '32248', '32251', '32253', '32265', '32266', '32270', '32283']","[4322, 5541, 5460, 2050, 3052, 2664, 2761, 4033, 2943, 4000, 2620, 1316, 4455, 4161, 3263, 216, 990, 1098, 576, 5195, 857, 5065, 5654, 5206, 4539, 2498, 3406, 3500, 4520, 2468, 4345, 5110, 712, 3593, 2078, 5692]","[0.44, 0.72, 0.75, 0.4, 0.76, 0.69, 0.28, 0.41, 0.32, 0.3, 1.0, 0.58, 0.42, 0.83, 0.45, 0.69, 0.27, 0.56, 0.74, 0.68, 0.0, 0.85, 0.25, 0.76, 1.0, 0.63, 0.57, 0.82, 1.0, 1.0, 0.72, 0.42, 1.0, 0.0, 1.0, 0.3, 0.82, 0.0, 0.34, 0.75, 0.72, 0.75, 0.73, 0.85, 0.79, 0.73, 0.78, 0.38, 0.48, 0.53, 0.39, 0.0, 0.75, 0.78, 0.1, 0.69, 0.75, 0.86, 0.11, 0.21, 0.45, 0.51, 0.63, 0.25, 0.69, 0.31, 0.72, 0.61, 0.76, 0.5, 0.73, 0.35, 0.53, 0.46, 0.59]"
408,764534,0.343,0.167,405,2025-02-23 07:22:41.602387,"['32217', '32229', '32244', '32252', '32253', '32254', '32257', '32260', '32271', '32272', '32273', '32274', '32277', '32279', '32285']","[3703, 882, 5385, 2744, 557, 2839, 2740, 5237, 5782, 4723, 2586, 2879, 3885, 2338, 1761, 174, 277, 3484, 823, 3052, 5658, 2011, 3383, 5236, 4319, 2499, 5884, 1020, 1788, 1760, 1178, 122, 838, 825, 3308, 905]","[0.44, 0.42, 0.75, 0.0, 0.33, 0.38, 0.16, 0.23, 0.44, 0.66, 0.3, 0.38, 0.61, 0.64, 0.09, 0.0, 0.66, 0.17, 0.56, 0.54, 0.13, 0.61, 0.71, 0.68, 0.21, 0.36, 0.32, 0.6, 0.65, 0.68, 0.25, 0.77, 0.14, 0.8, 0.42, 0.74, 0.73, 0.29, 0.75, 0.25, 0.75, 0.37, 0.47, 1.0, 0.68, 0.42, 0.25, 0.84, 0.08, 0.67, 0.73, 0.23, 0.26, 0.72, 0.45, 0.27, 0.58, 0.25, 0.25, 0.75, 0.83, 0.69, 0.35, 0.67, 0.66, 0.83, 0.42, 0.41, 0.62, 0.49, 0.56, 1.0, 0.59, 0.61, 0.37]"
409,140671,0.331,0.306,405,2025-02-23 07:22:41.716903,"['32224', '32231', '32236', '32238', '32242', '32246', '32247', '32251', '32253', '32262', '32264', '32265', '32270', '32275', '32287']","[3052, 5195, 506, 117, 637, 539, 2840, 4033, 835, 4226, 882, 4723, 2612, 3326, 2505, 1553, 3285, 4600, 1077, 2664, 2620, 4846, 3703, 5658, 2050, 990, 4003, 889, 216, 2379, 5760, 5905, 823, 4038, 2948, 4322]","[0.47, 0.59, 0.74, 0.44, 0.59, 0.54, 0.22, 0.33, 0.39, 0.43, 0.75, 0.49, 0.5, 0.76, 0.26, 0.62, 0.42, 1.0, 0.68, 0.63, 0.31, 0.78, 0.75, 0.73, 0.0, 0.51, 0.44, 0.73, 0.75, 0.66, 0.58, 0.58, 0.0, 1.0, 0.53, 0.48, 0.78, 0.75, 0.42, 1.0, 0.62, 0.6, 0.62, 0.76, 0.76, 0.62, 0.68, 0.59, 0.0, 0.59, 0.0, 0.25, 0.48, 0.75, 0.19, 0.53, 0.75, 0.73, 0.23, 0.37, 0.47, 0.33, 0.5, 0.33, 0.69, 0.41, 0.6, 0.52, 0.71, 0.46, 0.66, 0.41, 0.56, 0.0, 0.5]"
410,1661805,0.301,0.528,410,2025-02-23 07:22:41.964862,"['32229', '32248', '32252', '32253', '32254', '32256', '32260', '32268', '32270', '32271', '32277', '32279', '32280', '32283', '32285']","[2839, 3383, 2744, 4554, 4643, 1071, 2586, 1020, 5385, 3035, 882, 5884, 2338, 2740, 2499, 5782, 557, 2011, 5915, 1788, 2879, 1964, 3703, 3020, 5237, 3885, 2821, 3484, 5326, 5562, 3755, 5114, 1204, 1178, 915, 1761]","[0.41, 0.36, 0.74, 0.42, 0.3, 0.32, 0.17, 0.22, 0.47, 0.66, 0.28, 0.36, 0.66, 0.6, 0.08, 0.25, 0.69, 0.16, 0.51, 0.52, 0.09, 0.57, 0.77, 0.67, 0.2, 0.33, 0.26, 0.6, 0.67, 0.69, 0.31, 0.83, 0.11, 0.82, 0.0, 0.79, 0.7, 0.26, 1.0, 0.0, 0.0, 0.34, 0.75, 0.52, 0.63, 0.33, 0.75, 0.85, 0.06, 0.67, 0.75, 0.21, 0.25, 0.69, 0.75, 0.21, 1.0, 0.75, 0.55, 0.73, 0.46, 0.79, 0.3, 0.67, 0.62, 1.0, 0.33, 0.38, 0.64, 1.0, 0.49, 1.0, 0.62, 0.64, 0.33]"
411,904085,0.277,0.222,410,2025-02-23 07:22:42.081927,"['32219', '32224', '32225', '32231', '32234', '32247', '32251', '32253', '32262', '32263', '32265', '32269', '32270', '32286', '32287']","[3406, 4322, 2664, 5692, 2498, 2943, 2640, 712, 1316, 5541, 5402, 5256, 2761, 5614, 1164, 5700, 5264, 5460, 214, 4000, 3310, 3255, 342, 4547, 1293, 4520, 5742, 4396, 1787, 1942, 3029, 835, 5744, 1268, 1786, 5290]","[0.36, 0.77, 0.77, 0.36, 0.83, 1.0, 0.33, 0.46, 0.27, 0.22, 0.75, 0.25, 0.37, 0.87, 0.56, 0.73, 0.21, 1.0, 0.75, 0.67, 0.75, 0.86, 0.28, 0.77, 0.7, 0.69, 0.67, 0.88, 0.46, 0.52, 0.78, 0.33, 0.67, 0.25, 0.59, 0.2, 0.84, 0.75, 0.31, 0.75, 0.78, 0.82, 0.79, 0.89, 0.76, 0.78, 0.84, 0.29, 0.0, 0.25, 0.33, 1.0, 0.61, 0.8, 0.08, 1.0, 0.0, 0.89, 0.08, 0.18, 0.4, 0.47, 0.69, 0.24, 0.67, 0.3, 0.78, 0.66, 0.81, 0.45, 0.75, 0.27, 0.75, 0.5, 0.66]"
412,426551,0.286,0.472,410,2025-02-23 07:22:42.195634,"['32221', '32225', '32238', '32242', '32243', '32247', '32248', '32251', '32253', '32263', '32265', '32266', '32275', '32286', '32287']","[5256, 1164, 5541, 3406, 2943, 668, 2640, 1942, 5402, 4322, 214, 3273, 1316, 5692, 5700, 3029, 3330, 5290, 1293, 4444, 2339, 3310, 4547, 3063, 2253, 1382, 1117, 3932, 4000, 3124, 1787, 2668, 1268, 2019, 535, 3188]","[0.32, 0.81, 0.78, 0.31, 0.87, 0.8, 0.35, 0.75, 0.24, 0.19, 0.58, 0.75, 0.34, 0.89, 0.62, 0.74, 0.17, 0.71, 0.76, 0.67, 0.62, 0.87, 0.24, 0.78, 1.0, 0.74, 0.74, 0.9, 0.0, 0.25, 0.82, 0.27, 0.72, 0.25, 0.75, 0.16, 0.86, 0.25, 0.28, 0.75, 0.81, 0.86, 0.82, 0.91, 0.75, 0.8, 0.86, 0.25, 0.63, 0.0, 0.29, 0.75, 1.0, 0.81, 0.07, 0.75, 0.39, 0.92, 0.07, 0.17, 0.39, 0.33, 0.73, 0.23, 0.66, 0.27, 0.81, 0.7, 0.82, 0.46, 0.77, 0.25, 0.5, 0.5, 0.69]"
413,376212,0.321,0.278,410,2025-02-23 07:22:42.312761,"['32214', '32217', '32225', '32228', '32231', '32236', '32242', '32247', '32253', '32263', '32265', '32270', '32281', '32286', '32287']","[4322, 2761, 2664, 712, 1176, 2843, 5460, 2498, 216, 1316, 5647, 3052, 3706, 3500, 4455, 5195, 2420, 981, 2050, 342, 835, 5654, 1164, 5256, 2060, 114, 1293, 2943, 3310, 5402, 1359, 3592, 4757, 2640, 3474, 5692]","[0.0, 0.72, 0.76, 0.0, 0.8, 0.67, 0.31, 0.43, 0.33, 0.22, 0.55, 0.0, 0.39, 0.86, 1.0, 0.73, 0.23, 1.0, 0.75, 0.69, 0.54, 0.87, 0.0, 0.78, 0.63, 0.64, 0.58, 0.85, 1.0, 0.6, 0.73, 0.38, 0.63, 1.0, 0.64, 0.24, 0.82, 0.52, 0.33, 0.75, 0.75, 0.79, 0.75, 0.87, 0.8, 0.78, 0.81, 0.31, 0.55, 0.0, 0.37, 1.0, 0.67, 0.78, 0.07, 0.73, 0.75, 0.86, 0.08, 0.17, 0.43, 0.55, 0.64, 0.23, 0.7, 0.32, 0.74, 0.75, 0.79, 0.43, 0.73, 0.29, 0.75, 0.25, 0.63]"
414,503689,0.292,0.056,410,2025-02-23 07:22:42.430117,"['32219', '32224', '32225', '32228', '32242', '32243', '32247', '32251', '32253', '32263', '32265', '32269', '32275', '32286', '32287']","[2664, 114, 3406, 3255, 342, 1316, 2640, 2761, 712, 3500, 4322, 5460, 4520, 295, 2943, 5256, 4184, 4412, 2498, 1611, 4000, 5692, 3706, 2112, 5594, 4757, 2843, 1098, 668, 1293, 3151, 2668, 3474, 3592, 4257, 4547]","[0.42, 0.76, 0.76, 0.42, 0.84, 1.0, 0.33, 0.46, 0.3, 0.2, 0.75, 0.25, 0.36, 0.87, 1.0, 0.75, 0.19, 0.68, 0.76, 0.69, 0.59, 0.88, 0.28, 0.78, 0.68, 0.68, 0.63, 0.87, 0.25, 1.0, 0.77, 0.33, 0.68, 0.0, 0.64, 0.2, 0.84, 0.75, 0.31, 0.75, 0.78, 0.82, 0.78, 0.89, 0.8, 0.8, 0.84, 0.27, 0.6, 1.0, 0.33, 0.75, 0.68, 0.79, 0.06, 1.0, 0.49, 0.89, 0.07, 0.15, 0.42, 0.5, 0.68, 0.22, 0.7, 0.3, 0.77, 0.65, 0.81, 0.43, 0.75, 0.27, 1.0, 0.5, 0.66]"
415,343568,0.262,0.361,415,2025-02-23 07:22:42.670284,"['32219', '32221', '32231', '32234', '32242', '32246', '32247', '32251', '32261', '32263', '32265', '32270', '32275', '32283', '32286']","[4322, 5402, 2943, 2664, 5692, 2498, 1164, 2761, 5541, 3406, 1316, 342, 2640, 3310, 4396, 2843, 4520, 3500, 5256, 3474, 5460, 4757, 3029, 4184, 5654, 3273, 835, 3084, 114, 4000, 668, 2112, 4987, 3706, 1176, 1786]","[0.41, 0.76, 0.74, 0.4, 0.83, 1.0, 0.31, 0.25, 0.29, 0.24, 0.57, 0.62, 0.36, 0.87, 0.61, 0.77, 0.18, 0.75, 0.77, 0.69, 0.75, 0.89, 0.29, 0.78, 0.68, 0.7, 0.64, 0.87, 0.75, 0.57, 0.77, 0.34, 1.0, 0.25, 0.61, 0.2, 0.85, 0.75, 0.27, 0.74, 0.78, 0.83, 0.77, 0.91, 0.8, 0.8, 0.85, 0.25, 0.61, 0.0, 0.32, 0.75, 0.67, 0.8, 0.06, 0.77, 0.25, 0.89, 0.08, 0.15, 0.43, 1.0, 0.7, 0.21, 0.68, 0.28, 0.77, 0.65, 0.82, 0.5, 0.76, 0.28, 0.5, 0.39, 0.64]"
416,734225,0.414,0.028,415,2025-02-23 07:22:42.789064,"['32217', '32219', '32225', '32226', '32236', '32238', '32244', '32252', '32255', '32266', '32274', '32276', '32279', '32287', '32288']","[3052, 4033, 5195, 5647, 4003, 539, 2050, 4600, 3500, 4322, 1359, 4455, 4975, 712, 4622, 5888, 1553, 2664, 5760, 4825, 3720, 990, 2948, 506, 2378, 3729, 1176, 5758, 4539, 4412, 835, 3285, 4226, 1612, 637, 2058]","[0.5, 0.58, 0.72, 0.25, 0.64, 0.0, 0.24, 0.36, 0.41, 0.37, 0.47, 0.25, 0.0, 0.78, 0.37, 0.69, 0.34, 0.47, 0.71, 0.66, 0.35, 0.84, 0.0, 0.75, 0.0, 0.52, 0.42, 0.76, 0.65, 0.69, 0.75, 0.56, 0.42, 0.65, 0.6, 0.42, 0.79, 0.45, 0.0, 0.56, 0.65, 0.75, 0.62, 0.8, 0.79, 0.7, 0.72, 0.47, 0.37, 0.55, 0.5, 0.53, 1.0, 0.75, 0.13, 0.63, 0.61, 0.74, 0.16, 0.28, 0.33, 0.67, 0.67, 0.28, 0.69, 0.83, 0.62, 0.52, 0.76, 0.43, 0.68, 0.37, 0.55, 0.5, 0.5]"
417,1647856,0.287,0.194,415,2025-02-23 07:22:42.907956,"['32219', '32224', '32234', '32240', '32242', '32243', '32245', '32246', '32247', '32248', '32251', '32262', '32263', '32265', '32286']","[2664, 5460, 4184, 5692, 1316, 5065, 3255, 342, 3500, 1098, 4322, 2761, 2498, 4520, 2843, 4757, 2112, 3406, 5594, 3706, 4412, 114, 3151, 712, 4000, 3474, 2367, 2943, 5256, 295, 2838, 2640, 3084, 2281, 1611, 1538]","[0.43, 0.75, 0.74, 0.42, 0.82, 0.75, 0.31, 0.46, 0.31, 0.25, 0.75, 0.61, 0.37, 0.86, 0.6, 0.76, 0.19, 0.67, 0.76, 0.69, 0.75, 0.89, 0.31, 0.78, 0.67, 0.68, 1.0, 0.87, 0.75, 1.0, 0.76, 0.25, 0.75, 0.0, 1.0, 0.22, 0.84, 1.0, 0.28, 0.73, 0.78, 0.82, 0.76, 0.9, 0.81, 0.8, 0.84, 0.27, 0.25, 1.0, 0.33, 0.75, 0.68, 0.79, 0.06, 0.76, 0.51, 0.89, 0.08, 0.16, 0.44, 0.51, 0.68, 0.21, 0.68, 0.29, 0.76, 0.64, 0.81, 0.43, 0.76, 0.29, 0.25, 0.4, 0.63]"
418,766607,0.344,0.306,415,2025-02-23 07:22:43.025004,"['32219', '32224', '32228', '32231', '32240', '32245', '32248', '32251', '32262', '32263', '32264', '32265', '32266', '32269', '32283']","[712, 4322, 2664, 3285, 3406, 2761, 4033, 3052, 3263, 5541, 1176, 2943, 5692, 2840, 2640, 3500, 1098, 990, 1786, 1316, 5758, 5460, 5216, 4161, 4520, 2498, 4003, 2058, 539, 2050, 5195, 4757, 786, 5256, 2112, 506]","[0.45, 0.7, 0.73, 0.44, 0.76, 0.75, 0.28, 0.42, 0.34, 0.29, 0.75, 0.58, 0.41, 0.84, 0.75, 0.74, 0.23, 0.75, 0.75, 0.68, 0.49, 0.88, 0.37, 0.77, 0.59, 0.63, 0.75, 0.83, 0.56, 0.62, 0.7, 1.0, 0.58, 0.52, 0.75, 0.28, 0.83, 0.75, 0.31, 0.67, 0.73, 0.78, 0.72, 0.87, 0.8, 0.77, 0.8, 0.34, 0.25, 0.25, 0.25, 0.75, 0.75, 0.78, 0.08, 0.75, 0.54, 0.84, 0.1, 0.19, 0.45, 0.56, 0.63, 0.23, 0.68, 0.32, 0.71, 0.6, 0.79, 0.5, 0.73, 0.31, 0.53, 0.43, 0.59]"
419,355888,0.275,0.278,415,2025-02-23 07:22:43.142847,"['32219', '32221', '32224', '32234', '32242', '32243', '32245', '32248', '32251', '32263', '32265', '32266', '32270', '32283', '32286']","[5256, 1164, 668, 216, 2072, 2668, 5541, 3273, 734, 5402, 133, 3255, 535, 835, 5313, 2253, 391, 214, 2943, 3188, 1926, 4504, 3406, 3593, 1783, 3063, 4444, 2980, 1948, 2048, 4696, 4322, 4807, 1268, 5195, 1942]","[0.25, 0.81, 0.76, 0.22, 0.82, 1.0, 0.32, 0.0, 0.22, 0.31, 0.75, 0.66, 0.35, 0.88, 0.56, 0.73, 0.19, 0.66, 0.72, 0.62, 1.0, 0.84, 0.27, 0.75, 0.75, 0.74, 0.76, 0.9, 0.0, 0.25, 0.8, 0.0, 0.65, 0.38, 0.75, 0.21, 0.87, 0.25, 0.26, 0.72, 0.8, 0.84, 0.8, 0.92, 0.69, 0.72, 0.86, 0.34, 0.56, 0.75, 0.31, 0.0, 0.75, 0.82, 0.11, 0.66, 0.25, 0.91, 0.13, 0.28, 0.4, 0.37, 0.74, 0.26, 0.58, 0.28, 0.78, 0.7, 0.82, 0.25, 0.78, 0.27, 0.5, 0.36, 0.65]"
420,1529237,0.401,0.222,420,2025-02-23 07:22:43.390869,"['32214', '32215', '32218', '32219', '32222', '32223', '32236', '32244', '32249', '32253', '32256', '32265', '32273', '32275', '32287']","[3052, 4119, 3720, 4226, 4319, 3326, 3158, 2586, 1868, 4846, 1770, 5760, 4953, 2547, 4003, 252, 4954, 930, 2910, 701, 374, 2609, 4988, 5195, 2656, 4600, 4663, 4338, 1929, 292, 2776, 5385, 2111, 5098, 4723, 5817]","[0.75, 0.25, 0.69, 0.67, 0.0, 1.0, 0.18, 0.26, 0.0, 0.0, 0.42, 0.38, 0.61, 0.7, 0.21, 0.64, 0.5, 0.29, 0.68, 0.66, 0.21, 0.8, 1.0, 0.74, 0.26, 0.33, 0.22, 0.59, 0.79, 0.82, 0.0, 0.74, 0.24, 0.78, 0.65, 1.0, 0.71, 0.35, 0.49, 1.0, 0.53, 0.49, 0.0, 0.62, 0.85, 0.63, 0.57, 0.64, 0.21, 0.61, 0.66, 1.0, 0.62, 0.67, 0.18, 0.56, 0.76, 0.53, 0.17, 0.0, 0.54, 1.0, 0.35, 0.31, 0.77, 0.46, 0.45, 0.39, 0.69, 0.38, 0.56, 0.48, 0.59, 1.0, 0.37]"
421,905017,0.313,0.361,420,2025-02-23 07:22:43.513598,"['32219', '32223', '32225', '32231', '32234', '32246', '32248', '32251', '32263', '32264', '32265', '32270', '32275', '32286', '32288']","[2664, 342, 2843, 114, 5460, 4322, 4757, 3592, 4184, 4257, 835, 2761, 3406, 981, 3255, 3500, 863, 2281, 2640, 1164, 5692, 4520, 2498, 1117, 5402, 3706, 5065, 1611, 2112, 4412, 391, 5256, 1316, 1932, 5535, 2943]","[0.41, 0.79, 0.74, 0.39, 0.81, 0.75, 0.32, 0.46, 0.29, 0.0, 0.59, 0.25, 0.38, 0.89, 0.59, 0.75, 0.18, 0.75, 0.77, 0.69, 0.75, 0.87, 0.25, 0.78, 0.71, 0.69, 0.69, 0.85, 0.5, 0.56, 0.8, 0.33, 1.0, 0.4, 0.0, 0.19, 0.85, 0.75, 0.28, 0.76, 0.8, 0.83, 0.79, 0.91, 0.8, 0.8, 0.86, 0.27, 0.63, 1.0, 0.0, 1.0, 0.66, 0.78, 0.07, 0.78, 0.25, 0.9, 0.07, 0.15, 0.43, 0.83, 0.71, 0.21, 0.69, 0.24, 0.79, 0.69, 0.8, 0.45, 0.76, 0.29, 0.25, 0.39, 0.75]"
422,1172758,0.305,0.278,420,2025-02-23 07:22:43.630301,"['32219', '32226', '32231', '32234', '32236', '32246', '32248', '32251', '32261', '32263', '32264', '32265', '32270', '32286', '32288']","[2664, 4322, 5460, 342, 2498, 4757, 4161, 2843, 1316, 5065, 981, 4184, 1932, 2943, 1290, 5594, 3500, 712, 2112, 2761, 114, 5692, 2281, 1666, 3084, 4412, 1176, 3151, 3706, 3474, 863, 5402, 3406, 1612, 5238, 1242]","[0.49, 0.75, 0.73, 0.47, 0.79, 0.75, 0.3, 0.44, 0.34, 0.25, 0.59, 0.58, 0.25, 0.88, 0.58, 0.76, 0.19, 0.75, 0.78, 0.7, 0.75, 0.88, 0.25, 0.79, 0.66, 0.65, 0.61, 0.83, 0.56, 0.62, 0.77, 0.36, 1.0, 0.45, 1.0, 0.22, 0.83, 0.75, 0.3, 0.74, 0.78, 0.81, 0.76, 0.89, 0.83, 0.81, 0.84, 1.0, 0.61, 0.25, 0.0, 1.0, 0.71, 0.76, 0.06, 0.8, 0.75, 0.88, 0.06, 0.13, 0.45, 0.51, 0.67, 0.2, 0.72, 0.26, 0.76, 0.65, 0.79, 0.42, 0.75, 0.31, 0.5, 0.42, 0.75]"
423,139251,0.404,0.167,420,2025-02-23 07:22:43.747079,"['32219', '32228', '32231', '32236', '32248', '32251', '32261', '32263', '32264', '32266', '32270', '32275', '32283', '32286', '32288']","[3706, 5594, 2664, 342, 4520, 4184, 981, 2843, 4322, 3406, 4412, 3255, 5460, 1290, 114, 863, 3151, 1666, 1164, 2568, 4161, 1538, 4757, 111, 216, 4257, 1268, 1932, 5065, 5238, 3500, 49, 4600, 2281, 5003, 668]","[0.43, 0.77, 0.74, 0.41, 0.79, 0.75, 0.31, 0.44, 0.31, 0.26, 0.58, 0.59, 0.39, 0.88, 1.0, 0.74, 0.19, 1.0, 0.77, 0.68, 0.56, 0.87, 0.0, 0.78, 0.68, 0.67, 0.65, 0.84, 0.52, 0.58, 0.78, 0.36, 0.65, 0.43, 1.0, 0.22, 0.84, 1.0, 0.29, 0.74, 0.79, 0.81, 0.77, 0.9, 0.8, 0.79, 0.85, 1.0, 0.59, 1.0, 0.0, 0.57, 1.0, 0.77, 0.08, 0.77, 0.0, 0.89, 0.07, 0.16, 0.43, 0.83, 0.69, 0.22, 0.7, 0.26, 0.77, 0.67, 0.8, 0.25, 0.75, 0.31, 0.5, 0.41, 0.75]"
424,1555513,0.299,0.194,420,2025-02-23 07:22:43.866886,"['32214', '32217', '32218', '32219', '32225', '32231', '32238', '32240', '32245', '32246', '32261', '32262', '32280', '32281', '32287']","[4033, 3052, 5195, 4322, 3285, 2943, 1786, 1359, 2761, 2664, 5541, 712, 506, 216, 3500, 576, 1176, 1098, 4757, 2058, 2112, 3406, 117, 5692, 4539, 2640, 637, 2050, 4520, 2840, 4600, 5248, 4975, 4003, 3729, 480]","[0.75, 0.69, 0.73, 0.75, 1.0, 0.25, 0.26, 0.39, 0.36, 0.34, 0.52, 0.75, 0.45, 0.84, 0.42, 0.7, 0.27, 0.75, 0.73, 0.66, 0.42, 0.83, 0.37, 0.76, 1.0, 0.58, 0.75, 0.79, 0.58, 0.63, 0.7, 0.75, 0.25, 0.54, 0.59, 0.33, 0.82, 0.47, 0.34, 0.65, 0.72, 0.73, 0.7, 0.84, 0.79, 0.72, 0.79, 0.0, 0.25, 0.53, 0.43, 0.53, 0.59, 0.75, 0.12, 0.67, 0.55, 0.82, 0.12, 0.24, 0.45, 0.55, 0.6, 0.26, 0.7, 0.32, 0.67, 0.75, 0.77, 0.44, 0.7, 0.35, 0.52, 0.25, 0.56]"
425,453496,0.342,0.25,425,2025-02-23 07:22:44.112085,"['32214', '32215', '32223', '32236', '32239', '32244', '32249', '32254', '32256', '32265', '32269', '32274', '32276', '32281', '32288']","[3052, 5760, 2586, 4226, 4119, 5918, 4953, 4319, 5195, 2547, 3703, 1553, 2609, 3720, 4033, 930, 4846, 5385, 882, 4723, 4003, 4062, 2338, 3326, 4954, 1868, 2744, 823, 506, 3285, 1359, 4600, 4988, 539, 4338, 1770]","[1.0, 0.75, 0.69, 0.62, 0.45, 0.31, 0.19, 0.26, 0.53, 0.75, 0.4, 0.39, 0.59, 0.66, 0.21, 0.63, 0.5, 0.29, 0.65, 0.63, 0.21, 0.79, 0.75, 0.74, 0.25, 0.25, 0.23, 0.61, 0.74, 0.82, 0.25, 0.75, 0.21, 0.78, 0.62, 1.0, 0.69, 0.36, 0.46, 0.45, 0.75, 0.46, 0.0, 0.63, 0.82, 0.58, 0.55, 0.64, 0.18, 0.64, 0.65, 0.75, 0.59, 0.68, 0.21, 0.75, 0.72, 0.54, 0.23, 0.37, 0.5, 0.8, 0.67, 0.34, 0.73, 0.51, 0.48, 0.5, 0.69, 0.41, 0.59, 0.48, 0.59, 0.61, 0.5]"
426,1544991,0.276,0.25,425,2025-02-23 07:22:44.230879,"['32224', '32228', '32231', '32239', '32242', '32246', '32247', '32248', '32251', '32261', '32265', '32266', '32269', '32275', '32288']","[2943, 2620, 2640, 216, 3951, 5541, 391, 5692, 712, 3406, 386, 2050, 4000, 5256, 835, 2840, 3255, 3263, 2761, 4033, 4322, 1164, 734, 1316, 5195, 117, 5614, 1268, 4161, 5700, 2072, 3285, 5045, 539, 506, 3561]","[0.33, 0.77, 0.74, 0.31, 0.78, 0.77, 0.31, 0.47, 0.27, 0.31, 0.75, 0.58, 0.39, 0.85, 0.25, 0.71, 0.23, 0.75, 0.71, 0.62, 0.49, 0.83, 0.32, 0.77, 0.67, 0.75, 0.67, 0.86, 0.25, 0.51, 0.77, 0.39, 0.25, 0.0, 0.75, 0.27, 0.84, 0.75, 0.29, 0.7, 0.77, 0.78, 0.77, 0.88, 0.74, 0.7, 0.82, 0.25, 0.47, 0.52, 0.35, 0.25, 0.75, 0.79, 0.11, 0.75, 0.41, 0.88, 0.13, 0.27, 0.41, 0.17, 0.68, 0.28, 0.62, 0.32, 0.75, 0.65, 0.78, 0.48, 0.75, 0.32, 0.51, 0.38, 0.5]"
427,1569229,0.415,0.194,425,2025-02-23 07:22:44.348069,"['32214', '32215', '32217', '32222', '32248', '32252', '32254', '32256', '32273', '32274', '32279', '32280', '32283', '32285', '32288']","[3052, 5195, 539, 3703, 4003, 4600, 4033, 4723, 4226, 557, 3720, 882, 2840, 5758, 637, 1553, 506, 4119, 2050, 5760, 5888, 3326, 4953, 2378, 838, 5385, 3266, 2096, 5918, 4846, 1077, 2948, 2586, 3094, 2612, 4663]","[0.25, 0.0, 0.71, 0.25, 0.5, 0.44, 0.21, 0.3, 0.25, 0.47, 0.41, 0.42, 0.55, 0.7, 0.24, 0.61, 0.47, 0.33, 0.64, 0.6, 0.23, 0.76, 0.61, 0.73, 0.34, 0.44, 0.35, 0.68, 0.66, 0.73, 0.49, 0.69, 0.25, 0.71, 0.75, 0.6, 0.74, 0.38, 0.0, 0.48, 0.75, 0.52, 0.0, 0.69, 0.76, 0.55, 0.61, 0.63, 0.2, 0.62, 0.6, 0.43, 0.5, 0.72, 0.24, 0.48, 0.62, 0.62, 0.26, 0.25, 0.67, 0.72, 0.43, 0.37, 0.68, 0.5, 0.67, 0.44, 0.71, 0.25, 0.62, 0.75, 0.58, 0.55, 0.25]"
428,525656,0.384,0.583,425,2025-02-23 07:22:44.466009,"['32215', '32217', '32218', '32252', '32253', '32254', '32255', '32260', '32265', '32269', '32271', '32279', '32280', '32285', '32288']","[2547, 4319, 4119, 930, 4226, 4953, 3052, 1868, 4988, 5760, 2609, 1770, 1533, 2586, 3244, 5385, 5323, 3998, 5655, 374, 4780, 3089, 4338, 3720, 2106, 5771, 3158, 4312, 2316, 2910, 1012, 3900, 2338, 4641, 780, 1769]","[0.73, 0.25, 0.67, 1.0, 0.75, 0.18, 0.17, 0.22, 0.64, 0.46, 0.39, 0.34, 0.63, 0.61, 0.18, 0.66, 0.55, 0.25, 0.66, 0.66, 0.19, 0.82, 0.74, 0.75, 0.16, 0.28, 0.13, 0.51, 0.83, 0.89, 0.33, 0.81, 0.16, 0.85, 0.7, 0.72, 0.64, 0.34, 1.0, 0.25, 0.75, 0.0, 0.35, 0.54, 0.87, 0.61, 0.25, 0.66, 0.16, 0.66, 0.71, 1.0, 0.69, 0.63, 0.18, 1.0, 0.82, 0.25, 0.2, 0.3, 0.57, 0.87, 0.27, 0.31, 0.78, 0.67, 0.5, 0.31, 0.66, 0.36, 0.54, 0.5, 0.62, 0.67, 0.25]"
429,75868,0.296,0.167,425,2025-02-23 07:22:44.588475,"['32214', '32224', '32225', '32226', '32231', '32238', '32245', '32246', '32251', '32262', '32263', '32266', '32275', '32287', '32288']","[3052, 4322, 2664, 3706, 4033, 5541, 2761, 3406, 3285, 4412, 1176, 1077, 1098, 5647, 539, 506, 3263, 4520, 3500, 981, 2840, 1612, 786, 4539, 712, 1932, 3367, 2620, 2189, 4003, 3592, 1666, 2843, 5460, 835, 990]","[0.25, 0.7, 0.72, 0.44, 0.74, 0.66, 0.28, 0.43, 0.35, 0.29, 1.0, 1.0, 0.25, 0.83, 0.48, 0.73, 0.25, 1.0, 0.73, 0.65, 0.47, 0.86, 0.38, 0.77, 0.25, 0.62, 0.54, 0.81, 0.54, 0.63, 0.71, 0.75, 1.0, 0.5, 0.59, 0.31, 0.81, 1.0, 0.31, 0.68, 0.74, 0.74, 0.71, 0.84, 0.8, 0.73, 0.78, 0.36, 0.0, 0.75, 0.4, 0.55, 1.0, 0.76, 0.1, 0.68, 0.52, 0.83, 0.11, 0.21, 0.45, 0.83, 0.61, 0.25, 0.68, 0.35, 0.71, 0.59, 0.77, 0.44, 0.72, 0.34, 0.53, 0.25, 0.75]"
430,419286,0.324,0.25,430,2025-02-23 07:22:44.827444,"['32217', '32224', '32225', '32238', '32248', '32253', '32261', '32264', '32265', '32269', '32270', '32276', '32281', '32287', '32288']","[2664, 3052, 5195, 3500, 4322, 712, 2050, 5844, 4600, 4412, 5647, 4033, 2189, 3367, 2761, 3592, 4953, 2840, 2505, 1932, 4757, 2112, 5238, 5460, 990, 1666, 3285, 4003, 2568, 506, 3706, 3665, 2843, 3248, 2281, 1553]","[0.53, 0.62, 0.73, 0.0, 0.67, 0.53, 0.26, 0.38, 0.43, 0.32, 1.0, 0.0, 0.46, 0.81, 0.41, 0.7, 0.33, 0.5, 0.74, 0.68, 0.39, 0.86, 0.45, 0.76, 0.0, 0.53, 0.43, 0.75, 0.62, 0.71, 0.6, 0.52, 0.49, 0.62, 1.0, 0.38, 0.78, 0.47, 0.39, 0.75, 0.69, 0.7, 0.65, 0.8, 0.84, 0.73, 0.74, 1.0, 0.41, 0.54, 0.0, 1.0, 0.66, 0.73, 0.1, 1.0, 1.0, 0.75, 0.11, 0.23, 0.46, 0.67, 0.83, 0.24, 0.73, 0.35, 0.66, 0.5, 0.75, 0.41, 0.65, 0.38, 0.53, 0.25, 0.75]"
431,968954,0.289,0.278,430,2025-02-23 07:22:44.941591,"['32224', '32225', '32231', '32236', '32238', '32249', '32261', '32264', '32266', '32269', '32270', '32276', '32281', '32287', '32288']","[2664, 3052, 4322, 4033, 5647, 5195, 712, 2050, 3500, 506, 835, 990, 4003, 4412, 3406, 5541, 2943, 5460, 2840, 3951, 3285, 4539, 1359, 637, 216, 1077, 2761, 4455, 4600, 1176, 2505, 3592, 2620, 3367, 3706, 539]","[0.45, 0.69, 0.75, 0.44, 0.72, 0.62, 0.27, 0.41, 0.36, 0.31, 0.75, 0.25, 0.43, 0.84, 0.45, 0.7, 0.29, 1.0, 0.74, 0.67, 0.43, 0.85, 0.25, 0.76, 0.25, 0.6, 0.53, 0.8, 0.54, 0.63, 0.67, 0.46, 0.55, 0.55, 0.6, 0.25, 0.81, 0.49, 0.36, 0.64, 0.73, 0.75, 0.7, 0.84, 0.8, 0.74, 0.78, 0.25, 0.44, 0.52, 0.25, 0.52, 0.25, 0.75, 0.1, 0.75, 0.75, 0.81, 0.11, 0.24, 0.44, 0.59, 0.5, 0.24, 0.7, 0.32, 0.71, 0.5, 0.77, 0.44, 0.68, 0.35, 0.52, 0.5, 0.75]"
432,23556,0.299,0.361,430,2025-02-23 07:22:45.058405,"['32214', '32217', '32222', '32229', '32230', '32241', '32248', '32257', '32259', '32260', '32274', '32277', '32281', '32284', '32285']","[2338, 1007, 5385, 5326, 2586, 5915, 277, 1596, 1204, 2744, 3703, 3484, 4861, 4554, 4319, 2011, 2334, 2910, 2879, 905, 882, 4119, 4804, 2762, 1585, 5114, 3128, 4927, 5760, 308, 846, 5884, 4226, 2707, 1569, 2547]","[0.75, 0.33, 0.71, 0.75, 0.25, 0.23, 0.15, 0.21, 0.75, 0.64, 0.29, 0.32, 0.65, 0.6, 0.09, 1.0, 1.0, 0.14, 0.55, 0.56, 0.09, 0.65, 0.78, 0.68, 0.17, 0.27, 0.19, 0.75, 0.73, 0.8, 0.27, 0.85, 0.11, 0.86, 0.0, 0.81, 0.65, 0.28, 0.59, 0.26, 0.41, 0.32, 0.36, 0.25, 0.73, 0.0, 0.25, 0.84, 0.07, 0.68, 0.77, 0.32, 0.34, 0.65, 0.44, 0.24, 0.7, 0.37, 0.47, 0.69, 0.0, 0.85, 0.26, 0.67, 0.71, 0.61, 0.36, 0.25, 0.63, 0.46, 0.75, 1.0, 0.62, 0.68, 0.31]"
433,716644,0.225,0.583,430,2025-02-23 07:22:45.181800,"['32224', '32225', '32230', '32231', '32238', '32239', '32240', '32244', '32245', '32261', '32265', '32269', '32281', '32287', '32288']","[3052, 3285, 4033, 4003, 4322, 3500, 2664, 990, 2943, 4412, 4975, 2761, 5195, 5541, 712, 1786, 2840, 2112, 1176, 5647, 2050, 4539, 1359, 5460, 2058, 4299, 539, 1077, 4757, 5758, 5692, 4520, 2620, 1098, 637, 3406]","[0.48, 0.68, 0.74, 0.48, 0.72, 0.61, 0.28, 0.41, 0.38, 0.3, 0.75, 0.75, 0.43, 0.84, 0.47, 0.71, 0.25, 0.75, 0.75, 0.68, 0.44, 0.86, 0.39, 0.77, 0.25, 0.75, 0.75, 0.8, 0.56, 0.65, 0.75, 0.75, 0.56, 0.56, 0.62, 0.31, 0.8, 0.5, 0.36, 0.65, 0.73, 0.75, 0.7, 0.83, 0.82, 0.75, 0.78, 0.0, 0.46, 0.52, 0.39, 0.75, 0.64, 0.75, 0.09, 0.75, 0.57, 0.81, 0.1, 0.22, 0.44, 0.6, 0.59, 0.23, 0.71, 0.32, 0.71, 0.25, 0.77, 0.42, 0.68, 0.35, 0.52, 0.5, 0.25]"
434,104091,0.325,0.306,430,2025-02-23 07:22:45.296777,"['32221', '32224', '32228', '32236', '32238', '32239', '32242', '32247', '32263', '32266', '32270', '32275', '32281', '32286', '32287']","[4322, 5460, 2761, 3706, 2664, 1316, 1098, 5065, 5256, 4520, 2640, 4184, 3500, 4412, 5594, 5541, 4757, 5692, 114, 2943, 216, 342, 3406, 2112, 3474, 5238, 1538, 2620, 2756, 1942, 3052, 835, 712, 4257, 2281, 4547]","[0.44, 0.75, 0.75, 0.43, 0.79, 0.7, 0.31, 0.25, 0.32, 0.26, 1.0, 0.61, 0.38, 0.87, 0.75, 0.73, 0.22, 0.64, 0.77, 0.69, 0.53, 0.87, 0.25, 0.78, 1.0, 1.0, 0.6, 0.84, 0.75, 0.6, 0.74, 0.37, 0.66, 0.25, 0.62, 0.24, 0.83, 0.54, 0.32, 0.71, 0.78, 0.81, 0.76, 0.88, 0.82, 0.78, 0.83, 0.31, 0.56, 1.0, 0.32, 0.56, 1.0, 0.77, 0.08, 0.73, 0.75, 0.86, 0.08, 0.18, 0.42, 0.33, 0.66, 0.21, 0.7, 0.28, 0.76, 0.75, 0.79, 0.43, 0.72, 0.32, 0.75, 1.0, 0.65]"
435,625756,0.295,0.25,435,2025-02-23 07:22:45.537494,"['32214', '32221', '32228', '32240', '32242', '32243', '32251', '32253', '32261', '32263', '32265', '32270', '32275', '32286', '32288']","[5256, 4547, 5692, 342, 1164, 2640, 5460, 3474, 4184, 2498, 1316, 3406, 4000, 712, 5402, 2664, 981, 3450, 2943, 5065, 4757, 2843, 295, 3255, 1293, 3500, 4257, 1538, 114, 2761, 2668, 1932, 3263, 4322, 2112, 5744]","[0.25, 0.79, 0.73, 0.4, 0.86, 0.77, 0.33, 1.0, 0.28, 0.19, 0.62, 0.66, 0.36, 0.89, 0.75, 0.77, 0.15, 0.72, 0.79, 0.7, 0.63, 0.89, 0.24, 0.8, 0.72, 0.7, 0.75, 0.87, 0.25, 1.0, 0.8, 0.31, 0.74, 0.39, 0.64, 0.19, 0.85, 0.75, 0.27, 1.0, 0.79, 0.84, 0.83, 0.9, 0.82, 0.81, 0.86, 0.0, 0.65, 0.25, 0.29, 1.0, 0.71, 0.79, 0.06, 0.8, 0.75, 0.91, 0.06, 0.12, 0.42, 0.17, 0.7, 0.18, 0.69, 0.25, 0.81, 0.67, 0.82, 0.42, 0.74, 0.27, 0.5, 0.37, 0.5]"
436,130583,0.242,0.056,435,2025-02-23 07:22:45.658736,"['32221', '32224', '32234', '32243', '32247', '32248', '32251', '32253', '32262', '32263', '32265', '32266', '32283', '32286', '32288']","[1164, 3255, 5402, 1316, 5692, 2640, 756, 3063, 2668, 4725, 4396, 3572, 5256, 295, 3474, 342, 3406, 2072, 1098, 391, 5245, 2980, 3084, 4547, 3161, 1293, 2498, 5460, 598, 1242, 4176, 2943, 4184, 3029, 1893, 5027]","[0.32, 0.83, 0.75, 0.29, 0.87, 0.83, 0.34, 0.75, 0.23, 0.19, 1.0, 0.69, 0.35, 0.89, 0.65, 0.76, 0.15, 0.73, 0.77, 0.67, 0.75, 0.88, 0.22, 0.79, 0.77, 0.75, 0.73, 0.89, 0.4, 0.75, 0.83, 0.27, 0.76, 0.0, 0.75, 0.17, 0.87, 0.75, 0.25, 1.0, 0.81, 0.85, 0.85, 0.92, 0.77, 0.79, 0.87, 0.25, 0.75, 0.0, 0.27, 0.0, 0.75, 0.81, 0.07, 0.77, 0.4, 0.92, 0.07, 0.15, 0.39, 0.38, 0.74, 0.2, 0.66, 0.24, 0.83, 0.7, 0.82, 0.25, 0.76, 0.25, 0.25, 0.34, 0.75]"
437,387081,0.359,0.306,435,2025-02-23 07:22:45.775579,"['32228', '32234', '32238', '32242', '32245', '32247', '32251', '32253', '32262', '32263', '32265', '32266', '32275', '32286', '32288']","[5460, 5692, 5065, 4547, 2761, 4184, 3474, 4757, 342, 2112, 3706, 3500, 2664, 2281, 5541, 1611, 3493, 114, 1316, 4322, 981, 4412, 4000, 1442, 3293, 2620, 5594, 1098, 5647, 5238, 2494, 3052, 5256, 4520, 2943, 331]","[0.48, 0.74, 0.72, 0.47, 0.81, 0.68, 0.31, 0.46, 0.34, 0.21, 0.59, 0.61, 0.4, 0.86, 0.25, 0.76, 0.19, 0.66, 0.78, 0.7, 0.0, 0.89, 0.3, 0.79, 1.0, 0.64, 0.56, 0.83, 1.0, 0.64, 0.74, 0.25, 0.67, 0.25, 0.66, 0.25, 0.83, 1.0, 0.31, 1.0, 0.74, 0.79, 0.78, 0.87, 0.84, 0.79, 0.82, 0.28, 1.0, 1.0, 0.35, 1.0, 1.0, 0.77, 0.07, 0.78, 0.57, 0.87, 0.07, 0.13, 0.44, 0.33, 0.64, 0.2, 0.71, 0.29, 0.76, 0.62, 0.8, 0.41, 0.71, 0.3, 0.75, 0.42, 1.0]"
438,1616360,0.265,0.417,435,2025-02-23 07:22:45.898200,"['32224', '32225', '32226', '32231', '32242', '32243', '32244', '32246', '32249', '32253', '32261', '32269', '32273', '32283', '32288']","[835, 539, 2840, 5045, 3951, 1268, 506, 117, 3406, 5541, 5614, 3052, 712, 4000, 216, 3574, 5195, 391, 4322, 3703, 2420, 4003, 3561, 2050, 3263, 734, 2847, 5906, 2753, 1273, 5658, 2761, 5535, 2943, 2664, 2640]","[0.27, 0.75, 0.76, 0.22, 0.75, 0.76, 0.27, 0.43, 0.25, 0.37, 0.75, 0.25, 0.75, 0.84, 0.4, 0.63, 0.3, 0.0, 0.66, 0.56, 0.37, 0.75, 0.36, 0.74, 0.64, 0.66, 0.67, 0.85, 0.25, 0.25, 1.0, 0.45, 0.75, 0.46, 0.43, 0.0, 0.85, 0.48, 0.34, 0.75, 0.72, 0.72, 0.76, 0.86, 0.65, 0.61, 0.79, 0.75, 0.35, 0.55, 0.43, 0.26, 0.35, 0.79, 0.22, 0.25, 0.38, 0.86, 0.23, 0.25, 0.39, 0.44, 0.64, 0.34, 0.61, 0.36, 0.74, 0.61, 0.78, 0.75, 0.71, 0.32, 0.51, 0.43, 0.75]"
439,1116782,0.357,0.278,435,2025-02-23 07:22:46.016905,"['32224', '32225', '32226', '32236', '32248', '32253', '32261', '32264', '32270', '32273', '32276', '32281', '32283', '32287', '32288']","[3052, 506, 5195, 3703, 882, 539, 4723, 1553, 3720, 4033, 637, 4003, 5760, 4600, 2840, 4846, 3326, 2612, 4226, 5918, 4119, 823, 2744, 117, 838, 2586, 557, 2378, 835, 1396, 2505, 5888, 5658, 2379, 277, 2096]","[0.45, 0.55, 0.72, 0.42, 0.54, 0.48, 0.22, 0.32, 0.42, 0.46, 0.0, 0.0, 1.0, 0.74, 0.24, 0.6, 0.47, 0.34, 0.64, 0.58, 0.23, 0.74, 1.0, 0.73, 0.38, 0.46, 0.4, 0.7, 0.61, 0.69, 0.52, 0.66, 0.31, 0.66, 0.25, 0.57, 0.77, 0.38, 0.45, 1.0, 0.56, 0.53, 0.59, 0.71, 0.73, 0.56, 0.64, 1.0, 0.21, 0.62, 0.25, 0.36, 0.42, 0.72, 0.27, 0.45, 0.75, 0.67, 0.29, 0.25, 0.46, 0.65, 0.67, 0.37, 0.67, 0.47, 0.57, 0.5, 0.73, 0.5, 0.6, 0.42, 0.55, 0.5, 0.75]"
440,1323275,0.194,0.472,440,2025-02-23 07:22:46.265069,"['32221', '32228', '32238', '32242', '32243', '32245', '32246', '32249', '32251', '32261', '32263', '32265', '32270', '32274', '32286']","[5256, 1164, 2640, 3406, 712, 3255, 342, 2943, 3474, 5402, 1293, 3285, 3029, 2498, 4184, 3273, 5692, 4000, 1098, 2072, 3063, 3450, 605, 2980, 2668, 4547, 2044, 2843, 4757, 295, 1183, 1786, 4322, 5027, 1316, 2050]","[0.38, 0.8, 0.74, 0.38, 0.86, 0.77, 0.33, 0.75, 0.28, 0.21, 0.61, 0.64, 0.35, 0.89, 0.75, 0.77, 0.18, 0.73, 0.77, 0.71, 0.61, 0.88, 0.25, 0.78, 0.75, 0.73, 0.71, 0.9, 0.0, 0.75, 0.81, 0.0, 0.25, 0.38, 0.63, 0.0, 0.86, 0.75, 0.27, 0.76, 0.81, 0.83, 0.81, 0.9, 0.79, 0.79, 0.86, 0.0, 0.63, 0.0, 0.29, 0.75, 0.67, 0.78, 0.05, 0.8, 0.75, 0.9, 0.06, 0.15, 0.0, 0.42, 0.72, 0.19, 0.69, 0.26, 0.8, 0.68, 0.8, 0.43, 0.79, 0.3, 0.25, 0.38, 0.7]"
441,1539085,0.239,0.111,440,2025-02-23 07:22:46.379026,"['32220', '32221', '32224', '32243', '32245', '32248', '32249', '32251', '32263', '32265', '32266', '32270', '32274', '32283', '32286']","[1164, 5256, 3063, 3255, 535, 3786, 2253, 3029, 3406, 5402, 4651, 4396, 2072, 5127, 4504, 214, 2695, 806, 4725, 756, 2980, 3188, 3310, 5027, 1117, 5245, 4696, 3161, 4547, 133, 3273, 5692, 440, 4807, 1196, 5134]","[0.26, 0.86, 0.77, 0.22, 0.9, 0.88, 0.75, 1.0, 0.19, 0.2, 0.75, 0.7, 0.3, 0.91, 0.68, 0.77, 0.14, 0.79, 0.77, 0.68, 0.67, 0.87, 0.19, 0.77, 0.83, 0.8, 0.84, 0.94, 0.33, 0.25, 0.87, 0.0, 0.78, 0.28, 0.75, 0.0, 0.9, 1.0, 0.24, 0.8, 0.86, 0.88, 0.86, 0.93, 0.73, 0.79, 0.9, 0.21, 0.68, 0.25, 0.23, 0.25, 1.0, 0.81, 0.05, 0.79, 0.25, 0.93, 0.06, 0.18, 0.0, 0.3, 0.8, 0.2, 0.64, 0.22, 0.85, 0.75, 0.81, 0.75, 0.82, 0.26, 0.0, 0.33, 0.76]"
442,449120,0.329,0.5,440,2025-02-23 07:22:46.498208,"['32214', '32215', '32218', '32222', '32223', '32230', '32240', '32248', '32249', '32256', '32271', '32274', '32280', '32285', '32288']","[539, 3703, 4723, 3052, 2050, 4003, 2840, 2612, 506, 5195, 5614, 4033, 4065, 2943, 557, 637, 238, 2378, 3326, 216, 3094, 5658, 5888, 5541, 4846, 5465, 823, 576, 1331, 336, 882, 2948, 1786, 3285, 1553, 117]","[0.0, 1.0, 0.74, 0.34, 1.0, 0.6, 0.23, 0.35, 0.0, 0.0, 0.43, 0.5, 0.5, 0.78, 0.27, 0.62, 0.75, 0.41, 0.64, 0.6, 0.29, 0.73, 0.51, 0.71, 0.48, 0.55, 0.75, 0.8, 0.54, 0.58, 0.6, 0.62, 0.36, 0.62, 1.0, 1.0, 0.82, 0.39, 0.41, 0.51, 0.65, 0.63, 0.25, 0.77, 0.69, 0.57, 0.7, 0.59, 0.24, 0.58, 0.53, 0.34, 0.41, 0.73, 0.22, 0.49, 0.5, 0.75, 0.23, 0.47, 0.83, 0.56, 0.53, 0.36, 0.63, 0.39, 0.33, 0.52, 0.73, 0.48, 0.68, 0.5, 0.55, 0.51, 0.5]"
443,1656369,0.301,0.167,440,2025-02-23 07:22:46.617856,"['32221', '32224', '32225', '32231', '32234', '32242', '32247', '32249', '32251', '32262', '32263', '32265', '32270', '32275', '32286']","[5692, 5256, 1316, 5065, 5460, 1098, 1942, 2664, 3706, 981, 3255, 342, 3675, 4520, 4184, 2640, 3406, 3500, 1268, 4396, 1932, 2843, 1117, 49, 2761, 1164, 2620, 2072, 5402, 4757, 4710, 2668, 835, 3310, 5594, 4257]","[0.4, 0.78, 0.74, 0.4, 0.85, 0.74, 0.32, 1.0, 0.29, 0.22, 1.0, 1.0, 0.36, 0.88, 0.59, 0.76, 0.19, 1.0, 0.77, 0.71, 0.75, 0.88, 0.26, 0.77, 0.71, 0.71, 0.68, 0.89, 1.0, 0.56, 0.8, 0.33, 0.7, 0.75, 0.64, 0.25, 0.86, 1.0, 0.28, 0.75, 0.8, 0.82, 0.8, 0.9, 0.8, 0.79, 0.85, 0.25, 0.75, 0.75, 0.31, 0.75, 0.67, 0.77, 0.05, 0.79, 0.25, 0.88, 0.06, 0.16, 0.45, 0.17, 0.7, 0.19, 0.7, 0.26, 0.79, 0.66, 0.8, 0.42, 0.78, 0.31, 0.75, 0.39, 0.68]"
444,691690,0.301,0.167,440,2025-02-23 07:22:46.736967,"['32221', '32225', '32228', '32242', '32243', '32245', '32247', '32249', '32251', '32261', '32263', '32270', '32274', '32275', '32286']","[4184, 5065, 342, 2664, 5460, 3500, 3474, 981, 5256, 2112, 4757, 1316, 2498, 1098, 114, 2494, 1611, 2761, 5692, 2367, 3706, 2843, 5594, 1932, 4412, 2281, 4000, 3151, 3255, 2756, 295, 4257, 1919, 1538, 49, 2640]","[0.45, 0.76, 0.73, 0.47, 0.84, 0.71, 0.31, 0.75, 0.33, 0.21, 0.61, 0.75, 0.37, 0.88, 0.75, 0.77, 0.19, 0.71, 0.78, 0.72, 0.59, 0.89, 0.27, 0.78, 0.69, 0.69, 0.63, 0.88, 1.0, 1.0, 0.78, 0.0, 0.7, 0.0, 0.67, 0.25, 0.85, 1.0, 0.29, 0.75, 0.79, 0.81, 0.79, 0.89, 0.82, 0.8, 0.85, 0.0, 0.62, 0.75, 0.32, 0.65, 0.72, 0.76, 0.05, 0.81, 0.75, 0.88, 0.05, 0.14, 0.5, 0.33, 0.67, 0.18, 0.72, 0.27, 0.78, 0.65, 0.8, 0.4, 0.77, 0.31, 0.5, 0.4, 0.67]"
445,327101,0.244,0.278,445,2025-02-23 07:22:46.983120,"['32214', '32218', '32221', '32226', '32231', '32234', '32247', '32251', '32253', '32263', '32264', '32265', '32266', '32286', '32288']","[5692, 391, 5256, 2761, 1164, 3474, 3406, 3310, 3255, 3263, 5744, 4184, 4396, 342, 295, 1316, 5460, 2943, 2668, 1268, 2640, 5402, 668, 1098, 4000, 2072, 4257, 5742, 5065, 3063, 3450, 734, 5123, 2620, 5290, 3593]","[0.0, 0.81, 0.75, 0.32, 0.75, 0.75, 0.32, 1.0, 0.26, 0.23, 0.58, 0.63, 0.75, 0.89, 0.59, 0.73, 0.19, 0.75, 0.77, 0.67, 0.75, 0.87, 0.26, 0.78, 0.73, 0.7, 0.71, 0.9, 0.43, 0.51, 0.79, 0.31, 0.69, 0.0, 0.58, 0.18, 0.86, 0.75, 0.28, 1.0, 0.8, 0.83, 0.81, 0.9, 0.78, 0.78, 0.86, 0.29, 0.59, 0.75, 0.0, 0.75, 0.75, 0.8, 0.05, 0.73, 0.44, 0.9, 0.09, 0.18, 0.41, 0.42, 0.7, 0.22, 0.66, 0.26, 0.79, 0.69, 0.8, 0.46, 0.76, 0.28, 0.5, 0.37, 0.25]"
446,202757,0.362,0.167,445,2025-02-23 07:22:47.101144,"['32215', '32218', '32222', '32224', '32226', '32236', '32240', '32244', '32249', '32253', '32264', '32266', '32274', '32281', '32288']","[3052, 4120, 2664, 1932, 4003, 4412, 2058, 4455, 3500, 3665, 4953, 3961, 5647, 1176, 3694, 4757, 1359, 2112, 5195, 1666, 5899, 1822, 4611, 4808, 4600, 4825, 2316, 3706, 145, 3285, 4368, 4062, 4942, 5844, 3720, 5238]","[0.65, 0.25, 0.71, 0.65, 1.0, 0.41, 0.23, 0.35, 0.75, 0.3, 0.75, 0.49, 0.0, 0.8, 0.42, 0.72, 0.31, 0.5, 0.77, 0.71, 0.41, 0.88, 0.0, 0.78, 0.42, 0.47, 0.25, 0.75, 0.69, 0.78, 0.0, 0.57, 0.48, 0.66, 0.71, 0.0, 0.75, 0.45, 0.38, 0.75, 0.65, 0.65, 0.61, 0.79, 0.88, 0.77, 0.72, 0.41, 0.41, 0.56, 0.75, 0.69, 1.0, 0.73, 0.06, 0.72, 0.72, 0.72, 0.1, 0.16, 0.83, 0.72, 0.5, 0.24, 0.74, 0.36, 0.61, 0.5, 0.76, 0.37, 0.65, 0.36, 0.57, 0.51, 0.5]"
447,67525,0.283,0.194,445,2025-02-23 07:22:47.228798,"['32221', '32234', '32240', '32242', '32243', '32246', '32251', '32262', '32263', '32264', '32265', '32283', '32286', '32287', '32288']","[3255, 3593, 342, 5692, 1164, 3474, 2668, 3063, 4184, 216, 5065, 5256, 295, 2761, 4725, 5460, 5313, 391, 3084, 4459, 1942, 1316, 2980, 3310, 5216, 1098, 2843, 668, 2943, 49, 3029, 806, 1538, 734, 1268, 5245]","[0.36, 0.82, 0.75, 0.32, 0.85, 0.76, 0.33, 0.75, 0.26, 0.23, 0.58, 0.63, 0.34, 0.9, 0.6, 0.74, 0.18, 0.7, 0.77, 0.67, 1.0, 0.87, 0.25, 0.78, 0.74, 0.71, 1.0, 0.9, 1.0, 0.75, 0.8, 0.3, 1.0, 0.38, 0.58, 0.17, 0.86, 0.25, 0.27, 0.77, 0.81, 0.83, 0.81, 0.91, 0.78, 0.78, 0.87, 0.28, 1.0, 0.75, 0.25, 0.25, 0.6, 0.8, 0.05, 0.73, 0.44, 0.91, 0.08, 0.18, 0.41, 0.42, 0.71, 0.22, 0.66, 0.26, 0.79, 0.7, 0.8, 0.75, 0.76, 0.28, 0.75, 0.0, 0.75]"
448,338413,0.325,0.361,445,2025-02-23 07:22:47.353149,"['32222', '32226', '32240', '32244', '32245', '32264', '32265', '32266', '32269', '32274', '32275', '32276', '32281', '32287', '32288']","[3052, 4003, 4226, 3720, 4033, 5888, 2263, 1553, 3285, 5758, 5760, 3158, 5098, 4120, 1374, 4825, 5195, 2948, 2586, 1359, 4954, 3266, 557, 2050, 990, 539, 3094, 3326, 4622, 2316, 3703, 712, 506, 3694, 4846, 4062]","[0.58, 0.51, 0.72, 0.58, 0.55, 0.38, 0.2, 0.32, 0.25, 0.41, 0.43, 0.45, 0.0, 0.76, 0.29, 0.65, 0.43, 0.37, 0.71, 0.65, 0.28, 0.81, 0.57, 0.75, 0.36, 0.43, 1.0, 0.71, 0.68, 0.76, 0.25, 1.0, 0.33, 0.72, 0.63, 0.49, 0.75, 0.39, 0.43, 0.52, 0.58, 0.56, 0.55, 0.72, 0.83, 0.66, 0.65, 0.58, 0.24, 0.6, 1.0, 0.75, 0.75, 0.72, 0.14, 1.0, 0.69, 0.64, 0.18, 0.3, 0.83, 1.0, 0.17, 0.32, 0.71, 0.42, 0.55, 0.5, 0.72, 0.41, 0.62, 0.4, 0.57, 0.75, 0.5]"
449,241534,0.351,0.083,445,2025-02-23 07:22:47.471356,"['32218', '32224', '32226', '32228', '32234', '32236', '32242', '32246', '32247', '32251', '32265', '32266', '32275', '32286', '32288']","[5541, 1316, 216, 2620, 835, 4000, 391, 3951, 3263, 5692, 3052, 4322, 3406, 2640, 2943, 3474, 5402, 1164, 5256, 2761, 2072, 1098, 3255, 386, 5460, 3063, 1268, 506, 3561, 2078, 5110, 2840, 4161, 2753, 2847, 5045]","[0.34, 0.78, 0.76, 0.3, 0.75, 0.72, 0.3, 0.46, 0.27, 0.29, 1.0, 0.6, 0.0, 0.88, 0.25, 0.69, 0.24, 0.61, 0.74, 0.63, 0.0, 0.83, 0.0, 0.77, 0.68, 0.67, 0.69, 0.88, 0.75, 0.51, 0.75, 0.38, 1.0, 0.0, 0.54, 0.23, 0.85, 1.0, 0.31, 0.71, 0.77, 0.79, 0.77, 0.88, 0.75, 0.72, 0.83, 0.38, 0.48, 0.52, 0.35, 0.25, 0.75, 0.79, 0.08, 0.64, 0.44, 0.87, 0.12, 0.26, 0.41, 0.17, 0.66, 0.26, 0.65, 0.3, 0.75, 0.66, 0.78, 0.47, 0.74, 0.3, 0.5, 0.41, 0.25]"
450,663379,0.383,0.167,450,2025-02-23 07:22:47.724097,"['32219', '32224', '32225', '32231', '32238', '32240', '32245', '32247', '32253', '32261', '32264', '32266', '32270', '32286', '32287']","[3052, 5195, 2840, 4033, 539, 506, 990, 1553, 4600, 4003, 2612, 835, 4322, 2050, 117, 2761, 4723, 3703, 2664, 238, 2943, 216, 637, 2753, 3094, 5758, 823, 712, 3285, 2505, 5541, 5888, 3951, 4975, 882, 2379]","[0.42, 0.63, 0.74, 0.42, 0.64, 0.75, 0.23, 0.36, 0.37, 0.39, 0.0, 0.25, 0.48, 0.79, 0.33, 0.66, 0.42, 1.0, 0.68, 0.62, 0.33, 0.78, 0.48, 0.74, 0.75, 0.55, 1.0, 0.79, 0.58, 0.62, 0.6, 1.0, 0.41, 1.0, 0.54, 0.42, 0.77, 0.43, 0.39, 0.75, 0.65, 0.66, 0.65, 0.8, 0.76, 0.62, 0.72, 1.0, 0.28, 0.57, 0.25, 0.39, 0.75, 0.75, 0.18, 0.53, 1.0, 0.77, 0.21, 0.39, 0.45, 0.59, 0.53, 0.33, 0.66, 0.39, 0.62, 0.53, 0.73, 0.44, 0.65, 0.41, 0.75, 0.5, 0.54]"
451,1274869,0.364,0.444,450,2025-02-23 07:22:47.841788,"['32214', '32222', '32229', '32248', '32252', '32253', '32254', '32255', '32257', '32259', '32260', '32271', '32274', '32284', '32285']","[2586, 3052, 882, 2744, 2338, 4226, 5658, 3383, 5385, 4338, 557, 4119, 5760, 3720, 5782, 1929, 4554, 3703, 5918, 5326, 4319, 930, 1761, 3326, 3885, 277, 5716, 1788, 3266, 4954, 2740, 5562, 1331, 5195, 4663, 4723]","[0.75, 0.41, 0.71, 0.54, 0.4, 0.36, 0.17, 0.26, 0.0, 0.55, 0.36, 0.4, 0.59, 0.65, 0.16, 1.0, 0.62, 0.23, 0.61, 0.58, 0.16, 0.71, 0.68, 0.7, 0.28, 0.37, 0.3, 0.63, 0.7, 0.74, 0.39, 0.75, 0.19, 0.79, 0.75, 0.67, 0.69, 0.33, 1.0, 0.0, 0.0, 0.0, 0.46, 0.75, 0.76, 0.0, 0.75, 0.76, 0.12, 0.64, 0.67, 0.35, 0.43, 0.7, 0.33, 0.36, 0.67, 1.0, 0.35, 0.56, 1.0, 0.75, 0.35, 0.41, 0.69, 0.53, 0.45, 0.39, 0.66, 0.42, 0.5, 0.75, 0.58, 0.62, 0.4]"
452,553761,0.293,0.194,450,2025-02-23 07:22:47.960827,"['32214', '32217', '32225', '32226', '32236', '32238', '32240', '32245', '32253', '32264', '32266', '32269', '32276', '32281', '32287']","[3052, 5195, 4003, 506, 4033, 539, 1553, 4600, 637, 4723, 3703, 4846, 4226, 786, 2943, 2840, 5760, 576, 3285, 3326, 117, 449, 2761, 3094, 882, 2620, 5541, 5758, 1359, 835, 3720, 2050, 2612, 4975, 2378, 5614]","[0.25, 0.59, 0.73, 0.25, 0.62, 0.54, 0.22, 0.35, 0.4, 0.39, 0.45, 0.75, 0.75, 0.77, 0.32, 0.66, 0.44, 0.41, 0.68, 0.63, 0.32, 0.79, 0.75, 0.74, 0.25, 0.51, 0.25, 0.76, 0.62, 0.66, 0.57, 0.75, 0.39, 0.65, 0.57, 0.45, 0.76, 0.43, 0.4, 0.75, 0.63, 0.63, 0.62, 0.78, 0.78, 0.63, 0.7, 0.57, 0.28, 0.57, 0.25, 0.43, 0.75, 0.74, 0.18, 0.75, 0.59, 0.73, 0.2, 0.38, 0.47, 0.63, 0.67, 0.32, 0.68, 0.41, 0.6, 0.5, 0.72, 0.43, 0.64, 0.42, 0.54, 0.5, 0.53]"
453,1088918,0.27,0.361,450,2025-02-23 07:22:48.081481,"['32214', '32221', '32228', '32231', '32242', '32243', '32247', '32248', '32253', '32262', '32263', '32264', '32265', '32275', '32283']","[5460, 342, 981, 2664, 3151, 5594, 2843, 4412, 2112, 4520, 5065, 1666, 2494, 3500, 49, 1538, 1919, 4322, 3255, 4757, 114, 5692, 1932, 2189, 111, 5121, 4184, 2498, 4161, 145, 5017, 1098, 3367, 4710, 3293, 2761]","[0.75, 0.74, 0.73, 0.53, 0.83, 0.67, 0.31, 0.75, 0.35, 0.19, 0.59, 0.61, 0.37, 0.87, 1.0, 0.78, 0.22, 1.0, 0.79, 0.73, 0.59, 0.9, 0.29, 0.79, 0.64, 0.66, 0.59, 0.85, 1.0, 1.0, 0.75, 0.34, 0.69, 0.25, 1.0, 0.2, 0.81, 0.56, 0.3, 0.75, 0.78, 0.82, 0.76, 0.89, 0.85, 0.81, 0.83, 0.26, 1.0, 0.75, 0.0, 0.25, 0.75, 0.77, 0.05, 0.8, 0.57, 0.88, 0.06, 0.12, 0.45, 0.67, 0.67, 0.19, 0.72, 0.28, 0.74, 0.61, 0.78, 0.75, 0.74, 0.32, 0.48, 0.43, 0.66]"
454,121276,0.407,0.278,450,2025-02-23 07:22:48.199924,"['32214', '32217', '32219', '32223', '32226', '32230', '32238', '32239', '32244', '32248', '32253', '32264', '32281', '32287', '32288']","[3052, 539, 3703, 5888, 4723, 557, 4226, 4003, 2948, 2050, 5195, 506, 4033, 2840, 3720, 2612, 882, 5782, 5614, 3094, 637, 4065, 5658, 823, 1466, 1553, 2586, 1359, 835, 5760, 3951, 3682, 2740, 2744, 388, 4663]","[0.0, 0.57, 0.73, 0.0, 0.55, 1.0, 0.21, 0.33, 0.38, 0.0, 0.41, 0.48, 0.0, 0.74, 0.25, 0.6, 1.0, 0.33, 0.63, 0.58, 0.25, 0.73, 0.56, 0.71, 0.0, 0.0, 0.48, 0.75, 0.59, 0.63, 0.75, 0.62, 0.31, 0.67, 1.0, 0.52, 0.76, 0.39, 0.43, 0.75, 0.6, 0.58, 0.59, 0.75, 0.72, 0.54, 0.67, 0.67, 0.19, 0.6, 1.0, 0.31, 0.4, 0.74, 0.27, 0.42, 0.55, 0.7, 0.3, 0.52, 0.46, 0.63, 0.47, 0.39, 0.65, 0.45, 0.57, 0.5, 0.7, 0.46, 0.62, 0.44, 0.55, 1.0, 0.25]"
455,961365,0.306,0.444,455,2025-02-23 07:22:48.444561,"['32218', '32219', '32226', '32236', '32239', '32245', '32248', '32249', '32270', '32273', '32279', '32280', '32281', '32283', '32288']","[3703, 882, 539, 557, 5782, 2612, 2744, 3052, 4723, 506, 3741, 2740, 4701, 2840, 5237, 5236, 117, 835, 637, 823, 5195, 825, 2378, 4226, 3383, 4535, 2499, 5658, 2586, 1396, 238, 838, 2753, 1553, 4732, 1706]","[0.32, 0.57, 0.76, 0.26, 1.0, 0.25, 0.2, 0.33, 0.32, 0.58, 0.33, 0.47, 0.25, 0.72, 0.17, 0.52, 0.55, 0.26, 0.57, 0.51, 0.17, 0.63, 1.0, 0.69, 0.4, 0.25, 0.51, 0.72, 0.53, 0.55, 0.52, 0.75, 0.22, 0.67, 0.25, 0.75, 0.81, 0.35, 0.46, 0.42, 0.58, 0.54, 0.59, 0.69, 0.62, 0.45, 0.65, 0.76, 0.13, 0.64, 0.62, 0.2, 0.22, 0.77, 0.39, 0.28, 0.0, 0.65, 0.4, 1.0, 0.4, 0.57, 0.41, 0.46, 0.6, 0.67, 0.67, 0.75, 0.69, 0.75, 0.64, 0.46, 0.58, 0.56, 0.75]"
456,81790,0.25,0.25,455,2025-02-23 07:22:48.564948,"['32214', '32217', '32226', '32231', '32234', '32242', '32244', '32247', '32248', '32263', '32265', '32275', '32276', '32286', '32287']","[2664, 5065, 5692, 3500, 2112, 2498, 4322, 2465, 4757, 2281, 3151, 5460, 4184, 3706, 1932, 2761, 1612, 2943, 1098, 1176, 2189, 2058, 3406, 3029, 342, 5248, 2843, 1316, 5647, 4033, 712, 4412, 981, 5238, 1666, 5654]","[0.75, 0.71, 0.74, 0.75, 0.79, 0.6, 0.29, 0.44, 0.4, 0.2, 0.58, 0.58, 0.75, 0.84, 0.61, 0.78, 0.19, 0.75, 0.79, 0.73, 0.75, 0.92, 0.3, 0.8, 0.6, 0.6, 0.49, 0.83, 1.0, 0.67, 1.0, 0.35, 0.67, 0.25, 1.0, 0.23, 0.83, 0.53, 0.3, 0.72, 0.77, 0.8, 0.74, 0.87, 0.86, 0.85, 0.82, 0.27, 0.63, 0.25, 0.36, 1.0, 0.77, 0.74, 0.04, 0.82, 0.62, 0.85, 0.06, 0.11, 0.47, 0.17, 0.67, 0.19, 0.71, 0.28, 0.77, 0.61, 0.78, 0.37, 0.74, 0.3, 0.5, 0.25, 0.64]"
457,289611,0.402,0.0,455,2025-02-23 07:22:48.681036,"['32214', '32218', '32219', '32226', '32230', '32239', '32248', '32252', '32254', '32256', '32260', '32270', '32274', '32279', '32283']","[3703, 3052, 539, 506, 5195, 5614, 2050, 216, 835, 2943, 5541, 4033, 1706, 2840, 2620, 449, 4003, 4723, 117, 3720, 882, 3561, 1331, 838, 2612, 3951, 2378, 4600, 4226, 4065, 3053, 2753, 576, 5658, 4846, 557]","[0.0, 0.64, 0.76, 0.3, 1.0, 1.0, 0.23, 0.38, 0.32, 0.44, 0.41, 0.52, 1.0, 0.78, 0.3, 0.61, 0.75, 0.4, 0.65, 0.57, 0.3, 0.74, 0.47, 0.72, 0.5, 0.25, 0.55, 0.77, 0.52, 0.55, 0.61, 0.52, 0.37, 0.59, 1.0, 0.47, 0.83, 0.41, 0.75, 0.54, 0.25, 0.65, 0.75, 0.77, 0.69, 0.59, 1.0, 0.6, 0.27, 0.59, 0.52, 0.32, 0.36, 0.77, 0.24, 0.45, 0.25, 0.75, 0.26, 0.48, 0.0, 0.54, 0.5, 0.36, 0.62, 0.67, 0.62, 0.57, 0.73, 0.0, 0.69, 0.4, 0.56, 0.51, 0.52]"
458,219154,0.399,0.389,455,2025-02-23 07:22:48.797941,"['32215', '32226', '32230', '32244', '32248', '32249', '32254', '32255', '32259', '32273', '32279', '32280', '32281', '32283', '32285']","[3703, 3052, 882, 557, 4226, 4723, 5195, 539, 3383, 4003, 4033, 506, 823, 5385, 2740, 2612, 5760, 2378, 637, 2744, 277, 5237, 2499, 2840, 838, 1072, 5782, 3720, 825, 2586, 3326, 3094, 4319, 5658, 117, 4701]","[0.44, 0.0, 0.74, 0.4, 0.45, 0.43, 0.19, 0.31, 0.42, 0.54, 0.34, 0.43, 0.75, 0.7, 0.18, 0.56, 0.75, 0.26, 0.61, 0.56, 0.18, 0.7, 0.61, 0.71, 0.32, 0.41, 0.39, 0.67, 0.62, 0.65, 0.75, 0.68, 0.21, 0.73, 0.25, 0.75, 0.77, 0.34, 0.47, 0.41, 1.0, 1.0, 0.54, 0.65, 0.7, 1.0, 0.6, 0.73, 0.15, 0.64, 0.65, 0.32, 0.34, 0.73, 0.32, 0.35, 0.57, 0.6, 0.34, 0.75, 0.45, 0.65, 0.37, 0.41, 0.64, 0.67, 0.33, 0.25, 0.68, 0.75, 0.61, 0.5, 0.59, 0.59, 0.42]"
459,1016221,0.333,0.028,455,2025-02-23 07:22:48.914841,"['32218', '32225', '32226', '32230', '32238', '32240', '32243', '32253', '32261', '32264', '32269', '32276', '32279', '32283', '32287']","[835, 5195, 216, 117, 3703, 3052, 539, 2840, 506, 5541, 4600, 2943, 4723, 2847, 4003, 2050, 5045, 4033, 2379, 1553, 3951, 3094, 1786, 2753, 2664, 5614, 712, 576, 5692, 391, 4322, 3720, 4065, 2761, 2612, 386]","[0.34, 0.68, 0.76, 0.29, 1.0, 0.64, 0.24, 0.4, 0.3, 0.41, 0.43, 0.0, 1.0, 0.8, 0.34, 0.63, 0.75, 0.44, 0.66, 0.58, 0.33, 0.76, 0.43, 0.73, 1.0, 0.58, 0.75, 0.8, 0.5, 0.75, 0.65, 0.47, 0.42, 0.55, 0.46, 0.41, 0.84, 0.43, 0.37, 1.0, 0.69, 0.7, 0.69, 0.8, 0.69, 0.63, 0.76, 1.0, 0.31, 0.57, 0.25, 0.33, 0.38, 0.78, 0.2, 0.25, 0.45, 0.79, 0.22, 0.44, 0.4, 0.51, 0.83, 0.34, 0.62, 0.0, 0.66, 0.6, 0.74, 0.0, 0.7, 0.38, 0.55, 0.75, 0.55]"
460,752064,0.361,0.25,460,2025-02-23 07:22:49.159897,"['32215', '32219', '32223', '32230', '32240', '32244', '32249', '32252', '32253', '32256', '32266', '32269', '32274', '32281', '32287']","[3052, 2586, 4226, 5760, 4119, 4003, 3158, 4846, 3326, 4319, 3720, 3703, 4953, 4954, 4663, 4455, 1868, 5195, 5758, 2547, 4600, 4033, 5918, 1553, 3900, 4062, 4120, 3266, 449, 1770, 2776, 823, 2316, 637, 4723, 930]","[0.62, 0.25, 0.69, 0.65, 0.45, 0.75, 0.2, 0.28, 0.55, 0.25, 0.42, 0.42, 0.56, 0.68, 0.24, 0.62, 1.0, 0.31, 0.67, 0.66, 0.22, 0.8, 0.62, 0.74, 0.28, 0.34, 0.0, 0.62, 0.77, 0.81, 0.0, 0.74, 0.26, 0.76, 0.66, 0.75, 0.7, 0.37, 0.75, 0.75, 0.56, 0.5, 0.75, 0.64, 0.84, 0.65, 0.56, 0.62, 0.21, 0.6, 0.66, 0.59, 1.0, 0.69, 0.18, 0.75, 0.74, 0.58, 0.19, 0.33, 0.0, 0.79, 0.37, 0.34, 0.76, 0.48, 0.49, 0.5, 0.7, 0.38, 0.56, 0.46, 0.55, 1.0, 0.41]"
461,745512,0.258,0.111,460,2025-02-23 07:22:49.278390,"['32221', '32223', '32225', '32226', '32228', '32238', '32247', '32248', '32251', '32253', '32263', '32265', '32266', '32270', '32287']","[734, 3255, 3063, 2072, 4725, 5256, 391, 1268, 216, 2668, 295, 3263, 1103, 3593, 4459, 1316, 3474, 2270, 1164, 5157, 2420, 835, 5763, 1787, 2293, 4322, 4184, 3376, 5742, 5812, 5848, 2761, 5075, 2753, 182, 4396]","[0.22, 0.83, 0.79, 0.19, 0.83, 0.84, 0.31, 1.0, 0.2, 0.25, 0.54, 0.75, 0.25, 0.88, 1.0, 0.69, 0.23, 0.65, 0.71, 0.6, 0.53, 0.8, 0.28, 0.74, 1.0, 0.75, 0.81, 0.9, 0.34, 0.4, 0.83, 0.32, 0.67, 0.0, 0.75, 0.22, 0.87, 1.0, 0.28, 0.25, 0.83, 0.82, 0.83, 0.9, 0.66, 0.72, 0.85, 0.36, 0.51, 1.0, 0.33, 0.0, 0.0, 0.83, 0.14, 0.59, 0.75, 0.92, 0.15, 0.3, 0.38, 0.32, 0.73, 0.29, 0.62, 0.25, 0.81, 0.72, 0.82, 0.5, 0.75, 0.27, 0.46, 0.0, 0.68]"
462,1396964,0.274,0.083,460,2025-02-23 07:22:49.396377,"['32214', '32224', '32231', '32236', '32238', '32240', '32242', '32245', '32246', '32253', '32264', '32265', '32266', '32270', '32286']","[3052, 3285, 2761, 4455, 4322, 4033, 5460, 2664, 712, 3500, 3749, 4520, 1176, 2050, 4003, 990, 1098, 2840, 1316, 2640, 5692, 2943, 2112, 1251, 3706, 5541, 4825, 5647, 3596, 5065, 506, 5195, 539, 1359, 2058, 216]","[0.0, 0.68, 0.74, 0.47, 0.72, 0.6, 0.27, 0.41, 0.37, 0.3, 1.0, 0.56, 0.43, 0.82, 0.47, 0.71, 0.3, 1.0, 0.73, 0.67, 0.44, 0.85, 0.25, 0.77, 1.0, 0.58, 1.0, 0.81, 1.0, 0.67, 0.68, 1.0, 0.25, 0.53, 0.64, 0.34, 0.8, 0.48, 0.35, 1.0, 0.75, 0.73, 0.7, 0.82, 0.82, 0.76, 0.77, 0.39, 0.45, 0.52, 1.0, 1.0, 0.75, 0.76, 0.1, 0.67, 1.0, 0.83, 0.11, 0.21, 0.46, 0.58, 0.59, 0.25, 0.73, 0.33, 0.7, 0.59, 0.78, 0.41, 0.68, 0.34, 0.75, 0.46, 0.58]"
463,1000352,0.329,0.167,460,2025-02-23 07:22:49.513674,"['32218', '32222', '32224', '32226', '32236', '32238', '32240', '32249', '32253', '32266', '32274', '32276', '32281', '32287', '32288']","[3052, 2943, 2664, 5541, 4322, 4455, 5195, 2840, 2058, 712, 2838, 4412, 576, 114, 3500, 3706, 4062, 5460, 4757, 2620, 4600, 216, 1359, 786, 2112, 2761, 4520, 2640, 1098, 4003, 3285, 5238, 2281, 1553, 2050, 835]","[0.48, 0.68, 0.73, 0.48, 0.75, 0.59, 0.27, 0.41, 0.25, 0.29, 1.0, 0.56, 0.25, 0.82, 0.47, 0.71, 0.3, 0.56, 0.73, 0.67, 0.45, 0.85, 0.25, 0.77, 1.0, 0.57, 0.25, 0.81, 0.6, 0.67, 0.68, 0.48, 0.54, 0.53, 0.65, 0.75, 0.79, 0.49, 0.35, 0.75, 0.74, 0.72, 0.7, 0.82, 0.82, 0.76, 0.76, 0.38, 0.45, 0.52, 0.44, 0.59, 1.0, 0.76, 0.1, 0.68, 0.58, 0.82, 0.11, 0.21, 0.83, 0.59, 0.83, 0.25, 0.73, 0.33, 0.69, 0.5, 0.77, 0.41, 0.68, 0.34, 0.5, 0.5, 0.25]"
464,422479,0.358,0.222,460,2025-02-23 07:22:49.627058,"['32215', '32218', '32230', '32240', '32252', '32253', '32255', '32256', '32266', '32269', '32274', '32279', '32280', '32281', '32285']","[3052, 4226, 4003, 5760, 3720, 3326, 4119, 4846, 2586, 3158, 4319, 4033, 930, 5195, 4120, 4953, 1553, 2547, 557, 4954, 3703, 4600, 2316, 2948, 1359, 1868, 4663, 3266, 5555, 5385, 5888, 4455, 5918, 1822, 4062, 814]","[0.63, 0.25, 0.69, 0.66, 0.25, 0.3, 0.2, 0.28, 0.56, 0.44, 0.43, 0.42, 0.56, 0.69, 0.24, 0.62, 0.75, 0.32, 0.67, 0.66, 0.23, 0.8, 0.62, 0.74, 0.28, 0.34, 0.0, 0.62, 0.77, 0.81, 0.42, 0.73, 0.26, 0.76, 0.67, 0.62, 0.7, 0.37, 1.0, 1.0, 0.56, 0.75, 1.0, 0.64, 0.84, 0.65, 0.57, 0.61, 0.22, 0.6, 0.66, 0.6, 0.75, 0.69, 0.18, 0.75, 0.74, 0.58, 0.19, 0.32, 1.0, 0.79, 0.37, 0.33, 0.76, 0.33, 0.33, 0.25, 0.7, 0.38, 0.56, 0.75, 0.55, 0.6, 0.41]"
465,372352,0.315,0.417,465,2025-02-23 07:22:49.886008,"['32215', '32219', '32225', '32226', '32230', '32236', '32239', '32248', '32249', '32265', '32266', '32280', '32281', '32286', '32287']","[3052, 4455, 712, 2664, 5195, 4322, 2050, 3500, 1359, 4003, 4062, 2840, 506, 2761, 2943, 576, 4033, 2058, 990, 4846, 5758, 449, 539, 3720, 3285, 637, 2948, 5614, 4622, 2505, 4345, 3326, 1176, 5647, 4975, 4600]","[0.53, 0.75, 0.72, 0.52, 0.65, 0.75, 0.23, 0.38, 0.42, 0.34, 0.46, 0.0, 0.25, 0.79, 0.35, 0.67, 0.0, 0.47, 0.7, 0.66, 0.36, 0.83, 0.25, 0.74, 0.45, 0.0, 0.45, 0.77, 0.63, 0.71, 0.62, 0.55, 0.43, 0.61, 0.75, 1.0, 0.78, 0.43, 0.39, 0.57, 0.65, 0.61, 0.65, 0.79, 0.82, 0.7, 0.7, 0.47, 0.38, 0.56, 0.51, 0.75, 0.75, 0.73, 0.14, 0.65, 0.61, 0.74, 0.14, 0.26, 0.48, 0.65, 0.51, 0.26, 0.75, 0.39, 0.67, 0.5, 0.75, 0.42, 0.66, 0.38, 0.5, 0.25, 0.51]"
466,1148862,0.191,0.333,465,2025-02-23 07:22:50.004620,"['32219', '32221', '32224', '32226', '32234', '32239', '32243', '32248', '32251', '32261', '32265', '32266', '32275', '32286', '32288']","[1164, 5256, 3063, 4396, 391, 2072, 3593, 3310, 1268, 5692, 2668, 3255, 3406, 734, 3188, 133, 806, 5402, 5744, 4459, 5742, 1787, 5290, 668, 3273, 535, 2253, 440, 214, 3113, 5245, 598, 756, 1117, 2640, 4807]","[0.28, 0.85, 0.77, 0.24, 0.87, 1.0, 0.35, 1.0, 0.19, 0.23, 0.75, 0.66, 0.75, 0.91, 0.63, 0.74, 0.17, 0.74, 0.74, 0.64, 1.0, 0.85, 0.22, 0.77, 0.79, 0.75, 0.82, 0.92, 0.37, 0.0, 0.87, 0.27, 0.73, 0.32, 0.75, 0.17, 0.88, 0.75, 0.26, 0.77, 0.83, 0.82, 0.84, 0.93, 0.74, 0.77, 0.88, 0.0, 0.63, 0.46, 0.26, 0.25, 0.75, 0.82, 0.09, 0.75, 0.33, 0.93, 0.09, 0.19, 0.38, 0.17, 0.76, 0.22, 0.67, 0.23, 0.83, 0.73, 0.82, 0.47, 0.78, 0.25, 0.5, 0.31, 0.5]"
467,702190,0.338,0.167,465,2025-02-23 07:22:50.122785,"['32225', '32226', '32236', '32239', '32244', '32248', '32249', '32253', '32261', '32264', '32269', '32276', '32286', '32287', '32288']","[4033, 3052, 4003, 3285, 2943, 5195, 539, 2620, 216, 5541, 2050, 506, 1359, 4299, 5614, 2664, 990, 4322, 2058, 1176, 4846, 712, 4455, 3500, 2378, 5675, 2761, 1786, 4539, 4600, 4723, 576, 4520, 449, 1531, 637]","[0.48, 0.64, 0.73, 0.46, 0.7, 0.56, 0.25, 0.41, 0.37, 0.33, 0.48, 0.75, 0.75, 0.82, 0.38, 0.68, 0.34, 0.51, 0.71, 0.65, 0.39, 0.83, 0.25, 0.75, 0.51, 0.75, 0.52, 0.8, 0.59, 0.66, 0.75, 0.5, 0.47, 0.57, 1.0, 1.0, 0.8, 0.45, 0.37, 0.75, 0.68, 0.65, 0.68, 0.82, 0.8, 0.7, 0.74, 0.0, 0.41, 0.54, 0.75, 0.53, 0.59, 0.74, 0.14, 0.75, 0.56, 0.78, 0.14, 0.26, 0.46, 0.6, 0.83, 0.26, 0.74, 0.36, 0.67, 0.54, 0.76, 0.43, 0.68, 0.36, 0.5, 0.5, 0.5]"
468,757649,0.359,0.361,465,2025-02-23 07:22:50.245639,"['32224', '32226', '32238', '32239', '32243', '32245', '32247', '32248', '32259', '32264', '32266', '32269', '32273', '32286', '32288']","[539, 835, 2840, 216, 506, 2612, 117, 882, 3703, 2753, 4723, 4033, 3951, 5195, 3052, 637, 238, 5658, 5541, 5614, 1396, 5168, 4322, 4571, 889, 2050, 4701, 557, 4488, 823, 3561, 2943, 4065, 5782, 4442, 2060]","[0.23, 0.69, 0.77, 0.19, 0.66, 0.71, 0.23, 0.42, 0.23, 0.46, 0.0, 0.53, 0.25, 0.84, 0.26, 0.58, 0.43, 0.42, 0.6, 0.53, 0.27, 0.67, 0.44, 0.7, 1.0, 1.0, 0.71, 0.84, 0.41, 0.0, 0.72, 1.0, 0.38, 1.0, 1.0, 0.45, 0.85, 0.41, 0.38, 0.56, 0.68, 0.6, 0.69, 0.83, 0.61, 0.75, 0.73, 0.61, 0.25, 0.55, 0.0, 0.2, 0.0, 0.79, 0.32, 0.25, 0.35, 0.8, 0.33, 1.0, 0.4, 0.43, 0.58, 0.39, 0.61, 0.39, 0.67, 0.59, 0.77, 0.53, 0.69, 0.37, 0.5, 0.4, 0.75]"
469,171582,0.335,0.278,465,2025-02-23 07:22:50.364157,"['32214', '32227', '32229', '32239', '32241', '32248', '32257', '32259', '32265', '32266', '32269', '32272', '32280', '32284', '32285']","[2910, 2586, 2609, 4319, 2547, 2338, 3998, 5385, 5771, 525, 1569, 715, 4780, 5521, 4988, 5326, 1770, 5915, 5562, 1533, 4927, 2693, 4312, 3089, 4119, 2879, 374, 1596, 2482, 3244, 930, 5114, 1204, 5655, 1868, 1012]","[1.0, 0.21, 0.66, 0.78, 0.23, 0.12, 0.12, 0.2, 0.7, 0.58, 0.27, 0.28, 0.69, 1.0, 0.08, 0.25, 0.74, 0.13, 0.61, 0.64, 0.1, 0.74, 0.79, 0.7, 0.1, 0.0, 0.1, 0.0, 0.85, 0.9, 0.22, 0.87, 0.09, 0.89, 1.0, 0.83, 0.58, 0.26, 0.59, 0.26, 0.34, 0.25, 0.3, 0.0, 0.85, 0.0, 0.33, 0.81, 0.09, 0.69, 0.83, 1.0, 0.75, 0.58, 0.34, 0.0, 0.85, 0.29, 0.25, 0.48, 0.59, 0.9, 0.2, 0.38, 0.81, 0.64, 0.5, 0.23, 0.63, 0.39, 0.25, 0.75, 0.6, 0.71, 0.24]"
470,314951,0.373,0.139,470,2025-02-23 07:22:50.606982,"['32219', '32224', '32231', '32236', '32239', '32242', '32243', '32245', '32248', '32249', '32251', '32281', '32283', '32286', '32287']","[2840, 5256, 216, 1164, 391, 5402, 2072, 2420, 734, 2640, 5541, 3406, 835, 539, 1268, 1316, 4396, 3063, 3263, 4161, 2620, 1787, 668, 1942, 712, 2761, 5692, 5535, 1098, 3255, 3951, 3285, 2668, 5045, 3593, 5744]","[0.26, 0.8, 0.76, 0.23, 0.79, 1.0, 0.3, 0.49, 0.21, 0.31, 1.0, 0.63, 0.4, 0.88, 0.49, 0.67, 0.23, 1.0, 0.69, 0.62, 0.5, 0.8, 0.0, 0.75, 0.74, 1.0, 0.74, 0.88, 0.0, 0.0, 0.8, 0.75, 0.62, 0.36, 0.75, 0.75, 0.87, 1.0, 0.28, 0.71, 0.79, 0.76, 0.8, 0.9, 0.67, 0.69, 0.85, 0.4, 0.52, 0.5, 0.32, 0.35, 0.44, 0.8, 0.13, 0.63, 0.36, 0.89, 0.17, 0.32, 0.39, 0.38, 0.7, 0.28, 0.62, 0.3, 0.79, 0.75, 0.77, 0.75, 0.76, 0.29, 1.0, 1.0, 0.63]"
471,63972,0.257,0.25,470,2025-02-23 07:22:50.726083,"['32219', '32225', '32226', '32240', '32242', '32248', '32249', '32261', '32264', '32269', '32270', '32273', '32283', '32287', '32288']","[3052, 539, 4033, 4003, 5195, 506, 2840, 216, 2050, 712, 1553, 117, 4723, 3703, 2943, 4600, 835, 3720, 4322, 2612, 3285, 1359, 1176, 637, 2664, 5541, 3500, 2948, 5758, 2761, 4065, 3951, 5888, 990, 5658, 3094]","[0.41, 0.63, 0.73, 0.4, 0.64, 0.75, 0.24, 0.38, 0.35, 0.38, 0.47, 0.75, 0.25, 0.8, 0.33, 0.64, 0.36, 0.45, 0.67, 0.63, 0.34, 0.8, 0.47, 0.74, 0.52, 0.56, 1.0, 0.77, 0.75, 0.63, 0.64, 0.56, 0.43, 0.57, 0.75, 0.25, 0.81, 0.44, 0.37, 0.58, 0.67, 0.63, 0.67, 0.8, 0.74, 0.64, 0.74, 1.0, 0.35, 0.57, 0.75, 0.44, 0.49, 0.75, 0.15, 0.25, 0.75, 0.76, 0.19, 0.0, 0.45, 0.6, 0.51, 0.31, 0.68, 0.38, 0.65, 0.57, 0.71, 0.25, 0.68, 0.37, 0.53, 0.5, 0.5]"
472,134811,0.383,0.056,470,2025-02-23 07:22:50.845116,"['32215', '32217', '32219', '32225', '32226', '32236', '32244', '32249', '32253', '32255', '32256', '32264', '32274', '32281', '32288']","[3052, 5195, 4003, 4033, 539, 4600, 506, 3703, 835, 2050, 786, 2948, 3720, 4226, 1359, 712, 216, 4723, 2761, 5899, 2378, 576, 990, 2943, 5614, 1553, 637, 4622, 3094, 117, 4455, 1176, 4539, 4701, 1786, 3729]","[0.41, 0.25, 0.73, 0.0, 0.63, 0.0, 0.24, 0.37, 0.36, 0.4, 0.46, 0.75, 0.75, 0.8, 0.32, 0.63, 0.37, 0.44, 0.66, 0.62, 0.33, 0.79, 0.25, 0.74, 0.51, 0.55, 0.48, 0.77, 0.57, 0.63, 1.0, 0.57, 0.41, 0.58, 0.53, 0.25, 0.81, 0.43, 0.38, 0.75, 0.67, 0.75, 0.75, 0.79, 0.73, 0.63, 0.73, 0.55, 0.33, 0.57, 0.75, 0.43, 0.48, 0.75, 0.18, 0.55, 0.54, 0.75, 0.21, 0.38, 0.17, 0.6, 0.5, 0.32, 0.68, 0.39, 0.64, 0.25, 0.71, 0.49, 0.67, 0.37, 0.53, 0.5, 0.5]"
473,1092490,0.398,0.25,470,2025-02-23 07:22:50.961906,"['32214', '32218', '32219', '32223', '32230', '32252', '32254', '32255', '32256', '32259', '32274', '32279', '32280', '32281', '32283']","[3703, 882, 2740, 825, 4226, 4003, 557, 3052, 5658, 5195, 3308, 4701, 5385, 539, 637, 2586, 2744, 5782, 2840, 117, 4723, 2378, 2839, 3094, 506, 2096, 1553, 4033, 2612, 3326, 5760, 823, 2499, 238, 3720, 835]","[0.25, 0.49, 0.73, 0.38, 0.0, 0.25, 0.2, 0.3, 0.4, 1.0, 0.37, 0.43, 0.59, 0.71, 0.17, 0.54, 1.0, 0.28, 0.58, 0.56, 0.19, 0.69, 0.62, 0.7, 0.36, 0.44, 0.39, 0.68, 0.62, 0.67, 0.49, 0.72, 0.23, 0.69, 0.45, 0.63, 0.77, 0.34, 0.25, 0.43, 1.0, 0.75, 1.0, 0.68, 0.68, 0.25, 0.61, 0.75, 0.17, 0.63, 0.64, 0.31, 0.34, 0.72, 0.33, 0.37, 0.55, 0.6, 0.37, 0.58, 1.0, 0.69, 0.38, 0.42, 0.66, 0.17, 1.0, 0.0, 0.66, 0.5, 0.61, 0.44, 0.56, 0.57, 0.39]"
474,1084938,0.322,0.194,470,2025-02-23 07:22:51.083509,"['32219', '32228', '32236', '32239', '32245', '32246', '32247', '32251', '32253', '32255', '32265', '32275', '32276', '32281', '32287']","[3052, 2761, 2943, 5541, 4033, 3263, 1359, 786, 576, 4322, 5195, 712, 506, 2058, 2664, 216, 857, 4455, 4003, 2840, 4520, 1176, 5692, 4539, 1553, 211, 2281, 1098, 4062, 1932, 4757, 3720, 5647, 3500, 4030, 342]","[0.46, 0.68, 0.73, 0.46, 0.73, 0.25, 0.27, 0.41, 0.35, 0.29, 0.53, 0.56, 0.45, 0.84, 0.25, 0.69, 0.27, 0.56, 0.72, 0.67, 0.45, 0.85, 0.0, 0.77, 0.59, 0.25, 0.52, 0.8, 0.56, 0.64, 0.7, 0.75, 1.0, 0.0, 0.61, 0.32, 0.83, 0.25, 0.33, 1.0, 0.73, 0.75, 0.72, 0.84, 0.78, 0.72, 0.79, 0.4, 0.48, 0.53, 0.41, 0.75, 0.61, 0.75, 0.09, 0.69, 0.56, 0.82, 0.12, 0.23, 0.45, 0.83, 0.83, 0.25, 0.7, 0.33, 0.71, 0.75, 0.74, 0.46, 0.71, 0.33, 0.52, 0.25, 0.57]"
475,1209007,0.32,0.417,475,2025-02-23 07:22:51.330886,"['32218', '32219', '32224', '32226', '32231', '32239', '32240', '32246', '32247', '32264', '32270', '32276', '32283', '32287', '32288']","[3052, 1359, 3500, 2664, 5647, 4539, 5195, 2112, 2058, 1822, 1553, 4412, 576, 5238, 4062, 3706, 4600, 2943, 4322, 4975, 1612, 5003, 4033, 5593, 3367, 4808, 3720, 4455, 331, 2505, 1176, 1932, 5654, 2232, 857, 5844]","[0.57, 0.58, 0.71, 0.58, 1.0, 0.25, 0.26, 0.37, 0.46, 0.31, 0.0, 0.51, 0.25, 0.79, 0.44, 0.7, 0.32, 1.0, 0.74, 0.7, 0.38, 0.85, 0.46, 0.77, 0.45, 0.0, 0.0, 0.76, 0.66, 0.75, 0.61, 0.54, 1.0, 0.75, 0.68, 0.37, 0.78, 0.47, 0.38, 0.61, 0.66, 0.66, 0.64, 0.77, 0.84, 0.74, 0.75, 0.41, 0.42, 0.55, 0.25, 0.65, 0.69, 0.73, 0.1, 0.7, 1.0, 0.74, 0.09, 0.21, 0.49, 0.66, 0.83, 0.26, 0.74, 0.34, 0.65, 0.51, 0.76, 0.5, 0.62, 0.41, 0.54, 0.5, 0.5]"
476,544898,0.384,0.167,475,2025-02-23 07:22:51.444744,"['32214', '32218', '32225', '32226', '32236', '32240', '32246', '32248', '32249', '32261', '32269', '32270', '32274', '32283', '32287']","[3052, 5195, 4226, 4003, 4033, 3285, 4723, 506, 5760, 1553, 1359, 539, 4600, 4539, 5888, 3703, 5899, 3720, 637, 2948, 4808, 4953, 1176, 2586, 3094, 5567, 3749, 5098, 3500, 2761, 990, 449, 2664, 480, 2316, 5918]","[1.0, 0.52, 0.71, 0.54, 1.0, 0.41, 0.22, 0.33, 0.47, 0.41, 0.43, 0.75, 0.75, 0.74, 0.31, 0.64, 0.43, 0.4, 0.68, 0.66, 0.25, 0.79, 1.0, 0.74, 0.38, 0.43, 1.0, 0.71, 0.67, 0.74, 0.52, 0.64, 0.0, 0.66, 0.75, 0.25, 0.76, 0.4, 0.43, 0.51, 0.6, 0.57, 0.57, 0.7, 0.8, 0.65, 0.68, 1.0, 0.27, 0.59, 0.59, 0.54, 0.57, 0.72, 0.17, 1.0, 1.0, 0.65, 0.15, 0.33, 0.5, 0.67, 0.43, 0.33, 0.71, 0.41, 0.58, 0.46, 0.74, 0.5, 0.58, 0.45, 0.57, 1.0, 0.45]"
477,1588781,0.362,0.028,475,2025-02-23 07:22:51.559191,"['32214', '32215', '32217', '32218', '32222', '32225', '32226', '32230', '32244', '32249', '32253', '32255', '32273', '32274', '32283']","[3052, 5760, 5195, 4033, 4600, 4119, 3703, 3720, 2586, 3326, 4226, 4846, 4003, 4954, 5098, 882, 1553, 539, 4953, 4062, 2050, 4622, 2378, 637, 3285, 1359, 3158, 2948, 4723, 506, 4663, 2551, 990, 5918, 3266, 4539]","[0.75, 0.75, 0.71, 0.75, 0.25, 0.39, 0.22, 0.32, 0.0, 0.42, 0.42, 0.25, 0.75, 0.73, 0.29, 0.63, 0.25, 0.39, 0.68, 0.66, 0.24, 0.79, 0.58, 0.74, 0.35, 0.41, 0.33, 0.69, 0.69, 0.76, 0.25, 0.66, 0.34, 0.68, 0.62, 1.0, 0.75, 0.39, 0.44, 0.75, 0.58, 0.75, 0.55, 0.69, 0.81, 0.64, 0.66, 0.57, 0.26, 0.59, 0.6, 0.55, 0.57, 0.71, 0.18, 0.55, 0.67, 0.63, 0.16, 0.0, 0.17, 0.69, 0.41, 0.34, 0.72, 0.42, 0.56, 0.44, 0.73, 0.5, 0.56, 0.46, 0.58, 0.56, 0.43]"
478,1063003,0.304,0.056,475,2025-02-23 07:22:51.677928,"['32221', '32224', '32226', '32228', '32231', '32243', '32251', '32261', '32262', '32263', '32264', '32265', '32283', '32286', '32287']","[835, 539, 117, 2840, 506, 2612, 889, 216, 5483, 3052, 3703, 5614, 2753, 3561, 4065, 637, 5658, 734, 882, 3951, 4723, 5541, 3263, 5195, 4322, 2050, 2420, 4796, 346, 2187, 391, 1273, 3574, 3406, 2943, 712]","[0.25, 0.71, 0.76, 0.22, 0.66, 0.7, 0.25, 0.0, 0.25, 0.45, 1.0, 0.57, 0.25, 0.82, 0.25, 0.59, 0.39, 0.0, 0.62, 0.56, 0.26, 0.69, 0.46, 0.71, 0.61, 0.58, 0.67, 0.84, 0.42, 0.0, 0.7, 0.51, 0.43, 0.47, 0.39, 0.39, 0.84, 1.0, 0.35, 0.55, 0.71, 0.67, 0.68, 0.8, 0.61, 0.55, 0.76, 1.0, 0.25, 0.25, 0.0, 0.0, 0.27, 0.78, 0.3, 0.43, 0.36, 0.81, 0.25, 0.53, 0.4, 0.4, 0.57, 0.4, 0.58, 0.39, 0.7, 0.6, 0.76, 0.5, 0.66, 0.38, 0.5, 0.0, 0.56]"
479,1101996,0.346,0.25,475,2025-02-23 07:22:51.800303,"['32217', '32218', '32222', '32226', '32230', '32259', '32265', '32269', '32271', '32274', '32279', '32280', '32283', '32284', '32285']","[4226, 2586, 5385, 3052, 5760, 4319, 3720, 930, 557, 4003, 2338, 5918, 2547, 3885, 2910, 3158, 4119, 3326, 277, 525, 4953, 2609, 1868, 3703, 882, 4033, 1533, 1770, 2744, 4846, 3139, 4954, 3998, 5195, 3266, 5326]","[0.63, 0.37, 0.7, 0.75, 0.0, 0.25, 0.18, 0.25, 0.75, 0.51, 0.36, 0.38, 0.75, 0.64, 0.19, 0.58, 1.0, 0.27, 0.64, 0.65, 0.14, 0.75, 0.7, 0.72, 0.22, 0.3, 0.21, 0.58, 0.77, 0.83, 0.35, 0.78, 0.21, 0.79, 0.63, 0.68, 0.69, 0.32, 0.52, 0.38, 0.47, 0.41, 0.43, 0.56, 0.82, 0.75, 0.55, 0.69, 0.16, 0.64, 0.72, 1.0, 0.55, 0.68, 0.24, 0.25, 0.75, 0.75, 0.22, 0.41, 0.83, 0.79, 0.3, 0.38, 0.73, 0.67, 0.5, 0.35, 0.69, 0.5, 0.75, 0.25, 0.62, 0.63, 0.33]"
480,431110,0.259,0.194,480,2025-02-23 07:22:52.064807,"['32224', '32239', '32240', '32242', '32243', '32248', '32251', '32261', '32262', '32263', '32266', '32276', '32283', '32286', '32287']","[3052, 4033, 4003, 5541, 2943, 5195, 3285, 216, 2050, 4322, 506, 539, 712, 4600, 2664, 5758, 5614, 2840, 4975, 3263, 2761, 3406, 576, 1786, 3720, 3951, 4062, 3703, 1176, 449, 637, 4622, 5700, 3106, 2620, 1553]","[0.4, 0.7, 0.75, 0.42, 0.7, 0.61, 0.25, 0.39, 0.34, 0.37, 0.25, 0.56, 0.45, 0.83, 0.41, 0.67, 0.33, 0.52, 0.71, 0.65, 0.39, 0.82, 0.4, 0.75, 0.55, 0.75, 0.75, 0.8, 0.0, 0.75, 0.66, 0.49, 0.5, 0.54, 0.75, 0.36, 0.81, 0.25, 0.36, 0.63, 0.71, 0.68, 0.7, 0.82, 0.78, 0.68, 0.76, 0.25, 0.0, 0.75, 0.44, 0.47, 1.0, 0.74, 0.14, 0.62, 0.54, 0.79, 0.15, 0.3, 0.43, 0.54, 1.0, 0.28, 0.69, 0.37, 0.69, 0.56, 0.75, 0.25, 0.71, 0.38, 0.75, 0.5, 0.58]"
481,38524,0.266,0.417,480,2025-02-23 07:22:52.181699,"['32218', '32223', '32239', '32240', '32241', '32254', '32255', '32259', '32260', '32265', '32269', '32271', '32274', '32279', '32285']","[4319, 3158, 4226, 930, 3052, 374, 3720, 5760, 4954, 1770, 3998, 4119, 2547, 1533, 2609, 5385, 3326, 2586, 4988, 4003, 4953, 1868, 4338, 4846, 5555, 3244, 5098, 525, 5323, 701, 3266, 5899, 5673, 2776, 5675, 4780]","[0.69, 0.38, 0.67, 0.76, 0.0, 0.21, 0.18, 0.25, 0.63, 0.0, 0.41, 0.38, 0.61, 0.67, 0.2, 0.63, 0.53, 0.29, 0.68, 0.69, 0.2, 0.84, 0.66, 0.73, 0.2, 0.75, 0.0, 0.75, 0.81, 0.86, 0.33, 0.77, 0.25, 0.82, 0.67, 0.64, 0.65, 0.35, 0.53, 0.43, 0.25, 0.0, 0.44, 0.57, 0.87, 1.0, 0.75, 0.67, 0.2, 0.62, 0.68, 1.0, 0.66, 0.63, 0.17, 0.75, 0.82, 0.0, 0.18, 0.31, 0.83, 0.84, 0.25, 0.3, 0.77, 0.83, 0.43, 0.35, 0.67, 0.38, 0.56, 0.5, 0.61, 0.66, 0.4]"
482,1198133,0.322,0.25,480,2025-02-23 07:22:52.313556,"['32214', '32215', '32218', '32222', '32230', '32239', '32252', '32254', '32256', '32260', '32271', '32274', '32279', '32280', '32285']","[4226, 3052, 2586, 5760, 930, 5385, 4319, 4119, 2547, 3720, 557, 3703, 525, 4003, 2338, 5655, 1769, 4033, 277, 5918, 3885, 3998, 1868, 3326, 1553, 5195, 1596, 4953, 3158, 2609, 882, 1533, 2656, 4846, 2948, 4988]","[1.0, 0.0, 0.69, 0.67, 0.0, 0.24, 0.17, 0.25, 0.75, 0.53, 0.38, 0.38, 0.61, 0.66, 0.17, 0.58, 0.75, 0.26, 0.64, 0.65, 0.17, 0.77, 0.68, 0.71, 0.21, 0.25, 0.2, 0.56, 0.77, 0.81, 0.34, 0.78, 0.22, 0.81, 0.59, 0.68, 0.67, 0.33, 0.25, 0.4, 0.75, 0.42, 0.75, 0.57, 0.82, 0.54, 0.75, 0.72, 0.16, 0.63, 0.69, 0.52, 0.52, 0.65, 0.26, 0.48, 0.76, 0.25, 0.27, 0.44, 0.67, 0.81, 0.26, 0.36, 0.74, 0.67, 0.67, 0.36, 0.66, 0.42, 0.57, 0.25, 0.6, 0.65, 0.39]"
483,1055518,0.279,0.167,480,2025-02-23 07:22:52.438662,"['32224', '32231', '32238', '32239', '32240', '32246', '32247', '32251', '32261', '32263', '32269', '32273', '32276', '32283', '32286']","[216, 835, 539, 2840, 117, 506, 734, 3951, 712, 1268, 2050, 1942, 2620, 2943, 2640, 5256, 3255, 5541, 391, 5692, 4322, 3052, 3561, 5195, 2612, 5535, 5614, 5216, 1786, 5045, 990, 3285, 2664, 1164, 4033, 1098]","[0.26, 0.78, 0.78, 0.24, 0.75, 0.75, 0.27, 0.43, 0.23, 0.38, 0.75, 0.62, 0.4, 0.86, 0.42, 0.65, 0.3, 1.0, 0.68, 0.6, 0.4, 0.78, 0.34, 0.74, 0.75, 0.75, 1.0, 0.86, 0.42, 0.45, 0.75, 0.43, 0.0, 0.75, 0.44, 0.32, 0.85, 0.75, 0.32, 0.67, 0.76, 0.72, 0.76, 0.87, 0.68, 0.64, 0.81, 0.0, 0.41, 0.75, 0.39, 0.31, 0.39, 0.78, 0.18, 0.0, 0.38, 0.85, 0.18, 0.25, 0.38, 0.4, 0.83, 0.31, 0.64, 0.35, 0.75, 0.63, 0.77, 0.75, 0.75, 0.35, 0.5, 0.43, 0.62]"
484,378690,0.253,0.278,480,2025-02-23 07:22:52.558875,"['32224', '32228', '32239', '32240', '32243', '32246', '32247', '32248', '32251', '32261', '32262', '32263', '32276', '32283', '32286']","[5541, 216, 835, 3951, 2840, 3406, 539, 2620, 3052, 5692, 506, 5614, 4322, 391, 2943, 2761, 3263, 5256, 2664, 712, 2640, 1098, 1268, 734, 3255, 3561, 2753, 5700, 117, 1316, 5045, 2420, 1164, 2050, 2847, 4000]","[0.29, 0.78, 0.77, 0.28, 0.76, 0.74, 0.28, 0.44, 0.25, 0.36, 1.0, 0.62, 0.4, 0.86, 0.0, 0.67, 0.28, 0.58, 0.7, 0.62, 0.43, 0.8, 0.33, 0.75, 0.66, 0.75, 0.75, 0.85, 0.44, 0.25, 0.75, 0.42, 0.75, 0.25, 0.75, 0.3, 0.84, 0.75, 0.32, 0.68, 0.76, 0.73, 0.76, 0.87, 0.72, 0.68, 0.81, 0.25, 0.25, 0.75, 0.38, 0.37, 0.45, 0.78, 0.16, 0.6, 0.41, 0.85, 0.16, 0.33, 0.39, 0.42, 0.83, 0.29, 0.66, 0.34, 0.75, 0.62, 0.77, 0.5, 0.75, 0.35, 0.75, 0.43, 0.63]"
485,823322,0.415,0.167,485,2025-02-23 07:22:52.836193,"['32221', '32224', '32234', '32243', '32247', '32251', '32261', '32262', '32263', '32269', '32270', '32283', '32286', '32287', '32288']","[216, 5541, 2943, 835, 3063, 4322, 3255, 734, 889, 5195, 4459, 3406, 5614, 1164, 3593, 506, 4033, 5700, 1103, 539, 391, 3330, 668, 2980, 1786, 3029, 2050, 5402, 2640, 2246, 2072, 2761, 2753, 1268, 5535, 4396]","[0.27, 0.82, 0.77, 0.23, 0.78, 0.78, 0.29, 0.25, 0.23, 0.32, 0.0, 0.62, 0.37, 0.87, 0.47, 0.7, 0.26, 0.63, 0.69, 0.62, 1.0, 0.79, 0.31, 0.75, 0.71, 0.71, 0.74, 0.88, 0.41, 0.0, 0.78, 0.36, 0.56, 0.25, 0.44, 0.26, 0.84, 0.0, 0.32, 0.72, 0.78, 0.78, 0.77, 0.9, 0.69, 0.68, 0.82, 0.25, 0.0, 0.0, 0.33, 0.33, 0.41, 0.8, 0.14, 0.75, 0.0, 0.88, 0.14, 0.32, 0.37, 0.38, 0.68, 0.31, 0.62, 0.32, 0.78, 0.64, 0.78, 0.25, 0.74, 0.32, 0.25, 0.0, 0.75]"
486,197559,0.382,0.222,485,2025-02-23 07:22:52.956477,"['32223', '32226', '32231', '32239', '32243', '32245', '32247', '32248', '32251', '32261', '32264', '32270', '32273', '32286', '32287']","[539, 506, 835, 117, 1268, 5045, 5614, 3703, 5195, 3052, 391, 216, 4442, 2840, 5541, 3406, 889, 4000, 4033, 5483, 734, 4600, 4723, 1396, 2620, 3951, 4065, 2612, 3561, 4003, 576, 637, 5535, 2072, 3574, 5700]","[0.26, 0.77, 0.77, 0.21, 0.68, 0.73, 0.26, 0.41, 0.25, 0.25, 0.43, 0.57, 0.75, 0.84, 0.33, 0.64, 0.38, 0.0, 0.64, 0.58, 0.34, 0.72, 0.4, 0.73, 0.63, 1.0, 0.69, 0.85, 0.44, 0.0, 0.7, 0.0, 0.4, 1.0, 0.25, 0.38, 0.82, 1.0, 0.37, 0.64, 0.71, 0.69, 0.71, 0.85, 0.64, 0.59, 0.77, 1.0, 0.29, 0.55, 0.0, 0.25, 0.31, 0.79, 0.23, 0.43, 0.0, 0.82, 0.23, 0.25, 0.37, 0.43, 0.61, 0.38, 0.6, 0.37, 0.72, 0.58, 0.75, 0.54, 0.7, 0.37, 0.5, 0.5, 0.54]"
487,145110,0.309,0.028,485,2025-02-23 07:22:53.072212,"['32221', '32236', '32242', '32243', '32247', '32248', '32251', '32263', '32265', '32270', '32274', '32275', '32283', '32286', '32287']","[1316, 3084, 5256, 4547, 5065, 4184, 1164, 342, 3063, 4396, 2498, 1098, 5692, 3255, 5402, 1611, 3406, 5340, 5460, 2664, 981, 4257, 2843, 2640, 3029, 3310, 295, 1787, 2761, 4000, 1117, 2072, 3330, 5541, 2943, 1242]","[0.4, 0.84, 0.75, 0.39, 0.85, 0.76, 0.34, 0.75, 0.29, 0.19, 0.62, 0.66, 0.34, 0.9, 0.66, 0.78, 0.15, 0.76, 0.78, 0.72, 0.66, 0.9, 0.0, 0.8, 0.75, 0.74, 0.7, 0.89, 0.25, 0.0, 0.82, 0.29, 0.74, 0.25, 1.0, 0.16, 0.85, 1.0, 0.27, 0.81, 0.83, 0.85, 0.82, 0.93, 0.83, 0.82, 0.86, 0.23, 0.68, 0.25, 0.25, 1.0, 0.68, 0.8, 0.04, 0.79, 1.0, 0.91, 0.05, 0.12, 0.67, 0.17, 0.73, 0.2, 0.7, 0.25, 0.81, 0.68, 0.81, 0.25, 0.76, 0.28, 0.25, 0.25, 0.68]"
488,223811,0.331,0.222,485,2025-02-23 07:22:53.188279,"['32214', '32218', '32222', '32225', '32226', '32239', '32244', '32248', '32249', '32252', '32253', '32261', '32265', '32269', '32287']","[3052, 5195, 4226, 4003, 990, 4033, 1359, 539, 2664, 4455, 2050, 2948, 4600, 1553, 3500, 2505, 712, 3720, 2058, 4825, 2840, 1929, 4062, 4322, 5760, 4846, 3326, 5647, 4953, 1176, 637, 5888, 4119, 4622, 2112, 4539]","[0.75, 0.56, 0.72, 0.57, 0.25, 0.42, 0.22, 0.33, 0.0, 0.38, 0.44, 0.25, 0.25, 0.76, 0.31, 0.68, 0.4, 0.44, 0.69, 0.68, 0.32, 0.83, 0.53, 0.75, 0.39, 0.0, 0.36, 0.71, 0.68, 0.72, 1.0, 0.61, 0.34, 0.67, 0.75, 0.75, 0.73, 0.43, 0.0, 0.75, 0.62, 0.61, 0.58, 0.76, 0.82, 0.67, 0.66, 0.75, 0.3, 0.57, 0.53, 0.75, 0.6, 0.72, 0.13, 1.0, 0.66, 0.65, 0.14, 0.28, 0.47, 0.67, 0.44, 0.31, 0.73, 0.41, 0.59, 0.47, 0.72, 0.39, 0.62, 0.41, 0.55, 0.5, 0.48]"
489,1253523,0.395,0.222,485,2025-02-23 07:22:53.310854,"['32217', '32222', '32229', '32232', '32239', '32248', '32252', '32257', '32268', '32277', '32279', '32283', '32284', '32285', '32287']","[882, 2744, 5385, 3703, 3383, 2839, 2586, 2338, 838, 2740, 277, 5782, 5237, 2879, 4723, 905, 1760, 2011, 557, 4643, 3484, 823, 3885, 5915, 2499, 5562, 1020, 1007, 1071, 5884, 4319, 3035, 1204, 1596, 4226, 1761]","[0.43, 0.42, 0.74, 0.25, 0.32, 0.35, 0.16, 0.24, 0.75, 0.67, 0.28, 0.38, 0.61, 0.64, 0.1, 0.25, 0.71, 0.19, 1.0, 0.54, 0.11, 0.59, 0.72, 0.67, 0.25, 0.0, 0.32, 0.61, 0.69, 0.67, 0.35, 0.78, 0.1, 0.79, 0.0, 0.76, 0.68, 0.29, 0.75, 0.36, 0.44, 0.36, 0.41, 1.0, 0.65, 0.39, 0.48, 0.84, 0.07, 0.66, 0.72, 0.23, 0.25, 0.71, 0.75, 0.23, 0.6, 0.45, 0.47, 0.71, 0.45, 0.7, 0.3, 0.67, 0.64, 1.0, 0.45, 0.36, 0.65, 0.5, 0.25, 0.75, 0.57, 0.5, 0.33]"
490,1307629,0.322,0.194,490,2025-02-23 07:22:53.610779,"['32221', '32226', '32236', '32242', '32243', '32245', '32248', '32251', '32263', '32265', '32266', '32270', '32274', '32283', '32286']","[5256, 1164, 3406, 3450, 5402, 3932, 2498, 1293, 3330, 3273, 668, 214, 342, 4322, 4547, 2465, 4257, 1316, 4184, 3084, 3029, 3124, 5541, 2943, 1942, 2668, 981, 133, 1183, 2640, 4396, 712, 4444, 2019, 4000, 535]","[0.4, 0.8, 0.74, 0.38, 0.86, 0.76, 0.34, 1.0, 0.26, 0.22, 0.62, 0.66, 0.25, 0.89, 0.65, 0.79, 0.18, 0.73, 0.79, 0.71, 0.64, 0.89, 0.0, 0.78, 0.73, 0.72, 0.67, 0.88, 0.0, 0.0, 0.8, 0.0, 0.74, 0.4, 1.0, 0.18, 0.87, 0.0, 0.26, 0.78, 0.82, 0.85, 0.81, 0.91, 0.82, 0.81, 0.86, 0.24, 0.66, 0.0, 0.27, 1.0, 1.0, 0.78, 0.05, 0.78, 1.0, 0.91, 0.06, 0.13, 0.33, 0.42, 0.73, 0.17, 0.69, 0.27, 0.79, 0.68, 0.82, 0.75, 0.76, 0.28, 0.25, 0.36, 0.68]"
491,748577,0.413,0.444,490,2025-02-23 07:22:53.727761,"['32224', '32225', '32226', '32236', '32238', '32240', '32249', '32251', '32253', '32261', '32265', '32266', '32269', '32270', '32276']","[4322, 2943, 3052, 5195, 5541, 2840, 2761, 506, 2050, 712, 5692, 4600, 2664, 4003, 4033, 5700, 4161, 3285, 539, 2640, 5256, 1553, 576, 1273, 835, 3749, 3596, 3500, 1382, 1098, 3406, 4757, 5460, 5238, 216, 2058]","[0.42, 0.7, 0.73, 0.4, 0.75, 0.64, 0.28, 0.41, 0.32, 0.32, 0.75, 0.75, 0.25, 0.84, 0.46, 0.72, 0.29, 0.58, 0.73, 0.67, 0.46, 0.84, 0.75, 0.75, 1.0, 0.62, 0.75, 0.81, 0.54, 0.59, 0.69, 0.45, 0.55, 0.54, 0.58, 0.0, 0.83, 0.0, 0.34, 0.75, 0.73, 0.76, 0.71, 0.84, 0.79, 0.72, 0.79, 1.0, 0.45, 0.52, 0.4, 0.75, 0.75, 0.76, 0.1, 0.75, 0.75, 0.84, 0.12, 0.23, 0.44, 0.53, 0.67, 0.25, 0.68, 0.35, 0.69, 0.58, 0.78, 0.44, 0.7, 0.34, 0.53, 0.43, 0.58]"
492,73057,0.383,0.0,490,2025-02-23 07:22:53.844800,"['32224', '32226', '32230', '32231', '32243', '32248', '32249', '32252', '32254', '32256', '32259', '32264', '32270', '32286', '32288']","[835, 734, 3951, 216, 2072, 3228, 1268, 1942, 539, 2612, 3561, 391, 2840, 2420, 2640, 4520, 506, 5045, 3406, 117, 5692, 2943, 3255, 3124, 3574, 1164, 2753, 4322, 3883, 2172, 5402, 5541, 712, 2060, 5744, 2050]","[0.23, 0.79, 0.76, 0.2, 0.77, 0.79, 0.29, 0.46, 0.21, 0.38, 1.0, 0.61, 0.0, 0.87, 0.44, 0.67, 1.0, 1.0, 0.69, 0.59, 0.43, 0.76, 0.32, 0.74, 0.69, 0.7, 0.73, 0.87, 0.39, 0.0, 0.76, 0.38, 0.54, 0.44, 0.0, 0.0, 0.86, 0.49, 1.0, 0.68, 1.0, 0.8, 1.0, 0.88, 0.65, 1.0, 0.82, 0.46, 0.4, 0.52, 1.0, 0.29, 0.36, 0.8, 0.18, 0.51, 0.0, 0.88, 0.22, 0.4, 0.37, 0.37, 0.7, 0.33, 0.58, 0.34, 0.73, 0.65, 0.79, 0.53, 0.72, 0.31, 0.5, 0.38, 0.75]"
493,594376,0.311,0.278,490,2025-02-23 07:22:53.962523,"['32226', '32236', '32238', '32239', '32242', '32248', '32249', '32253', '32261', '32264', '32266', '32269', '32275', '32279', '32283']","[539, 5195, 3052, 2840, 835, 4723, 506, 4600, 4033, 3703, 117, 2612, 5658, 4003, 216, 882, 1553, 2740, 2050, 2948, 557, 4226, 5465, 637, 823, 3094, 3951, 2753, 3720, 2943, 5888, 2664, 4732, 5782, 3285, 5541]","[0.37, 0.62, 0.73, 0.35, 0.59, 0.56, 0.23, 0.35, 0.34, 0.46, 0.43, 0.5, 0.25, 0.79, 0.28, 0.63, 0.44, 0.4, 0.66, 0.6, 0.28, 0.75, 1.0, 0.72, 1.0, 0.75, 0.49, 0.75, 0.75, 0.58, 0.58, 0.61, 0.34, 0.64, 1.0, 0.25, 0.8, 0.4, 0.42, 0.75, 0.64, 0.64, 0.61, 0.77, 0.72, 0.56, 0.7, 0.75, 0.25, 0.58, 1.0, 0.35, 0.0, 0.74, 0.24, 0.25, 0.51, 0.73, 0.27, 0.44, 0.42, 0.67, 0.52, 0.37, 0.63, 0.17, 0.59, 0.51, 0.74, 0.25, 0.63, 0.39, 0.56, 0.48, 0.49]"
494,1130573,0.276,0.0,490,2025-02-23 07:22:54.076706,"['32221', '32224', '32226', '32242', '32243', '32246', '32248', '32262', '32263', '32264', '32265', '32270', '32274', '32283', '32286']","[5256, 342, 5402, 3255, 3474, 1164, 5460, 668, 4184, 1196, 3675, 5065, 49, 1942, 3406, 2668, 5692, 391, 1316, 2072, 2367, 3063, 3273, 3084, 4396, 1117, 1538, 981, 1611, 3376, 3310, 4257, 216, 3029, 3330, 4520]","[0.34, 0.83, 0.75, 0.32, 0.88, 0.81, 0.35, 1.0, 0.23, 0.21, 1.0, 0.68, 0.0, 0.9, 0.67, 0.78, 0.17, 0.75, 0.78, 0.7, 0.66, 0.88, 0.22, 0.78, 0.77, 0.76, 0.72, 0.9, 1.0, 0.25, 0.83, 0.25, 1.0, 0.36, 0.75, 0.15, 0.88, 0.6, 0.25, 0.8, 0.83, 0.87, 0.83, 0.92, 0.8, 0.81, 0.88, 0.23, 1.0, 1.0, 0.0, 0.75, 0.66, 0.8, 0.05, 0.77, 0.0, 0.93, 0.07, 0.14, 0.17, 0.37, 0.76, 0.18, 0.67, 0.25, 0.81, 0.71, 0.82, 0.5, 0.78, 0.27, 0.5, 0.34, 0.7]"
495,543112,0.35,0.278,495,2025-02-23 07:22:54.317982,"['32215', '32218', '32219', '32222', '32238', '32240', '32247', '32252', '32253', '32254', '32256', '32273', '32274', '32279', '32281']","[4319, 4119, 2586, 930, 2338, 3052, 5385, 3703, 4226, 3885, 5658, 557, 277, 2744, 882, 525, 4003, 2547, 3819, 5760, 3383, 2609, 5562, 5326, 292, 2910, 4554, 1788, 1761, 5098, 2096, 252, 2011, 5195, 3998, 5285]","[0.54, 0.25, 0.73, 0.54, 0.0, 0.0, 0.16, 0.27, 0.0, 0.55, 0.34, 0.39, 0.62, 0.64, 0.16, 0.55, 0.58, 0.22, 0.62, 0.59, 0.16, 0.73, 0.71, 0.7, 0.0, 0.34, 1.0, 0.59, 0.73, 0.75, 0.38, 0.76, 0.16, 1.0, 0.52, 0.71, 0.7, 0.32, 0.75, 0.75, 0.0, 0.38, 0.0, 0.56, 0.76, 0.5, 0.51, 0.75, 0.14, 0.63, 0.7, 0.38, 0.42, 0.69, 0.34, 0.38, 0.7, 0.49, 0.35, 0.25, 0.83, 0.76, 0.3, 0.46, 0.71, 0.33, 0.46, 0.25, 0.7, 0.45, 0.51, 0.51, 0.6, 0.61, 0.35]"
496,1067469,0.269,0.278,495,2025-02-23 07:22:54.439372,"['32221', '32240', '32242', '32243', '32246', '32247', '32248', '32251', '32253', '32265', '32266', '32270', '32275', '32283', '32286']","[1316, 5692, 3084, 5256, 5065, 2761, 3029, 3474, 3406, 1164, 4322, 4547, 3310, 1098, 342, 4184, 2498, 5460, 2367, 712, 3255, 5402, 1942, 1787, 1611, 2664, 3593, 1117, 1196, 668, 2640, 4257, 1268, 5216, 214, 3376]","[0.39, 0.81, 0.76, 0.38, 0.84, 0.76, 0.31, 0.75, 0.28, 0.2, 0.6, 0.64, 0.36, 0.88, 0.64, 0.77, 0.17, 0.71, 0.79, 0.7, 0.64, 0.9, 0.26, 0.79, 0.7, 0.71, 1.0, 0.87, 0.75, 0.25, 0.82, 0.29, 0.75, 0.25, 1.0, 0.17, 0.85, 0.75, 0.26, 0.75, 0.81, 0.82, 0.81, 0.91, 0.82, 0.81, 0.84, 0.25, 0.65, 0.46, 0.28, 0.75, 1.0, 0.8, 0.06, 0.79, 0.75, 0.9, 0.07, 0.15, 0.44, 0.0, 0.71, 0.2, 0.69, 0.23, 0.81, 0.67, 0.82, 0.75, 0.73, 0.29, 0.5, 0.36, 0.68]"
497,822031,0.234,0.222,495,2025-02-23 07:22:54.557027,"['32221', '32224', '32228', '32240', '32247', '32248', '32251', '32253', '32262', '32263', '32265', '32266', '32278', '32283', '32286']","[3255, 4725, 3063, 734, 2072, 1164, 5157, 2668, 391, 5256, 4459, 1268, 3572, 4396, 5245, 756, 295, 206, 1117, 68, 5402, 1316, 216, 1196, 2420, 5609, 1750, 440, 3593, 4500, 3829, 2246, 1787, 668, 2270, 2010]","[0.22, 0.88, 0.79, 0.19, 0.88, 0.88, 0.34, 1.0, 0.17, 0.22, 1.0, 0.69, 0.32, 0.9, 1.0, 0.74, 0.16, 0.74, 0.76, 0.65, 0.65, 0.86, 0.2, 0.77, 0.81, 0.8, 1.0, 0.92, 0.33, 0.35, 0.88, 0.23, 0.73, 0.0, 0.75, 0.13, 0.89, 1.0, 0.23, 0.75, 0.85, 0.87, 0.85, 0.94, 0.7, 0.77, 0.87, 0.26, 1.0, 0.75, 0.23, 0.0, 0.25, 0.83, 0.08, 0.71, 0.3, 0.94, 0.1, 0.24, 0.38, 0.31, 0.79, 0.25, 0.83, 0.21, 0.86, 0.75, 0.83, 0.5, 0.78, 0.27, 0.25, 0.3, 0.72]"
498,46610,0.315,0.444,495,2025-02-23 07:22:54.674960,"['32218', '32239', '32248', '32252', '32253', '32255', '32259', '32260', '32271', '32273', '32274', '32279', '32280', '32284', '32285']","[3052, 5760, 557, 882, 2586, 3703, 5385, 4226, 4033, 4319, 539, 823, 4723, 4119, 2744, 2338, 5195, 3383, 4003, 5918, 930, 5658, 277, 2740, 2879, 2547, 3326, 1868, 1788, 4732, 2378, 2499, 3720, 5758, 5237, 2840]","[0.51, 0.44, 0.73, 0.51, 0.0, 0.36, 0.17, 0.29, 0.49, 0.52, 0.35, 0.41, 0.59, 0.67, 0.18, 0.56, 0.55, 0.25, 0.63, 0.59, 0.18, 0.74, 0.68, 0.71, 0.27, 0.25, 0.31, 0.62, 0.7, 0.72, 0.43, 0.73, 0.19, 0.77, 1.0, 0.67, 0.72, 0.33, 1.0, 0.25, 0.51, 0.75, 0.48, 0.6, 0.76, 0.75, 0.75, 0.73, 0.16, 0.62, 0.66, 0.38, 0.42, 0.7, 0.31, 0.39, 0.67, 0.75, 0.32, 0.75, 0.0, 0.73, 0.34, 0.44, 0.7, 0.5, 0.17, 0.4, 0.71, 0.46, 0.75, 1.0, 0.59, 0.58, 0.38]"
499,826003,0.353,0.306,495,2025-02-23 07:22:54.797238,"['32221', '32240', '32243', '32246', '32247', '32248', '32251', '32253', '32263', '32265', '32266', '32270', '32274', '32283', '32286']","[4547, 1316, 3084, 5256, 295, 5692, 4396, 2761, 3474, 1098, 4184, 3255, 3593, 5065, 2498, 1164, 2367, 342, 5460, 5812, 3376, 3263, 3406, 3063, 3310, 2664, 1117, 5541, 214, 1932, 2756, 5402, 981, 391, 3029, 1183]","[0.36, 0.82, 0.76, 0.35, 0.85, 0.78, 0.32, 1.0, 0.26, 0.2, 0.6, 0.65, 0.35, 0.88, 0.65, 0.77, 0.17, 0.71, 0.79, 0.7, 0.65, 0.9, 0.25, 0.79, 0.72, 0.73, 1.0, 0.88, 0.45, 0.0, 0.83, 0.28, 1.0, 0.0, 0.75, 0.17, 0.86, 0.75, 0.26, 0.75, 0.82, 0.83, 0.81, 0.91, 0.81, 0.81, 0.84, 0.25, 0.65, 0.75, 0.27, 0.75, 0.75, 0.8, 0.06, 0.78, 0.75, 0.9, 0.07, 0.16, 0.83, 0.43, 0.72, 0.21, 0.68, 0.23, 0.82, 0.69, 0.82, 0.25, 0.74, 0.29, 1.0, 0.35, 0.69]"
500,320362,0.305,0.278,500,2025-02-23 07:22:55.053894,"['32224', '32234', '32242', '32245', '32246', '32247', '32249', '32251', '32262', '32263', '32265', '32266', '32270', '32283', '32286']","[2664, 4322, 3406, 2761, 4757, 4184, 1098, 5460, 5256, 3706, 342, 5692, 1316, 3052, 2498, 3474, 835, 5065, 2943, 3255, 2620, 3500, 2640, 712, 2367, 4520, 5541, 4412, 216, 981, 2843, 2756, 1268, 5594, 2838, 1164]","[0.39, 0.72, 0.74, 0.41, 0.79, 0.7, 0.3, 0.47, 0.31, 0.24, 1.0, 0.61, 0.39, 0.86, 0.56, 0.75, 0.22, 0.65, 0.74, 0.67, 0.75, 0.86, 0.3, 0.76, 0.64, 0.65, 0.64, 0.87, 0.75, 0.56, 0.76, 0.0, 0.75, 0.25, 0.61, 0.0, 0.83, 1.0, 0.31, 0.72, 0.77, 0.77, 0.76, 0.87, 0.78, 0.78, 0.81, 0.32, 0.25, 0.75, 0.34, 0.25, 0.75, 0.78, 0.08, 0.73, 0.75, 0.87, 0.08, 0.2, 0.43, 0.5, 0.66, 0.25, 0.69, 0.27, 0.75, 0.64, 0.79, 0.25, 0.75, 0.32, 0.5, 0.41, 0.61]"
501,494949,0.231,0.389,500,2025-02-23 07:22:55.170564,"['32224', '32240', '32242', '32246', '32247', '32248', '32249', '32251', '32261', '32262', '32263', '32266', '32275', '32283', '32286']","[2050, 2943, 5700, 4033, 4322, 5541, 5614, 3052, 712, 576, 3285, 3406, 5692, 1786, 4003, 216, 4975, 2640, 5195, 4000, 2060, 506, 3106, 5123, 2761, 406, 539, 3063, 3474, 2664, 5758, 5256, 2236, 4600, 3951, 1176]","[0.35, 0.71, 0.75, 0.35, 0.76, 0.71, 0.29, 0.45, 0.29, 0.29, 0.0, 0.6, 0.41, 0.85, 0.49, 0.72, 0.25, 0.6, 0.71, 0.64, 0.47, 0.83, 0.33, 0.74, 0.63, 0.63, 1.0, 0.86, 0.25, 0.53, 0.74, 0.43, 0.75, 0.75, 1.0, 0.0, 0.83, 0.25, 0.32, 0.68, 0.75, 0.74, 0.75, 0.86, 0.75, 0.74, 0.8, 0.0, 0.0, 0.25, 0.36, 0.47, 0.75, 0.78, 0.11, 0.66, 0.47, 0.86, 0.1, 0.27, 0.42, 0.17, 0.65, 0.28, 0.67, 0.28, 0.73, 0.63, 0.79, 0.25, 0.74, 0.33, 0.5, 0.42, 0.58]"
502,51669,0.441,0.056,500,2025-02-23 07:22:55.287390,"['32221', '32224', '32245', '32246', '32248', '32249', '32251', '32263', '32266', '32269', '32270', '32275', '32283', '32286', '32288']","[1268, 391, 3406, 734, 5045, 2072, 216, 835, 506, 4459, 668, 5313, 2943, 2172, 3951, 3474, 5535, 3593, 2668, 539, 4322, 2753, 5541, 3063, 3255, 1942, 5256, 5692, 2761, 4814, 806, 5812, 4600, 2756, 1164, 3263]","[0.23, 0.77, 0.77, 0.2, 0.78, 0.8, 0.3, 1.0, 0.21, 0.32, 0.0, 0.64, 0.38, 0.87, 0.47, 0.69, 0.25, 0.61, 0.68, 0.58, 0.46, 0.77, 0.3, 0.72, 0.71, 0.69, 0.77, 0.89, 0.38, 0.4, 0.79, 0.0, 1.0, 0.4, 0.0, 0.0, 0.85, 0.0, 0.3, 0.69, 0.77, 0.77, 0.78, 0.88, 0.66, 0.7, 0.82, 0.43, 0.45, 1.0, 0.33, 0.3, 0.0, 0.81, 0.15, 1.0, 0.0, 0.89, 0.15, 0.37, 0.38, 0.83, 0.7, 0.33, 0.61, 0.27, 0.76, 0.68, 0.8, 0.5, 0.76, 0.32, 0.75, 0.38, 0.75]"
503,192743,0.31,0.194,500,2025-02-23 07:22:55.408747,"['32214', '32217', '32229', '32241', '32248', '32249', '32257', '32271', '32274', '32277', '32279', '32280', '32283', '32284', '32285']","[4319, 2586, 2879, 2338, 5915, 525, 2547, 4988, 5326, 905, 3998, 1596, 5385, 3484, 4119, 1204, 5562, 1770, 2910, 4554, 1868, 1585, 5521, 5771, 1007, 1569, 4861, 4780, 2106, 277, 715, 2609, 3089, 5760, 930, 1533]","[1.0, 0.25, 0.69, 0.25, 0.25, 0.21, 0.14, 0.22, 0.65, 0.62, 0.3, 0.31, 0.68, 0.57, 0.09, 1.0, 0.72, 0.17, 0.58, 0.59, 0.11, 0.69, 0.77, 0.67, 0.14, 0.23, 0.15, 0.25, 0.8, 0.83, 0.26, 0.86, 0.11, 0.86, 0.75, 1.0, 0.61, 0.29, 0.58, 0.28, 0.37, 0.27, 0.33, 0.75, 0.78, 0.45, 0.41, 0.82, 0.09, 0.68, 0.77, 0.45, 0.45, 0.66, 0.37, 0.35, 0.77, 0.0, 0.36, 0.58, 0.0, 0.86, 0.23, 0.67, 0.73, 0.67, 0.0, 0.33, 0.64, 0.0, 0.25, 0.75, 0.62, 0.66, 0.29]"
504,486878,0.313,0.25,500,2025-02-23 07:22:55.528498,"['32217', '32222', '32224', '32225', '32228', '32230', '32245', '32246', '32249', '32251', '32263', '32273', '32281', '32286', '32288']","[4322, 2943, 3406, 342, 5541, 5692, 2664, 2465, 1164, 4184, 4757, 2640, 4161, 5654, 4176, 1242, 1382, 5594, 712, 2668, 5402, 1316, 5256, 981, 1098, 4000, 3273, 5238, 216, 49, 4412, 2498, 3500, 3706, 4257, 1268]","[0.42, 0.72, 0.73, 0.75, 0.81, 0.69, 0.31, 0.47, 0.25, 0.22, 0.75, 1.0, 0.39, 0.86, 1.0, 0.76, 0.0, 0.67, 0.75, 0.68, 0.55, 0.87, 0.29, 0.76, 0.64, 0.65, 0.62, 0.87, 0.52, 0.58, 0.76, 0.0, 0.75, 0.46, 0.64, 1.0, 0.82, 0.25, 0.3, 0.73, 0.77, 0.78, 0.77, 0.88, 0.8, 0.8, 0.82, 0.29, 0.58, 0.0, 0.33, 0.6, 0.66, 0.78, 0.07, 0.76, 0.53, 0.88, 0.06, 0.0, 0.43, 0.52, 0.67, 0.23, 0.7, 0.26, 0.75, 0.75, 0.79, 0.45, 0.75, 0.31, 0.5, 0.41, 0.75]"
505,1602128,0.303,0.194,505,2025-02-23 07:22:55.774268,"['32224', '32231', '32238', '32240', '32243', '32245', '32248', '32251', '32253', '32261', '32266', '32270', '32275', '32286', '32288']","[216, 539, 2840, 4033, 835, 2943, 2761, 4322, 2753, 506, 5535, 5541, 5195, 3052, 117, 3951, 734, 990, 3593, 5614, 2050, 5692, 3406, 4003, 637, 4520, 3063, 1268, 668, 4600, 3729, 1942, 3285, 2612, 2640, 1164]","[0.29, 0.74, 0.78, 0.25, 0.73, 0.74, 0.28, 0.43, 0.25, 0.35, 0.25, 0.58, 0.43, 0.84, 0.45, 0.66, 0.29, 1.0, 0.7, 0.59, 0.44, 0.79, 0.37, 0.72, 0.75, 0.65, 1.0, 0.86, 0.44, 0.25, 0.73, 0.75, 0.55, 0.46, 1.0, 0.31, 0.85, 0.0, 0.34, 0.75, 0.76, 0.73, 0.77, 0.88, 0.68, 0.67, 0.81, 0.0, 0.4, 0.52, 0.38, 0.34, 0.0, 0.79, 0.15, 0.56, 0.25, 0.87, 0.16, 0.37, 0.4, 0.67, 0.64, 0.31, 0.62, 0.32, 0.72, 0.65, 0.77, 0.52, 0.71, 0.34, 0.75, 0.4, 0.5]"
506,492878,0.307,0.333,505,2025-02-23 07:22:55.892450,"['32215', '32225', '32226', '32228', '32236', '32240', '32245', '32246', '32251', '32253', '32261', '32266', '32281', '32286', '32288']","[3052, 5195, 4600, 3720, 814, 4846, 1553, 4954, 4033, 5760, 4226, 5555, 4003, 4062, 506, 4455, 3158, 3326, 1822, 4322, 2664, 5647, 1359, 576, 1331, 4539, 4953, 4325, 2943, 5614, 449, 2776, 5899, 2378, 2948, 2050]","[0.55, 1.0, 0.72, 0.56, 0.56, 0.42, 0.22, 0.32, 0.47, 0.37, 0.46, 0.0, 1.0, 0.76, 0.25, 0.66, 0.39, 0.4, 0.72, 0.66, 0.33, 0.84, 1.0, 0.74, 0.41, 0.44, 0.0, 0.71, 0.68, 0.73, 0.53, 0.25, 0.75, 0.68, 0.63, 0.48, 0.75, 0.25, 0.44, 1.0, 0.62, 0.58, 0.59, 0.76, 0.81, 0.69, 0.68, 0.75, 0.32, 0.57, 0.55, 0.58, 1.0, 0.72, 0.13, 0.61, 0.66, 0.68, 0.13, 0.28, 0.47, 0.7, 0.44, 0.29, 0.72, 0.42, 0.56, 0.5, 0.72, 0.42, 0.61, 0.41, 0.5, 0.54, 0.5]"
507,473515,0.206,0.0,505,2025-02-23 07:22:56.010365,"['32220', '32221', '32243', '32248', '32253', '32261', '32262', '32263', '32265', '32270', '32274', '32278', '32283', '32286', '32288']","[1164, 3330, 5402, 5256, 3063, 4396, 535, 2044, 3786, 2253, 3255, 2980, 3273, 5609, 217, 2019, 214, 3095, 2298, 1196, 4444, 4696, 3474, 1456, 5747, 3029, 3188, 756, 5127, 4547, 3932, 4651, 4504, 3572, 2695, 67]","[0.28, 0.87, 0.79, 0.24, 0.91, 0.87, 1.0, 1.0, 0.19, 0.16, 0.67, 0.7, 0.29, 0.92, 0.75, 0.78, 0.11, 0.83, 0.81, 0.69, 0.74, 0.91, 0.17, 0.78, 0.86, 0.81, 0.83, 0.93, 0.34, 0.0, 0.89, 0.2, 0.85, 0.25, 0.75, 0.1, 0.89, 0.65, 0.22, 1.0, 0.88, 0.89, 0.89, 0.95, 0.77, 0.85, 0.91, 0.0, 1.0, 0.0, 0.19, 0.75, 0.65, 0.82, 0.04, 0.81, 0.0, 0.96, 0.04, 0.12, 0.0, 0.3, 0.8, 0.17, 0.67, 0.19, 0.87, 0.76, 0.84, 0.25, 0.8, 0.24, 0.0, 0.29, 0.75]"
508,1474157,0.376,0.083,505,2025-02-23 07:22:56.128336,"['32224', '32226', '32228', '32231', '32234', '32239', '32251', '32253', '32255', '32261', '32263', '32266', '32269', '32283', '32286']","[5614, 216, 506, 4322, 2943, 3951, 2060, 734, 835, 2840, 712, 2172, 539, 5535, 3561, 5541, 4814, 3052, 2050, 3063, 5402, 2753, 3474, 4033, 2072, 1786, 4000, 3406, 2420, 2612, 4459, 2505, 391, 3263, 1164, 4701]","[0.29, 0.74, 0.78, 0.24, 0.74, 0.74, 0.28, 0.43, 0.25, 0.35, 0.0, 0.58, 0.0, 0.84, 0.0, 0.65, 0.29, 1.0, 0.7, 0.58, 0.0, 0.79, 0.36, 0.72, 0.68, 0.75, 0.71, 0.86, 0.43, 0.46, 0.74, 0.45, 0.55, 0.45, 0.46, 0.3, 0.85, 1.0, 0.34, 0.25, 0.77, 1.0, 0.77, 0.88, 0.67, 0.67, 0.81, 0.0, 0.4, 0.0, 0.37, 0.33, 0.0, 0.79, 0.15, 1.0, 0.38, 0.87, 0.16, 0.38, 0.39, 0.42, 0.65, 0.31, 0.61, 0.32, 0.73, 0.66, 0.77, 1.0, 0.71, 0.34, 0.5, 0.4, 0.57]"
509,1586608,0.25,0.194,505,2025-02-23 07:22:56.257874,"['32221', '32224', '32231', '32234', '32242', '32243', '32248', '32253', '32261', '32262', '32263', '32266', '32283', '32286', '32288']","[3406, 5256, 1942, 5692, 5460, 1164, 2640, 4520, 1117, 4322, 3255, 3285, 2072, 2668, 712, 2664, 981, 295, 5742, 342, 5402, 1098, 5541, 1293, 4257, 4184, 5700, 2339, 3310, 1316, 5065, 3474, 391, 2756, 2943, 4547]","[0.36, 0.76, 0.77, 0.33, 0.81, 0.73, 0.31, 0.75, 0.28, 0.25, 1.0, 0.61, 0.39, 0.87, 0.57, 0.72, 0.21, 1.0, 0.76, 0.66, 0.75, 0.87, 0.3, 0.76, 0.71, 0.68, 0.67, 0.87, 0.0, 0.75, 0.78, 0.37, 0.68, 0.42, 0.0, 0.22, 0.84, 0.55, 0.3, 1.0, 0.79, 0.79, 0.79, 0.9, 0.77, 0.78, 0.84, 0.0, 0.0, 0.75, 0.32, 0.52, 1.0, 0.78, 0.07, 0.72, 0.45, 0.89, 0.07, 0.2, 0.41, 0.45, 0.67, 0.23, 0.67, 0.28, 0.76, 0.66, 0.79, 0.25, 0.73, 0.31, 1.0, 0.39, 0.75]"
510,427163,0.411,0.083,510,2025-02-23 07:22:56.496617,"['32225', '32230', '32236', '32238', '32245', '32248', '32249', '32261', '32264', '32269', '32270', '32276', '32283', '32286', '32288']","[539, 3052, 4033, 216, 3703, 2840, 835, 117, 5195, 5541, 4723, 506, 5465, 2612, 2050, 3951, 2943, 5614, 4003, 3285, 3561, 4600, 4442, 3053, 3094, 2753, 712, 2761, 5216, 1553, 5888, 882, 5658, 5700, 3263, 2948]","[0.32, 0.69, 0.75, 0.29, 0.62, 0.67, 0.25, 0.39, 0.3, 0.43, 0.43, 0.75, 0.47, 0.8, 0.31, 0.61, 0.25, 0.45, 0.65, 0.58, 0.32, 0.74, 0.0, 0.7, 1.0, 0.59, 0.62, 0.81, 0.48, 0.52, 0.66, 1.0, 0.42, 0.54, 1.0, 0.25, 0.82, 0.42, 0.39, 0.59, 0.68, 0.66, 0.69, 0.82, 0.68, 0.61, 0.73, 1.0, 0.27, 0.56, 1.0, 0.3, 0.36, 0.78, 0.24, 0.25, 0.0, 0.77, 0.23, 0.45, 0.4, 0.48, 0.67, 0.37, 0.62, 0.4, 0.64, 0.61, 0.74, 0.25, 0.69, 0.39, 0.75, 0.46, 0.5]"
511,942692,0.396,0.111,510,2025-02-23 07:22:56.612765,"['32215', '32225', '32226', '32230', '32239', '32243', '32244', '32247', '32249', '32269', '32270', '32273', '32283', '32286', '32287']","[835, 539, 216, 506, 1268, 2761, 5541, 2840, 117, 3703, 2943, 5045, 3406, 5614, 3094, 5906, 5692, 712, 3052, 4003, 734, 1786, 4442, 3951, 1273, 3561, 3574, 4033, 391, 1382, 889, 786, 2753, 5195, 2612, 4600]","[0.27, 0.75, 0.76, 0.24, 0.71, 0.76, 0.28, 0.44, 0.25, 0.37, 0.47, 1.0, 0.75, 0.84, 0.4, 0.64, 0.75, 0.55, 0.68, 0.59, 0.4, 0.77, 0.39, 0.72, 0.66, 0.25, 0.71, 0.85, 0.42, 0.0, 1.0, 0.44, 0.53, 0.25, 0.47, 0.0, 0.84, 0.46, 0.34, 0.66, 0.74, 0.74, 0.76, 0.87, 0.68, 0.66, 0.79, 0.49, 0.37, 0.53, 0.39, 0.3, 0.37, 0.81, 0.2, 0.25, 0.0, 0.84, 0.19, 0.0, 0.39, 0.41, 0.63, 0.34, 0.61, 0.34, 0.71, 0.67, 0.77, 0.75, 0.74, 0.35, 0.75, 0.75, 0.59]"
512,315414,0.268,0.389,510,2025-02-23 07:22:56.735047,"['32218', '32224', '32225', '32226', '32230', '32231', '32242', '32245', '32246', '32264', '32270', '32275', '32286', '32287', '32288']","[3406, 835, 2840, 5541, 117, 4322, 3263, 5195, 2664, 3052, 3951, 786, 391, 2761, 506, 712, 4033, 2943, 2753, 216, 539, 5692, 1268, 5045, 3255, 5216, 2640, 4000, 4600, 5614, 1786, 1098, 2050, 4176, 3285, 4161]","[0.36, 0.74, 0.75, 0.34, 0.75, 0.72, 0.28, 0.43, 0.29, 0.32, 0.75, 0.25, 0.75, 0.84, 0.44, 0.68, 0.25, 0.75, 0.71, 0.62, 0.45, 0.82, 0.38, 0.74, 0.63, 0.64, 0.65, 0.84, 0.25, 0.52, 0.73, 1.0, 0.75, 0.46, 0.54, 0.3, 0.83, 0.48, 0.34, 0.68, 0.74, 0.75, 0.75, 0.87, 0.74, 0.71, 0.8, 0.42, 0.43, 0.52, 0.0, 0.43, 0.5, 0.79, 0.14, 0.61, 0.25, 0.84, 0.14, 0.29, 0.41, 0.67, 0.63, 0.29, 0.66, 0.33, 0.71, 0.64, 0.77, 0.47, 0.73, 0.35, 0.5, 0.0, 0.75]"
513,653227,0.398,0.111,510,2025-02-23 07:22:56.850010,"['32214', '32217', '32230', '32231', '32234', '32242', '32243', '32248', '32251', '32263', '32265', '32270', '32275', '32286', '32288']","[2664, 4520, 5460, 5692, 2761, 2943, 5256, 3255, 3500, 342, 3706, 2112, 4322, 5594, 1176, 216, 5065, 3406, 5195, 2843, 4184, 835, 2640, 4600, 1316, 4757, 2498, 2620, 981, 1098, 1612, 5216, 712, 1666, 1932, 3052]","[0.25, 0.76, 0.74, 0.25, 0.78, 0.71, 0.31, 0.45, 0.31, 0.24, 0.58, 0.6, 0.4, 0.85, 0.55, 0.75, 0.25, 1.0, 0.76, 0.68, 1.0, 0.88, 0.33, 0.76, 0.64, 0.65, 0.62, 0.84, 1.0, 0.75, 0.76, 0.37, 0.64, 0.43, 1.0, 0.24, 0.83, 1.0, 0.31, 0.73, 0.77, 0.78, 0.77, 0.89, 0.81, 0.79, 0.82, 0.31, 0.56, 0.75, 0.34, 0.75, 0.66, 0.79, 0.08, 0.73, 0.0, 0.86, 0.08, 0.16, 0.43, 0.67, 0.66, 0.22, 0.7, 0.29, 0.74, 0.63, 0.78, 0.43, 0.75, 0.32, 0.5, 0.41, 0.75]"
514,1598495,0.281,0.417,510,2025-02-23 07:22:56.966820,"['32217', '32219', '32222', '32229', '32230', '32233', '32252', '32254', '32260', '32268', '32272', '32277', '32283', '32284', '32285']","[882, 2338, 4554, 1007, 5326, 2744, 1788, 905, 5385, 277, 1178, 5915, 2839, 2011, 3885, 3383, 3703, 5562, 4861, 1596, 846, 5371, 1020, 1964, 3115, 1585, 2762, 174, 1204, 2499, 5114, 3035, 2707, 2334, 5237, 1071]","[0.42, 0.33, 0.72, 0.0, 0.22, 0.0, 0.15, 0.24, 0.0, 0.71, 0.25, 0.36, 0.66, 0.58, 0.08, 1.0, 1.0, 0.14, 0.5, 1.0, 0.09, 0.55, 0.8, 0.63, 0.22, 0.31, 0.3, 0.56, 0.68, 0.71, 0.29, 0.85, 0.1, 0.83, 0.41, 0.82, 0.69, 0.25, 0.75, 0.28, 0.25, 0.3, 0.38, 0.51, 0.64, 0.36, 0.0, 0.89, 0.05, 0.69, 0.78, 0.2, 0.2, 0.7, 0.75, 0.19, 0.59, 0.37, 0.75, 0.78, 0.45, 0.71, 0.25, 0.83, 0.63, 0.64, 0.33, 0.4, 0.63, 0.5, 0.5, 0.75, 0.6, 0.65, 0.29]"
515,1367887,0.329,0.194,515,2025-02-23 07:22:57.215564,"['32221', '32224', '32226', '32238', '32242', '32243', '32248', '32251', '32262', '32263', '32265', '32270', '32275', '32283', '32286']","[5256, 5460, 3255, 4161, 2640, 5692, 2761, 2620, 5065, 712, 3474, 1316, 2664, 3951, 1268, 981, 3406, 1242, 4520, 342, 2668, 391, 4184, 2420, 295, 2270, 1098, 2943, 114, 4547, 2468, 4710, 1290, 1666, 1538, 2840]","[0.39, 0.78, 0.75, 0.38, 0.82, 0.74, 0.29, 1.0, 0.29, 0.27, 1.0, 0.62, 0.0, 0.87, 0.59, 0.74, 0.21, 0.69, 0.76, 0.67, 0.57, 0.87, 0.28, 0.75, 1.0, 0.69, 0.66, 0.88, 0.25, 0.75, 0.78, 0.33, 0.65, 0.41, 1.0, 0.22, 0.85, 0.75, 0.3, 0.75, 0.78, 0.79, 0.77, 0.89, 0.79, 0.76, 0.83, 0.3, 1.0, 0.75, 0.33, 0.25, 0.64, 0.8, 0.08, 0.74, 1.0, 0.87, 0.08, 0.17, 0.43, 0.5, 0.69, 0.24, 0.67, 0.28, 0.78, 0.65, 0.77, 0.75, 0.73, 0.32, 0.75, 0.41, 0.66]"
516,221435,0.263,0.306,515,2025-02-23 07:22:57.333449,"['32214', '32215', '32222', '32225', '32226', '32231', '32236', '32238', '32253', '32264', '32266', '32270', '32274', '32287', '32288']","[3052, 4033, 2664, 5195, 857, 5238, 1176, 3500, 4322, 4455, 1359, 4412, 3961, 4120, 3285, 2943, 3706, 2112, 4539, 4600, 2058, 5647, 4757, 814, 1553, 712, 4003, 506, 990, 1822, 2281, 4611, 2050, 145, 41, 4520]","[1.0, 1.0, 0.72, 0.58, 0.68, 0.51, 0.24, 0.38, 0.75, 0.32, 0.51, 0.75, 0.0, 0.79, 0.45, 0.71, 0.31, 0.75, 0.74, 0.68, 0.44, 0.88, 1.0, 0.74, 0.75, 0.51, 0.4, 0.78, 0.66, 0.69, 0.61, 0.51, 0.49, 0.6, 0.68, 0.38, 0.78, 0.47, 0.39, 0.75, 0.67, 0.66, 0.65, 0.79, 0.84, 0.74, 0.72, 0.4, 0.45, 0.54, 0.75, 0.66, 1.0, 0.74, 0.1, 0.7, 0.75, 0.73, 0.1, 0.18, 0.33, 0.65, 0.52, 0.26, 0.72, 0.36, 0.64, 0.51, 0.73, 0.41, 0.66, 0.39, 0.51, 0.75, 0.75]"
517,563389,0.346,0.222,515,2025-02-23 07:22:57.449186,"['32219', '32224', '32225', '32226', '32236', '32244', '32249', '32255', '32264', '32265', '32269', '32281', '32286', '32287', '32288']","[3052, 2664, 712, 5195, 4322, 4003, 4455, 3500, 506, 4033, 2050, 4600, 5899, 3720, 1176, 2761, 3285, 449, 990, 4846, 5264, 3406, 2943, 2112, 2058, 5647, 539, 814, 5614, 3749, 786, 4539, 3706, 3326, 1359, 4316]","[0.54, 0.6, 0.72, 0.55, 0.67, 0.75, 0.24, 0.38, 0.43, 0.33, 0.75, 0.0, 1.0, 0.79, 0.43, 0.7, 0.32, 0.52, 0.73, 0.67, 0.42, 0.87, 1.0, 0.74, 0.49, 0.52, 0.42, 0.78, 0.64, 0.68, 1.0, 0.52, 0.48, 0.6, 0.66, 0.25, 0.78, 0.46, 0.39, 0.63, 0.67, 0.75, 0.65, 0.79, 0.83, 0.72, 0.72, 0.42, 0.43, 0.54, 0.75, 1.0, 0.67, 0.74, 0.1, 1.0, 0.65, 0.73, 0.11, 0.2, 0.48, 0.64, 0.53, 0.27, 0.71, 0.37, 0.64, 0.5, 0.73, 0.42, 0.66, 0.4, 0.5, 0.5, 0.75]"
518,543822,0.348,0.25,515,2025-02-23 07:22:57.568766,"['32217', '32223', '32226', '32231', '32238', '32240', '32244', '32247', '32261', '32269', '32270', '32276', '32281', '32286', '32287']","[5195, 4600, 2761, 3052, 506, 835, 2664, 4322, 2050, 2943, 712, 786, 4033, 576, 3500, 539, 1098, 216, 2840, 2505, 3706, 1359, 449, 5238, 5614, 4412, 2843, 4003, 1553, 3285, 5264, 117, 5647, 5541, 4539, 5654]","[0.42, 0.68, 0.75, 0.0, 0.71, 0.64, 0.25, 0.41, 0.35, 0.0, 0.5, 0.55, 0.75, 0.81, 0.43, 0.68, 0.32, 1.0, 0.71, 0.64, 0.42, 0.83, 0.4, 0.73, 1.0, 0.58, 0.0, 0.83, 0.55, 0.58, 0.75, 0.47, 0.5, 1.0, 0.57, 0.36, 0.82, 0.47, 0.37, 0.65, 0.7, 0.69, 0.68, 0.83, 0.77, 0.68, 0.76, 1.0, 0.41, 0.54, 0.45, 0.49, 0.57, 0.77, 0.13, 1.0, 1.0, 0.79, 0.13, 0.26, 0.44, 0.55, 0.67, 0.3, 0.67, 0.36, 0.7, 0.75, 0.74, 0.46, 0.68, 0.37, 0.0, 0.0, 0.58]"
519,388524,0.214,0.528,515,2025-02-23 07:22:57.690801,"['32221', '32223', '32224', '32226', '32231', '32234', '32240', '32243', '32248', '32251', '32263', '32266', '32281', '32283', '32286']","[1164, 1268, 5692, 3310, 3063, 5256, 5290, 1316, 1117, 4459, 1942, 806, 391, 2072, 5402, 5045, 3406, 4396, 734, 3255, 2761, 2640, 2943, 3029, 5313, 2298, 1786, 3593, 216, 5027, 2172, 3084, 3124, 668, 1098, 1183]","[0.28, 0.83, 0.78, 0.25, 0.85, 0.82, 0.3, 0.75, 0.22, 0.0, 0.0, 0.66, 0.75, 0.88, 0.61, 0.72, 0.2, 1.0, 0.74, 0.64, 0.75, 0.84, 0.24, 0.75, 0.78, 0.75, 1.0, 0.91, 0.37, 0.25, 0.82, 0.28, 0.68, 0.35, 0.25, 0.19, 0.88, 1.0, 0.27, 0.77, 0.81, 0.82, 0.8, 0.91, 0.71, 0.73, 0.86, 0.32, 0.59, 0.25, 0.29, 0.42, 0.75, 0.82, 0.09, 0.69, 0.38, 0.9, 0.1, 0.22, 0.39, 0.36, 0.75, 0.27, 0.63, 0.27, 0.82, 0.75, 0.78, 0.5, 0.76, 0.29, 0.5, 0.36, 0.68]"
520,1566056,0.394,0.194,520,2025-02-23 07:22:57.937357,"['32215', '32217', '32239', '32252', '32254', '32256', '32257', '32259', '32260', '32266', '32270', '32273', '32274', '32279', '32280']","[3703, 3052, 5658, 882, 5782, 539, 506, 4226, 5195, 557, 5236, 4003, 2744, 2740, 637, 3326, 3266, 4723, 3094, 117, 2612, 825, 3720, 5888, 4033, 2378, 1553, 2840, 4701, 5614, 3682, 1331, 4846, 1396, 786, 4796]","[0.35, 0.25, 0.75, 0.0, 0.51, 0.56, 0.19, 0.34, 0.34, 0.55, 0.37, 0.49, 0.52, 0.74, 0.21, 0.56, 0.59, 0.32, 0.6, 0.56, 0.22, 0.68, 0.54, 0.7, 0.44, 0.0, 0.51, 0.73, 0.56, 0.58, 0.55, 0.7, 0.29, 0.66, 0.42, 0.56, 0.8, 0.36, 0.25, 0.47, 0.0, 0.53, 1.0, 0.75, 0.64, 0.25, 0.75, 0.69, 0.22, 0.61, 0.57, 0.24, 0.0, 0.76, 0.34, 0.37, 0.25, 0.67, 0.33, 0.25, 1.0, 0.6, 0.49, 0.44, 0.64, 1.0, 1.0, 0.49, 0.72, 0.5, 0.65, 0.4, 0.56, 0.51, 0.43]"
521,1257699,0.368,0.333,520,2025-02-23 07:22:58.052357,"['32215', '32223', '32230', '32239', '32241', '32252', '32254', '32257', '32260', '32266', '32269', '32271', '32274', '32279', '32285']","[2586, 4319, 4119, 5385, 2910, 4226, 2547, 5918, 1769, 1868, 3052, 5760, 4003, 930, 4953, 1596, 4780, 252, 3998, 2609, 4988, 3720, 2106, 525, 2693, 1533, 374, 3885, 277, 3703, 2338, 5562, 1770, 1012, 3139, 2316]","[0.67, 0.0, 0.69, 0.72, 0.34, 0.23, 0.15, 0.24, 0.64, 0.25, 0.34, 0.37, 0.62, 0.63, 0.17, 0.6, 1.0, 0.21, 0.65, 0.66, 0.17, 0.78, 0.7, 0.73, 0.18, 0.0, 0.17, 0.0, 0.8, 0.85, 0.3, 0.83, 0.18, 0.82, 0.66, 0.72, 0.67, 0.31, 0.25, 0.36, 0.75, 0.37, 0.39, 1.0, 0.82, 0.58, 0.25, 0.71, 0.17, 0.65, 0.71, 0.59, 1.0, 0.67, 0.24, 0.25, 0.79, 0.25, 0.24, 0.38, 0.67, 0.84, 0.29, 0.35, 0.75, 0.33, 0.38, 0.34, 0.65, 0.37, 0.55, 0.5, 0.63, 0.66, 0.32]"
522,196321,0.294,0.389,520,2025-02-23 07:22:58.171692,"['32214', '32215', '32219', '32222', '32223', '32226', '32239', '32253', '32256', '32264', '32266', '32274', '32276', '32280', '32281']","[3052, 4003, 4226, 3720, 4953, 2316, 4033, 5760, 4455, 5195, 1822, 1176, 4846, 3285, 4808, 3500, 3900, 449, 4954, 3326, 4062, 4600, 990, 2664, 4539, 3158, 1359, 2776, 506, 4120, 1553, 2948, 4557, 4325, 5567, 5899]","[1.0, 0.25, 0.7, 0.68, 0.55, 0.75, 0.21, 0.32, 1.0, 0.25, 0.46, 0.47, 0.75, 0.75, 0.34, 0.68, 0.43, 0.4, 0.72, 0.7, 0.33, 0.85, 0.53, 0.76, 0.34, 0.25, 0.29, 0.67, 0.73, 0.81, 0.49, 0.67, 0.38, 0.71, 0.7, 0.5, 0.74, 0.41, 0.41, 0.75, 0.58, 0.56, 0.75, 0.71, 0.84, 0.71, 0.65, 0.51, 0.35, 0.58, 1.0, 0.68, 1.0, 0.72, 0.12, 0.67, 0.73, 0.64, 0.12, 0.21, 0.5, 0.75, 0.5, 0.25, 0.75, 0.43, 0.67, 0.5, 0.71, 0.38, 0.64, 0.41, 0.59, 0.56, 0.44]"
523,1502368,0.309,0.139,520,2025-02-23 07:22:58.290452,"['32217', '32221', '32230', '32231', '32239', '32242', '32243', '32251', '32262', '32263', '32270', '32275', '32283', '32286', '32288']","[5256, 5692, 3255, 1316, 4547, 1164, 2843, 1787, 2664, 3084, 295, 342, 5460, 3474, 2498, 3063, 4184, 981, 712, 5402, 1098, 2640, 3406, 2668, 2761, 4161, 3285, 2112, 2943, 2072, 1538, 5594, 3029, 5065, 3151, 2044]","[0.41, 0.8, 0.75, 0.25, 0.84, 0.76, 0.32, 0.75, 0.29, 0.23, 0.61, 0.65, 0.36, 0.88, 0.63, 0.76, 0.0, 1.0, 0.77, 0.7, 0.61, 0.88, 0.24, 0.78, 0.73, 0.75, 0.68, 0.87, 0.0, 1.0, 0.81, 0.33, 0.73, 0.41, 0.65, 0.18, 0.86, 0.75, 0.27, 0.76, 0.79, 0.82, 0.77, 0.9, 0.79, 0.82, 0.85, 0.26, 1.0, 0.25, 0.31, 0.61, 0.67, 0.81, 0.06, 0.78, 1.0, 0.9, 0.06, 0.13, 0.43, 0.17, 0.7, 0.19, 0.68, 0.27, 0.79, 0.65, 0.8, 0.0, 0.77, 0.27, 0.75, 0.37, 0.5]"
524,704183,0.345,0.389,520,2025-02-23 07:22:58.409549,"['32218', '32223', '32230', '32239', '32249', '32252', '32254', '32256', '32261', '32270', '32271', '32279', '32280', '32283', '32288']","[2879, 5385, 3703, 2744, 3383, 2586, 277, 3484, 4723, 4319, 5326, 2338, 5918, 1007, 882, 1596, 4226, 3035, 2011, 2740, 5915, 2839, 1761, 525, 1204, 557, 4861, 5114, 122, 5562, 1020, 4554, 5237, 3755, 2499, 3308]","[0.48, 0.41, 0.73, 0.48, 1.0, 0.33, 0.15, 0.25, 0.5, 0.75, 0.29, 0.38, 0.62, 0.63, 0.11, 0.51, 1.0, 0.17, 0.56, 0.56, 0.12, 0.65, 0.71, 0.69, 0.23, 1.0, 0.29, 0.57, 0.7, 0.73, 0.34, 0.85, 0.14, 0.8, 0.46, 1.0, 0.72, 0.29, 0.25, 0.33, 0.25, 0.36, 0.0, 0.54, 0.68, 0.42, 0.5, 1.0, 0.12, 0.67, 0.71, 0.3, 0.31, 0.71, 0.43, 0.3, 0.75, 0.0, 0.43, 0.64, 0.48, 0.76, 0.33, 0.48, 0.68, 1.0, 0.17, 0.37, 0.66, 0.75, 0.56, 0.48, 0.61, 0.62, 0.75]"
525,1174136,0.389,0.139,525,2025-02-23 07:22:58.655195,"['32215', '32218', '32219', '32222', '32226', '32239', '32244', '32249', '32255', '32261', '32265', '32274', '32280', '32281', '32288']","[4226, 3052, 3720, 4003, 5195, 1359, 4033, 5899, 2058, 4953, 2948, 1331, 506, 2664, 4455, 480, 3094, 4846, 3326, 3694, 5760, 576, 5567, 3500, 4954, 5829, 4539, 814, 2505, 1553, 2378, 2316, 4062, 5555, 539, 2840]","[0.6, 0.75, 0.73, 0.59, 1.0, 0.25, 0.23, 0.32, 1.0, 0.38, 0.44, 0.45, 1.0, 0.74, 0.31, 0.66, 0.41, 0.38, 0.71, 0.67, 0.3, 0.84, 0.56, 0.73, 0.35, 0.0, 0.32, 0.7, 0.7, 0.75, 1.0, 0.67, 0.33, 0.71, 0.65, 1.0, 0.75, 0.39, 0.45, 0.55, 0.62, 1.0, 0.57, 0.74, 0.82, 0.66, 0.65, 1.0, 0.28, 0.58, 0.58, 1.0, 0.65, 0.71, 0.16, 0.58, 0.71, 0.63, 0.14, 0.28, 0.83, 0.72, 0.4, 0.27, 0.75, 0.43, 1.0, 0.5, 0.7, 0.4, 0.62, 0.44, 0.55, 0.56, 0.5]"
526,588819,0.35,0.417,525,2025-02-23 07:22:58.773338,"['32214', '32215', '32222', '32225', '32226', '32238', '32239', '32244', '32249', '32261', '32269', '32274', '32276', '32281', '32288']","[3052, 4003, 4226, 3720, 5760, 5195, 4953, 4033, 2316, 1822, 506, 4600, 4954, 4119, 5899, 1359, 2948, 2664, 5098, 814, 1331, 1176, 1553, 4846, 5567, 480, 990, 3326, 2968, 5555, 4557, 2058, 930, 5888, 4325, 4120]","[1.0, 0.25, 0.72, 0.64, 0.51, 0.35, 0.22, 0.3, 1.0, 0.39, 0.43, 0.25, 0.75, 0.72, 0.3, 0.65, 0.43, 0.35, 0.71, 0.67, 0.28, 0.84, 0.59, 0.73, 0.25, 0.25, 0.28, 0.66, 0.73, 0.77, 1.0, 0.69, 0.31, 0.74, 0.67, 0.25, 0.73, 0.38, 0.46, 0.53, 0.59, 0.55, 0.54, 0.71, 0.83, 0.66, 0.62, 0.75, 0.27, 0.59, 0.61, 0.62, 0.67, 0.7, 0.16, 0.75, 0.74, 0.59, 0.14, 0.28, 0.83, 0.75, 0.67, 0.27, 0.76, 0.45, 0.52, 0.5, 0.69, 0.38, 0.6, 0.46, 0.56, 0.58, 0.5]"
527,1473550,0.334,0.083,525,2025-02-23 07:22:58.903546,"['32217', '32226', '32239', '32240', '32242', '32244', '32248', '32249', '32253', '32264', '32273', '32275', '32281', '32283', '32288']","[539, 2840, 3052, 216, 3703, 4033, 5195, 712, 4003, 506, 637, 2050, 2612, 5614, 5658, 4723, 3951, 835, 4065, 2943, 2378, 557, 117, 990, 1249, 4322, 3263, 4600, 889, 5758, 3285, 449, 1331, 882, 3561, 5541]","[0.35, 0.66, 0.77, 0.0, 0.63, 0.67, 0.25, 0.38, 0.3, 0.43, 0.43, 0.52, 0.25, 0.8, 0.32, 0.62, 0.39, 0.43, 0.67, 0.59, 0.33, 0.75, 0.49, 0.72, 0.55, 0.75, 1.0, 0.79, 0.25, 0.54, 0.75, 0.56, 0.38, 0.57, 1.0, 1.0, 0.82, 0.42, 0.41, 0.25, 0.7, 0.64, 0.66, 0.81, 0.7, 0.57, 0.72, 0.58, 0.29, 0.57, 0.75, 0.32, 0.41, 0.78, 0.24, 0.46, 0.48, 0.76, 0.23, 0.25, 0.42, 0.67, 0.53, 0.35, 0.64, 0.42, 0.69, 0.75, 0.74, 0.5, 0.68, 0.39, 0.54, 0.48, 0.5]"
528,706350,0.417,0.306,525,2025-02-23 07:22:59.017714,"['32221', '32224', '32226', '32231', '32243', '32248', '32251', '32263', '32264', '32265', '32266', '32275', '32281', '32283', '32286']","[3255, 1164, 3063, 2072, 734, 216, 4396, 4725, 4000, 2640, 2420, 5692, 2668, 835, 5402, 2664, 1316, 5459, 1098, 5256, 3572, 3593, 2620, 391, 3406, 5460, 3951, 1268, 4176, 2078, 5535, 4161, 3474, 2715, 1787, 2270]","[0.3, 0.81, 0.78, 0.25, 0.81, 0.82, 0.33, 0.75, 0.21, 0.27, 1.0, 0.63, 0.25, 0.88, 0.54, 0.72, 0.2, 1.0, 0.74, 0.63, 0.56, 0.83, 0.3, 0.75, 0.76, 0.73, 0.75, 0.89, 0.39, 1.0, 0.82, 0.33, 0.64, 0.38, 1.0, 0.22, 0.87, 1.0, 0.3, 0.74, 0.82, 0.8, 0.79, 0.91, 0.73, 0.71, 0.84, 0.34, 0.54, 0.0, 0.0, 0.0, 0.0, 0.81, 0.11, 0.65, 0.39, 0.89, 0.11, 0.25, 0.39, 0.33, 0.69, 0.26, 0.63, 0.31, 0.82, 0.75, 0.79, 0.25, 0.75, 0.3, 0.25, 0.38, 0.68]"
529,1150402,0.282,0.111,525,2025-02-23 07:22:59.134700,"['32214', '32224', '32226', '32239', '32243', '32246', '32248', '32251', '32263', '32265', '32266', '32269', '32281', '32283', '32286']","[3063, 5541, 3406, 3593, 734, 391, 1164, 4396, 835, 3255, 216, 5692, 1268, 2050, 2715, 1787, 3310, 2420, 5535, 4000, 3263, 3474, 5402, 5045, 4322, 5614, 2072, 206, 2761, 3951, 2753, 1098, 1316, 2943, 5256, 2620]","[0.0, 0.81, 0.79, 0.2, 0.8, 0.84, 0.32, 0.49, 0.19, 0.31, 0.75, 0.63, 1.0, 0.88, 0.5, 0.7, 0.23, 0.64, 0.72, 0.6, 0.52, 0.8, 0.32, 0.74, 0.76, 0.75, 0.77, 0.89, 0.36, 0.0, 0.82, 0.34, 1.0, 0.38, 1.0, 0.24, 0.88, 0.75, 0.31, 0.72, 0.81, 0.79, 0.79, 0.91, 0.68, 0.67, 0.84, 0.38, 0.5, 0.25, 0.33, 0.0, 0.0, 0.82, 0.14, 1.0, 0.35, 0.89, 0.14, 0.32, 0.38, 0.36, 0.7, 0.29, 0.6, 0.32, 0.82, 0.75, 0.79, 0.25, 0.75, 0.3, 0.75, 0.38, 0.67]"
530,125346,0.345,0.222,530,2025-02-23 07:22:59.381929,"['32224', '32226', '32240', '32242', '32247', '32251', '32253', '32261', '32264', '32275', '32276', '32283', '32286', '32287', '32288']","[539, 3703, 2612, 835, 2840, 4723, 3052, 117, 3951, 506, 889, 216, 2050, 3561, 5782, 2289, 4065, 5614, 4033, 3094, 4838, 557, 712, 4442, 5195, 5658, 5541, 3285, 4732, 4003, 1942, 882, 734, 2943, 4796, 185]","[0.25, 0.72, 0.78, 0.22, 0.62, 0.74, 0.24, 0.42, 0.24, 0.45, 0.75, 0.55, 0.25, 0.81, 0.29, 0.6, 0.4, 0.41, 0.63, 0.54, 0.32, 0.69, 0.44, 0.69, 0.61, 0.6, 1.0, 0.81, 0.0, 0.45, 0.66, 0.54, 0.4, 1.0, 0.4, 0.43, 0.85, 0.0, 0.4, 1.0, 0.7, 0.65, 0.71, 0.82, 0.63, 0.57, 0.74, 1.0, 0.23, 0.58, 1.0, 0.24, 0.29, 0.78, 0.29, 0.39, 0.39, 0.8, 0.32, 0.53, 0.4, 0.0, 1.0, 0.4, 0.6, 0.41, 0.67, 0.59, 0.74, 0.5, 0.66, 0.39, 1.0, 0.75, 0.5]"
531,262932,0.225,0.361,530,2025-02-23 07:22:59.501566,"['32214', '32224', '32228', '32231', '32234', '32238', '32242', '32245', '32246', '32247', '32251', '32253', '32269', '32286', '32287']","[3052, 4033, 4846, 4322, 5899, 990, 5647, 2664, 5195, 4539, 3326, 3500, 3720, 4003, 5541, 5654, 4455, 3285, 2761, 5760, 2112, 786, 857, 4226, 2943, 4412, 4953, 4600, 4316, 5242, 3961, 3367, 1359, 1553, 2948, 2050]","[0.75, 0.57, 0.72, 0.58, 0.62, 0.46, 0.24, 0.37, 0.44, 0.32, 0.75, 0.51, 0.51, 0.77, 0.25, 0.71, 0.36, 0.75, 0.74, 0.69, 0.0, 0.85, 0.47, 0.75, 0.0, 0.48, 0.36, 0.72, 1.0, 0.73, 0.53, 1.0, 1.0, 0.0, 0.67, 0.41, 0.78, 0.0, 0.4, 0.75, 0.64, 0.62, 0.63, 0.76, 0.82, 0.74, 0.69, 0.45, 0.35, 0.57, 0.51, 0.62, 0.67, 0.71, 0.09, 1.0, 0.69, 0.7, 0.12, 0.21, 0.49, 0.69, 0.48, 0.25, 0.74, 0.4, 0.61, 0.48, 0.73, 0.42, 0.63, 0.38, 0.5, 0.5, 0.5]"
532,459121,0.242,0.222,530,2025-02-23 07:22:59.621112,"['32221', '32224', '32231', '32234', '32240', '32242', '32243', '32253', '32262', '32263', '32265', '32270', '32283', '32286', '32288']","[3255, 4725, 5692, 1164, 2668, 4459, 5256, 3063, 3474, 2072, 1268, 342, 216, 1196, 391, 806, 734, 5742, 1942, 668, 5313, 598, 3029, 3310, 4396, 5535, 5157, 3330, 3593, 756, 2980, 5301, 3572, 2341, 5245, 3295]","[0.27, 0.86, 0.78, 0.23, 0.86, 0.87, 0.33, 1.0, 0.18, 0.22, 0.25, 0.68, 0.34, 0.89, 0.61, 0.74, 0.18, 1.0, 0.75, 0.64, 1.0, 0.84, 0.23, 0.75, 0.81, 0.76, 1.0, 0.91, 0.75, 0.75, 0.83, 0.28, 0.74, 0.31, 0.51, 0.16, 0.89, 0.59, 0.28, 1.0, 0.83, 0.84, 0.86, 0.92, 0.72, 0.79, 0.88, 0.29, 1.0, 1.0, 0.27, 0.0, 0.51, 0.81, 0.08, 0.69, 0.0, 0.92, 0.1, 0.22, 0.38, 0.31, 0.78, 0.23, 0.62, 0.26, 0.82, 0.7, 0.81, 0.5, 0.76, 0.28, 0.25, 0.34, 0.75]"
533,1348672,0.249,0.25,530,2025-02-23 07:22:59.740651,"['32214', '32217', '32221', '32234', '32240', '32242', '32243', '32247', '32253', '32261', '32263', '32270', '32275', '32283', '32286']","[5692, 342, 2498, 4520, 2664, 4757, 4322, 981, 2640, 5460, 2112, 1538, 2281, 3406, 3029, 2756, 4987, 3706, 3500, 5065, 1316, 1932, 2943, 5208, 2668, 1098, 4184, 2331, 4396, 4412, 1666, 211, 5238, 3249, 4547, 1612]","[0.75, 0.76, 0.73, 1.0, 0.82, 0.68, 0.32, 0.75, 0.33, 0.18, 0.63, 0.63, 0.4, 0.86, 0.62, 0.79, 0.19, 0.7, 0.81, 0.74, 1.0, 0.9, 0.28, 0.78, 0.67, 0.65, 0.75, 0.85, 0.75, 0.75, 0.72, 0.37, 0.71, 0.0, 0.7, 0.19, 0.84, 0.57, 0.3, 1.0, 0.77, 0.79, 0.79, 0.88, 0.84, 0.85, 0.83, 0.0, 0.63, 0.25, 0.33, 0.71, 0.77, 0.76, 0.04, 0.81, 0.25, 0.87, 0.05, 0.1, 0.46, 0.67, 0.67, 0.17, 0.74, 0.28, 0.76, 0.6, 0.79, 0.0, 0.72, 0.29, 0.5, 0.41, 0.66]"
534,62268,0.245,0.361,530,2025-02-23 07:22:59.859296,"['32221', '32224', '32234', '32240', '32242', '32243', '32248', '32253', '32262', '32263', '32265', '32270', '32274', '32283', '32286']","[5402, 5256, 1164, 3255, 3273, 668, 3063, 4444, 1117, 535, 2253, 133, 2668, 4725, 3188, 756, 4396, 1942, 4504, 1783, 5134, 342, 3474, 3084, 4696, 3450, 3376, 5245, 1926, 2072, 1196, 2048, 295, 3029, 3113, 5459]","[0.32, 0.87, 0.78, 0.29, 0.88, 0.86, 0.35, 0.25, 0.19, 0.17, 1.0, 0.7, 0.32, 0.9, 0.68, 0.78, 0.15, 0.77, 0.79, 0.69, 1.0, 0.88, 0.2, 0.77, 0.82, 0.77, 1.0, 0.91, 0.25, 0.0, 0.84, 0.25, 0.79, 0.3, 1.0, 0.12, 0.89, 0.62, 0.25, 1.0, 0.84, 0.87, 0.87, 0.93, 0.77, 0.84, 0.89, 0.22, 1.0, 0.75, 0.24, 0.75, 0.63, 0.81, 0.05, 0.77, 0.25, 0.93, 0.06, 0.14, 0.17, 0.32, 0.79, 0.19, 0.66, 0.24, 0.83, 0.71, 0.82, 0.25, 0.77, 0.26, 0.5, 0.33, 0.72]"
535,41628,0.28,0.222,535,2025-02-23 07:23:00.107103,"['32219', '32221', '32224', '32228', '32234', '32243', '32248', '32251', '32263', '32266', '32269', '32275', '32278', '32283', '32286']","[3255, 1164, 3063, 2072, 5256, 206, 4459, 4725, 1787, 2668, 734, 668, 4396, 182, 3310, 5609, 3113, 3593, 391, 1117, 3273, 5801, 5522, 4500, 5157, 5402, 1268, 2246, 440, 3572, 5848, 133, 214, 4696, 3376, 5742]","[0.24, 0.88, 0.8, 0.21, 0.88, 1.0, 0.37, 0.75, 0.18, 0.22, 0.75, 0.7, 0.3, 0.9, 1.0, 0.75, 0.17, 0.77, 0.76, 0.66, 1.0, 0.85, 0.2, 0.78, 0.82, 0.79, 0.81, 0.93, 0.31, 0.0, 0.88, 0.24, 0.76, 0.28, 0.75, 0.14, 0.87, 0.75, 0.25, 0.8, 0.86, 0.85, 0.86, 0.94, 0.72, 0.78, 0.89, 0.25, 0.67, 0.75, 0.23, 0.4, 0.0, 0.82, 0.07, 1.0, 0.31, 0.94, 0.07, 0.19, 0.37, 0.17, 0.79, 0.23, 1.0, 0.26, 0.83, 0.76, 0.84, 0.5, 0.81, 0.26, 0.5, 0.33, 0.71]"
536,1138167,0.393,0.111,535,2025-02-23 07:23:00.234639,"['32219', '32229', '32241', '32248', '32252', '32257', '32259', '32260', '32266', '32271', '32273', '32274', '32277', '32284', '32285']","[5385, 2338, 4319, 2586, 525, 2547, 2879, 5326, 930, 5915, 670, 3885, 4804, 2744, 2910, 5884, 4554, 277, 3383, 1760, 1569, 1596, 5562, 4119, 905, 4226, 715, 882, 2762, 2707, 557, 2011, 2273, 690, 4927, 5771]","[0.58, 0.3, 0.69, 0.57, 0.28, 0.0, 0.15, 0.21, 0.57, 0.64, 0.32, 0.34, 0.65, 0.57, 0.11, 0.25, 0.71, 0.16, 0.58, 0.59, 0.12, 0.67, 0.76, 0.7, 0.17, 0.27, 0.18, 1.0, 0.75, 0.81, 0.27, 0.84, 0.12, 0.86, 0.75, 0.8, 0.64, 0.27, 1.0, 0.27, 0.4, 0.3, 0.39, 0.25, 0.77, 0.0, 0.25, 0.83, 0.09, 0.66, 0.77, 0.37, 0.0, 0.67, 0.4, 0.28, 0.72, 0.25, 0.38, 0.25, 0.83, 0.82, 0.25, 0.33, 0.68, 0.58, 0.34, 0.33, 0.66, 0.39, 0.25, 0.25, 0.63, 0.67, 0.3]"
537,1470178,0.368,0.333,535,2025-02-23 07:23:00.348642,"['32219', '32224', '32225', '32236', '32239', '32240', '32242', '32245', '32248', '32263', '32264', '32275', '32276', '32287', '32288']","[539, 3052, 4033, 3951, 5614, 712, 216, 2840, 2050, 835, 3703, 4003, 5541, 2640, 2943, 2378, 506, 5195, 4322, 4442, 3263, 3285, 5465, 2612, 2060, 4723, 117, 3561, 1786, 5675, 1359, 1176, 4299, 1374, 301, 449]","[0.32, 0.71, 0.76, 0.29, 0.68, 0.75, 0.26, 0.41, 0.29, 0.41, 0.0, 0.25, 0.45, 0.81, 0.35, 0.65, 0.38, 0.48, 0.67, 0.61, 0.37, 0.75, 0.0, 0.74, 0.58, 0.75, 0.75, 0.84, 0.25, 0.54, 0.69, 1.0, 0.44, 0.53, 0.75, 0.39, 0.81, 0.45, 0.38, 0.59, 0.71, 0.66, 0.72, 0.85, 0.7, 0.61, 0.76, 0.54, 0.34, 0.0, 1.0, 0.33, 0.4, 0.78, 0.21, 0.48, 0.43, 0.81, 0.2, 0.4, 0.42, 0.33, 0.67, 0.36, 0.61, 0.39, 0.66, 0.61, 0.78, 0.47, 0.71, 0.35, 0.54, 0.5, 1.0]"
538,658285,0.227,0.194,535,2025-02-23 07:23:00.462184,"['32219', '32221', '32224', '32228', '32231', '32234', '32240', '32243', '32248', '32251', '32263', '32266', '32278', '32283', '32286']","[734, 1164, 2980, 3255, 3063, 2072, 776, 1183, 4459, 4396, 3312, 2481, 2668, 4500, 1268, 3829, 3593, 2253, 806, 3273, 182, 3049, 4696, 5290, 206, 1456, 1067, 5256, 1787, 535, 4807, 876, 214, 5684, 297, 3310]","[0.16, 0.89, 0.82, 0.13, 0.87, 0.75, 0.37, 1.0, 0.14, 0.27, 0.75, 0.71, 0.31, 0.9, 1.0, 0.71, 0.19, 1.0, 0.72, 0.61, 1.0, 0.79, 0.2, 0.76, 0.85, 0.81, 1.0, 0.94, 0.24, 0.0, 0.89, 0.24, 0.73, 0.26, 0.0, 0.15, 0.89, 0.0, 0.25, 0.79, 0.86, 0.85, 0.87, 0.94, 0.62, 0.72, 0.9, 0.31, 0.61, 0.0, 0.22, 0.25, 0.0, 0.84, 0.11, 0.61, 0.23, 0.95, 0.11, 0.3, 0.34, 0.23, 0.8, 0.29, 0.17, 0.27, 0.83, 0.78, 0.85, 0.25, 0.82, 0.25, 0.0, 0.31, 0.7]"
539,126757,0.251,0.306,535,2025-02-23 07:23:00.580760,"['32214', '32217', '32219', '32224', '32225', '32245', '32255', '32262', '32264', '32265', '32266', '32276', '32281', '32287', '32288']","[712, 4033, 3052, 4322, 5541, 506, 3285, 2943, 2050, 2664, 1176, 5614, 5195, 1786, 4825, 2761, 539, 3706, 1359, 4455, 4003, 786, 857, 4120, 216, 5238, 4600, 3720, 5675, 2640, 4975, 3500, 3263, 3406, 576, 628]","[0.25, 0.68, 0.74, 0.0, 0.71, 0.25, 0.27, 0.41, 0.36, 0.31, 1.0, 1.0, 0.43, 0.81, 0.46, 0.71, 0.31, 0.56, 0.73, 0.67, 0.46, 0.85, 0.39, 0.77, 0.55, 0.59, 0.51, 0.83, 0.55, 0.63, 0.68, 0.25, 0.52, 0.54, 0.61, 0.33, 0.79, 0.48, 0.36, 0.64, 0.72, 0.75, 0.71, 0.84, 0.81, 0.72, 0.77, 0.41, 0.0, 0.51, 0.75, 1.0, 1.0, 0.76, 0.1, 0.65, 0.55, 0.81, 0.1, 0.21, 0.45, 0.55, 0.83, 0.27, 0.68, 0.35, 0.67, 0.75, 0.78, 0.41, 0.7, 0.35, 0.54, 0.75, 0.75]"
540,701655,0.356,0.167,540,2025-02-23 07:23:00.827518,"['32214', '32221', '32234', '32240', '32242', '32246', '32251', '32262', '32263', '32265', '32269', '32270', '32275', '32281', '32286']","[342, 5460, 3474, 2761, 4184, 5692, 49, 2112, 5256, 3596, 3593, 5065, 2756, 4520, 668, 981, 1538, 295, 1316, 3500, 2664, 3255, 4322, 2843, 1164, 4757, 3084, 2943, 1098, 4617, 114, 5594, 5484, 3151, 5238, 5204]","[0.0, 0.76, 0.74, 0.4, 0.82, 0.71, 0.32, 0.75, 0.3, 0.25, 0.59, 0.63, 0.38, 0.88, 0.6, 0.74, 0.2, 0.69, 0.77, 0.69, 1.0, 0.88, 0.28, 0.77, 0.69, 0.64, 1.0, 0.88, 1.0, 0.58, 0.79, 0.38, 1.0, 0.41, 0.62, 0.2, 0.85, 0.25, 0.29, 0.72, 0.79, 0.83, 0.78, 0.89, 0.82, 0.81, 0.85, 0.27, 1.0, 1.0, 0.33, 0.75, 0.69, 0.77, 0.06, 0.75, 0.75, 0.89, 0.07, 0.15, 0.44, 0.83, 0.66, 0.21, 0.71, 0.25, 0.8, 0.75, 0.8, 0.44, 0.75, 0.31, 0.75, 0.4, 0.61]"
541,1422509,0.349,0.194,540,2025-02-23 07:23:00.951522,"['32218', '32219', '32223', '32225', '32230', '32239', '32248', '32249', '32253', '32259', '32270', '32276', '32281', '32283', '32287']","[3703, 882, 3052, 539, 5195, 2840, 506, 2378, 637, 4723, 5658, 557, 2744, 835, 2612, 4701, 823, 117, 3383, 4226, 838, 4732, 5782, 4033, 5760, 3266, 2753, 3326, 4003, 216, 5385, 3035, 2505, 5614, 1331, 4600]","[0.38, 0.54, 0.74, 0.34, 0.75, 0.75, 0.21, 0.32, 0.36, 1.0, 0.39, 0.0, 0.56, 0.75, 0.21, 0.56, 0.25, 0.31, 0.61, 0.55, 0.23, 0.68, 0.6, 0.71, 0.41, 0.0, 0.48, 0.74, 0.59, 0.64, 0.55, 0.7, 0.28, 0.67, 0.25, 0.75, 0.8, 0.35, 0.45, 0.0, 0.58, 0.57, 0.56, 0.72, 0.69, 1.0, 0.63, 0.7, 0.17, 0.59, 0.59, 0.28, 0.34, 0.74, 0.32, 0.37, 0.25, 0.68, 0.34, 0.57, 0.45, 0.63, 0.33, 0.43, 0.65, 0.44, 0.58, 0.5, 0.71, 0.75, 0.62, 0.44, 0.56, 0.25, 0.42]"
542,1462330,0.357,0.028,540,2025-02-23 07:23:01.065895,"['32229', '32230', '32241', '32248', '32252', '32257', '32259', '32260', '32271', '32273', '32274', '32279', '32281', '32284', '32285']","[5385, 4319, 277, 5326, 3885, 2547, 2338, 4226, 4554, 930, 2879, 525, 4780, 882, 4988, 2586, 3383, 557, 1533, 5673, 174, 4861, 5072, 3998, 1770, 1596, 2762, 1788, 1007, 1204, 5915, 5562, 3244, 4119, 4099, 2910]","[0.61, 0.3, 0.7, 0.61, 0.27, 0.23, 0.16, 0.23, 0.58, 0.63, 0.33, 0.34, 0.66, 0.62, 0.11, 1.0, 1.0, 0.17, 0.59, 0.59, 0.13, 0.69, 0.77, 0.71, 0.18, 0.26, 0.19, 1.0, 0.78, 0.83, 0.33, 0.84, 0.14, 0.85, 1.0, 0.79, 0.69, 0.28, 1.0, 0.3, 0.4, 0.37, 0.38, 1.0, 0.8, 1.0, 0.0, 0.81, 0.09, 0.66, 0.76, 0.43, 0.44, 0.65, 0.35, 0.34, 0.73, 0.0, 0.36, 1.0, 1.0, 0.82, 0.26, 0.46, 0.74, 0.83, 0.39, 0.25, 0.65, 0.44, 0.5, 0.75, 0.62, 0.65, 0.29]"
543,955585,0.341,0.222,540,2025-02-23 07:23:01.182630,"['32214', '32219', '32221', '32234', '32242', '32245', '32251', '32263', '32265', '32269', '32270', '32274', '32275', '32281', '32286']","[2664, 3406, 2498, 2943, 5692, 1316, 4184, 3310, 2761, 4322, 114, 1164, 5065, 342, 211, 2640, 3474, 4396, 5700, 4757, 3063, 5460, 3706, 5541, 4987, 3500, 4257, 981, 3029, 295, 4000, 2843, 5402, 5256, 1932, 214]","[0.0, 0.78, 0.74, 0.37, 0.83, 1.0, 0.33, 0.75, 0.28, 0.24, 0.59, 0.64, 0.36, 0.89, 0.62, 0.75, 0.19, 0.71, 0.77, 0.69, 0.75, 0.88, 0.27, 0.78, 0.72, 0.66, 0.66, 0.89, 0.75, 0.56, 0.8, 0.25, 0.71, 0.39, 0.61, 0.19, 0.85, 1.0, 0.28, 0.74, 0.8, 0.84, 0.79, 0.89, 0.81, 0.81, 0.86, 0.26, 0.62, 0.25, 0.31, 1.0, 0.68, 0.78, 0.06, 1.0, 0.0, 0.9, 0.07, 0.15, 0.67, 0.83, 0.68, 0.21, 0.71, 0.25, 0.81, 0.5, 0.8, 0.45, 0.76, 0.31, 0.5, 0.39, 0.63]"
544,1160877,0.393,0.167,540,2025-02-23 07:23:01.295584,"['32218', '32230', '32252', '32254', '32259', '32260', '32265', '32271', '32273', '32274', '32279', '32280', '32281', '32284', '32285']","[4319, 525, 5385, 930, 2586, 4226, 1596, 3885, 2879, 4780, 4554, 2547, 5326, 5760, 4988, 1769, 1770, 2011, 3998, 3383, 277, 4012, 5918, 2839, 2338, 4099, 4119, 1533, 4861, 2482, 374, 5655, 1204, 2910, 2609, 5323]","[0.63, 0.3, 0.69, 0.63, 0.0, 0.22, 0.16, 0.24, 0.59, 0.6, 0.34, 0.35, 0.66, 0.63, 0.13, 0.54, 1.0, 0.19, 0.61, 0.6, 0.14, 0.72, 0.76, 0.71, 0.19, 0.26, 0.19, 0.54, 0.79, 0.83, 0.34, 0.84, 0.15, 0.85, 0.58, 0.78, 0.69, 0.29, 0.0, 0.31, 0.0, 0.39, 0.39, 0.53, 0.81, 1.0, 1.0, 0.79, 0.1, 0.65, 0.75, 0.0, 0.48, 0.65, 0.31, 0.38, 0.74, 0.0, 0.32, 0.0, 1.0, 0.82, 0.26, 0.44, 0.75, 1.0, 0.0, 0.25, 0.66, 0.43, 0.5, 0.5, 0.61, 0.65, 0.3]"
545,1526262,0.281,0.333,545,2025-02-23 07:23:01.545280,"['32214', '32221', '32242', '32243', '32245', '32253', '32263', '32264', '32265', '32266', '32270', '32274', '32275', '32283', '32286']","[1164, 3406, 5692, 5256, 5402, 214, 342, 3310, 2339, 1893, 2640, 1942, 4547, 4000, 2943, 4184, 2498, 5744, 3474, 2668, 3255, 598, 1268, 3450, 3273, 4396, 5700, 5027, 3932, 1316, 1611, 4725, 5459, 3330, 1117, 3029]","[0.25, 0.83, 0.76, 0.35, 0.86, 0.81, 0.33, 1.0, 0.27, 0.18, 0.63, 0.68, 0.33, 0.9, 0.66, 0.76, 0.16, 0.76, 0.78, 0.69, 0.66, 0.89, 0.22, 0.78, 0.78, 0.72, 0.74, 0.89, 0.25, 0.75, 0.85, 0.0, 0.76, 0.34, 0.63, 0.16, 0.86, 0.62, 0.27, 1.0, 0.83, 0.86, 0.85, 0.92, 0.81, 0.8, 0.88, 0.23, 0.67, 0.25, 0.25, 1.0, 1.0, 0.81, 0.06, 0.79, 0.0, 0.92, 0.05, 0.14, 0.5, 0.33, 0.74, 0.18, 0.69, 0.25, 0.85, 0.69, 0.8, 0.5, 0.79, 0.25, 0.5, 0.35, 0.71]"
546,936058,0.367,0.306,545,2025-02-23 07:23:01.659558,"['32219', '32225', '32226', '32231', '32240', '32242', '32247', '32248', '32251', '32253', '32261', '32270', '32273', '32281', '32283']","[3703, 539, 4723, 3052, 882, 5195, 2840, 2612, 4033, 506, 117, 557, 4003, 5658, 835, 238, 823, 3326, 2753, 4226, 2744, 2740, 637, 4600, 4846, 3720, 3951, 2050, 5760, 5888, 264, 838, 2586, 990, 5465, 5782]","[0.37, 0.55, 0.76, 0.33, 0.51, 1.0, 0.2, 0.34, 0.36, 0.49, 0.39, 0.0, 1.0, 0.74, 0.21, 0.55, 0.51, 0.75, 0.61, 0.56, 0.21, 0.69, 0.58, 0.69, 0.42, 0.45, 1.0, 0.72, 0.75, 0.6, 0.57, 0.71, 0.28, 0.75, 0.75, 0.56, 0.78, 0.25, 0.45, 0.75, 0.58, 0.56, 0.6, 0.73, 0.68, 0.48, 0.64, 1.0, 0.18, 0.62, 0.61, 0.27, 0.31, 0.75, 0.32, 0.39, 0.75, 0.66, 0.32, 1.0, 0.44, 0.6, 0.46, 0.42, 0.61, 0.47, 0.6, 0.5, 0.7, 0.5, 0.63, 0.43, 0.56, 0.53, 0.45]"
547,1497054,0.323,0.389,545,2025-02-23 07:23:01.776620,"['32214', '32222', '32232', '32233', '32252', '32253', '32256', '32257', '32268', '32270', '32272', '32273', '32283', '32284', '32285']","[905, 5385, 2839, 5326, 5562, 846, 5915, 2338, 882, 3974, 4554, 2744, 5114, 277, 3383, 3035, 4643, 1020, 1204, 1964, 5237, 1007, 4861, 2499, 2762, 2334, 1788, 4029, 1071, 1569, 2707, 3885, 1178, 1502, 1156, 4475]","[0.0, 0.3, 0.74, 0.42, 0.24, 0.32, 0.13, 0.22, 0.25, 0.7, 0.27, 0.34, 0.68, 0.57, 0.06, 0.42, 0.76, 0.13, 1.0, 1.0, 0.07, 0.55, 0.8, 0.64, 0.19, 0.25, 0.28, 0.51, 0.66, 0.71, 0.31, 0.9, 0.09, 0.84, 0.41, 0.82, 0.69, 0.27, 0.75, 0.25, 0.37, 0.3, 0.0, 0.0, 0.64, 0.29, 0.39, 0.9, 0.05, 0.72, 0.82, 0.19, 0.19, 0.69, 1.0, 0.19, 1.0, 0.37, 0.75, 1.0, 0.48, 0.76, 0.26, 0.57, 0.6, 0.64, 0.37, 0.37, 0.61, 0.75, 0.75, 0.75, 0.61, 0.67, 0.28]"
548,900605,0.388,0.083,545,2025-02-23 07:23:01.894737,"['32215', '32218', '32219', '32223', '32229', '32230', '32242', '32252', '32253', '32254', '32271', '32273', '32283', '32285', '32287']","[3703, 882, 4723, 539, 3052, 2612, 2744, 5658, 557, 823, 2840, 117, 4732, 506, 2499, 4701, 835, 5195, 4226, 4838, 2740, 5782, 637, 238, 2586, 174, 838, 2378, 5760, 3741, 5918, 3682, 3308, 3383, 4033, 3094]","[0.35, 1.0, 0.77, 0.31, 1.0, 1.0, 0.19, 0.33, 0.36, 1.0, 0.38, 0.47, 0.55, 0.73, 0.18, 1.0, 1.0, 0.31, 0.59, 0.54, 0.19, 0.66, 0.6, 0.69, 0.41, 0.44, 0.51, 0.71, 1.0, 0.58, 0.56, 0.73, 0.26, 0.67, 0.43, 0.58, 0.78, 0.38, 1.0, 0.25, 0.75, 0.54, 0.59, 0.72, 0.66, 0.45, 0.62, 0.74, 0.16, 0.63, 0.63, 0.24, 0.27, 0.75, 0.36, 0.35, 0.47, 0.75, 0.36, 1.0, 0.43, 0.59, 0.45, 0.44, 0.59, 0.49, 0.59, 0.52, 0.69, 0.5, 0.63, 0.75, 0.56, 1.0, 0.44]"
549,1406014,0.42,0.056,545,2025-02-23 07:23:02.013274,"['32215', '32223', '32225', '32241', '32252', '32253', '32256', '32260', '32265', '32269', '32271', '32273', '32274', '32280', '32285']","[3052, 4003, 3720, 4226, 5760, 2586, 3266, 637, 5195, 4033, 3703, 557, 4953, 3326, 930, 4663, 4600, 5758, 3158, 4119, 882, 1553, 2948, 4954, 5888, 1331, 4846, 4557, 2776, 539, 2316, 5658, 3139, 1822, 5918, 480]","[0.61, 0.0, 0.71, 0.6, 0.45, 0.37, 0.19, 0.29, 0.52, 0.25, 0.42, 0.25, 0.58, 0.71, 0.22, 0.61, 0.52, 0.33, 0.67, 0.64, 0.22, 0.79, 0.62, 0.72, 0.31, 0.35, 0.29, 0.75, 0.71, 0.77, 0.46, 0.75, 0.27, 0.75, 0.64, 0.58, 0.72, 0.39, 0.0, 0.25, 0.53, 0.5, 0.75, 0.67, 0.81, 0.58, 0.25, 0.65, 0.21, 0.63, 0.66, 0.75, 0.56, 0.7, 0.2, 0.0, 0.7, 0.75, 0.2, 0.0, 0.83, 0.75, 0.38, 0.33, 0.73, 0.49, 0.33, 0.42, 0.67, 0.42, 0.58, 0.5, 0.59, 0.6, 0.41]"
550,931381,0.352,0.139,550,2025-02-23 07:23:02.264790,"['32218', '32223', '32225', '32226', '32231', '32238', '32243', '32248', '32249', '32252', '32253', '32270', '32281', '32283', '32288']","[5195, 3052, 3703, 4600, 4226, 4033, 539, 3326, 4723, 4003, 4119, 3720, 5385, 4846, 2586, 882, 5760, 5782, 5315, 4663, 557, 2050, 3158, 4319, 5465, 1553, 5918, 506, 3266, 2378, 3094, 838, 1331, 823, 990, 2948]","[0.51, 0.47, 0.71, 0.5, 0.0, 0.39, 0.2, 0.29, 0.47, 0.0, 0.4, 0.0, 1.0, 0.7, 0.22, 0.59, 0.5, 0.25, 0.64, 0.62, 0.21, 0.75, 0.63, 0.72, 0.75, 0.39, 0.32, 0.68, 0.67, 0.75, 0.44, 0.71, 0.25, 0.71, 1.0, 1.0, 0.73, 0.36, 0.0, 0.75, 0.52, 0.53, 0.54, 0.65, 0.76, 0.56, 0.58, 0.7, 0.21, 0.62, 0.65, 0.44, 0.47, 0.71, 0.26, 0.45, 0.0, 0.58, 0.27, 0.45, 0.48, 0.72, 0.38, 0.37, 0.7, 0.47, 0.51, 0.25, 0.69, 0.25, 0.61, 0.46, 0.57, 0.58, 0.25]"
551,387525,0.366,0.167,550,2025-02-23 07:23:02.384255,"['32224', '32226', '32238', '32242', '32246', '32248', '32253', '32264', '32266', '32269', '32270', '32273', '32275', '32283', '32288']","[539, 3052, 5195, 2050, 506, 4322, 3951, 2664, 4033, 712, 2943, 835, 216, 2840, 2640, 5465, 4520, 3285, 5541, 4723, 4600, 2612, 2620, 1359, 4003, 4455, 3406, 990, 5264, 2761, 117, 2948, 786, 2753, 1176, 3500]","[0.38, 0.67, 0.73, 0.36, 0.7, 0.63, 0.26, 0.4, 0.32, 0.37, 1.0, 0.55, 0.0, 0.82, 0.39, 0.66, 0.32, 0.5, 0.69, 0.64, 0.38, 0.8, 0.44, 0.74, 1.0, 0.58, 0.55, 0.82, 0.75, 0.59, 0.66, 0.5, 0.0, 0.53, 1.0, 0.37, 0.81, 0.46, 0.38, 0.75, 0.68, 0.71, 0.71, 0.8, 0.75, 0.65, 0.74, 0.51, 0.39, 0.55, 1.0, 0.42, 0.0, 0.76, 0.16, 1.0, 0.25, 0.8, 0.16, 0.25, 0.43, 0.67, 0.57, 0.3, 0.67, 0.36, 0.67, 0.57, 0.76, 0.5, 0.71, 0.37, 0.52, 0.47, 0.75]"
552,507832,0.314,0.444,550,2025-02-23 07:23:02.497820,"['32217', '32219', '32224', '32225', '32238', '32239', '32240', '32244', '32248', '32249', '32253', '32266', '32269', '32276', '32288']","[3052, 4033, 5195, 539, 506, 4003, 1359, 712, 2050, 2840, 4600, 835, 3703, 2948, 1176, 5888, 1553, 216, 2753, 2943, 889, 3720, 2664, 2378, 3729, 4622, 2761, 2505, 3951, 1786, 5758, 4723, 990, 5614, 5760, 576]","[0.4, 0.64, 0.73, 0.25, 0.66, 0.25, 0.25, 0.38, 0.34, 0.4, 0.25, 0.25, 0.49, 0.8, 0.35, 0.65, 0.35, 0.47, 0.68, 0.63, 0.34, 0.79, 0.47, 0.73, 0.25, 0.25, 0.75, 0.8, 0.56, 0.62, 1.0, 0.54, 0.42, 0.57, 1.0, 0.25, 0.79, 0.44, 0.4, 0.75, 0.65, 0.68, 0.69, 0.78, 0.75, 0.63, 0.71, 0.55, 0.35, 0.56, 0.5, 0.42, 0.25, 0.75, 0.18, 0.75, 0.54, 0.77, 0.18, 0.36, 0.43, 0.58, 0.83, 0.32, 0.67, 0.38, 0.64, 0.55, 0.74, 0.47, 0.69, 0.38, 0.53, 0.49, 0.5]"
553,484445,0.221,0.333,550,2025-02-23 07:23:02.610775,"['32221', '32224', '32234', '32242', '32243', '32248', '32251', '32253', '32263', '32265', '32266', '32270', '32283', '32286', '32288']","[1164, 2943, 5541, 3273, 535, 5402, 3255, 2253, 133, 5256, 216, 3188, 4322, 835, 4504, 1926, 668, 3406, 3063, 1783, 5692, 391, 2640, 2980, 4444, 4696, 2668, 756, 1942, 4807, 3593, 1316, 214, 3310, 734, 5700]","[0.29, 0.82, 0.75, 0.26, 0.84, 0.8, 0.34, 0.25, 0.22, 0.27, 0.75, 0.66, 0.36, 0.89, 0.58, 0.73, 0.18, 0.69, 0.74, 0.66, 1.0, 0.84, 0.27, 0.76, 0.77, 0.73, 0.75, 0.9, 0.25, 0.25, 0.81, 0.3, 0.67, 0.36, 0.75, 0.19, 0.86, 0.25, 0.29, 1.0, 0.8, 0.83, 0.83, 0.89, 0.75, 0.74, 0.85, 0.32, 0.6, 0.25, 0.3, 0.25, 0.75, 0.8, 0.1, 0.69, 0.25, 0.91, 0.1, 0.22, 0.38, 0.38, 0.72, 0.23, 0.64, 0.26, 0.79, 0.7, 0.81, 0.5, 0.79, 0.29, 0.25, 0.37, 0.75]"
554,724240,0.451,0.167,550,2025-02-23 07:23:02.732561,"['32214', '32219', '32222', '32244', '32245', '32246', '32247', '32251', '32253', '32262', '32264', '32266', '32274', '32286', '32288']","[5541, 4322, 3124, 5692, 3052, 3249, 3406, 2664, 4547, 1316, 5110, 2498, 2838, 2943, 3474, 1176, 712, 1273, 2236, 3084, 1942, 114, 4825, 391, 2668, 3285, 2465, 2847, 4033, 4000, 1242, 1164, 3749, 3593, 4396, 3310]","[1.0, 0.74, 0.73, 0.41, 0.79, 1.0, 0.3, 0.45, 0.0, 0.27, 0.57, 0.6, 0.42, 0.86, 0.52, 0.72, 0.22, 0.63, 0.74, 0.69, 0.52, 0.86, 0.34, 0.77, 0.66, 0.65, 0.6, 0.86, 0.52, 0.59, 1.0, 0.0, 1.0, 0.0, 0.59, 0.25, 0.83, 0.25, 0.33, 1.0, 0.74, 0.78, 0.77, 0.86, 0.8, 0.75, 0.8, 0.36, 0.0, 0.51, 1.0, 0.54, 1.0, 0.77, 0.09, 0.71, 0.52, 0.87, 0.09, 0.2, 1.0, 0.51, 0.64, 0.22, 0.69, 0.3, 0.74, 0.62, 0.79, 0.44, 0.74, 0.33, 1.0, 0.44, 1.0]"
555,1059127,0.294,0.139,555,2025-02-23 07:23:02.975857,"['32214', '32217', '32219', '32222', '32225', '32226', '32230', '32236', '32242', '32251', '32262', '32263', '32264', '32281', '32286']","[4757, 342, 1098, 4184, 3406, 2112, 3706, 3151, 4412, 2843, 863, 2281, 5692, 5256, 2664, 2668, 5065, 5594, 2189, 4176, 5238, 981, 2331, 1932, 3255, 1242, 391, 111, 1728, 3500, 2761, 2494, 4257, 5088, 4161, 1268]","[0.75, 0.76, 0.75, 0.75, 0.82, 0.25, 0.32, 0.48, 0.25, 0.21, 0.59, 1.0, 1.0, 0.87, 0.6, 0.76, 0.0, 0.69, 0.77, 0.69, 0.59, 0.88, 0.0, 0.79, 0.67, 0.68, 0.62, 0.86, 0.0, 0.6, 0.76, 0.35, 0.69, 0.41, 0.64, 0.21, 0.86, 1.0, 0.28, 0.74, 0.77, 0.81, 0.77, 0.89, 0.8, 0.8, 0.82, 0.27, 1.0, 1.0, 0.0, 0.64, 0.7, 0.77, 0.06, 0.76, 0.52, 0.88, 0.07, 0.15, 0.43, 0.5, 0.67, 0.19, 0.73, 0.28, 0.77, 0.75, 0.79, 0.42, 0.73, 0.31, 0.25, 0.42, 0.68]"
556,1163309,0.254,0.194,555,2025-02-23 07:23:03.093024,"['32219', '32220', '32221', '32224', '32234', '32243', '32248', '32251', '32262', '32263', '32264', '32266', '32278', '32283', '32286']","[1164, 4459, 3063, 2072, 391, 3255, 806, 2246, 3829, 4725, 4500, 2980, 776, 3310, 734, 5290, 5256, 206, 3593, 4807, 1787, 182, 4651, 2668, 5609, 1750, 4396, 1266, 5801, 1268, 5134, 1480, 5402, 2177, 3494, 5696]","[0.2, 0.89, 0.79, 0.17, 0.89, 1.0, 0.0, 0.75, 0.16, 0.22, 0.75, 0.72, 0.31, 0.91, 0.66, 0.74, 0.18, 0.77, 0.75, 0.62, 1.0, 0.83, 0.19, 0.78, 0.84, 0.81, 0.86, 0.93, 0.28, 0.0, 0.87, 0.23, 0.78, 0.24, 0.25, 0.14, 0.91, 0.75, 0.23, 0.8, 0.85, 0.88, 0.85, 0.94, 0.65, 0.76, 0.89, 0.25, 1.0, 0.25, 0.0, 0.35, 0.25, 0.83, 0.08, 0.68, 0.27, 0.95, 0.1, 0.23, 0.35, 0.27, 0.8, 0.24, 0.67, 0.23, 0.85, 0.77, 0.83, 0.5, 0.81, 0.25, 0.0, 0.32, 0.75]"
557,1172416,0.242,0.167,555,2025-02-23 07:23:03.210504,"['32219', '32221', '32224', '32242', '32243', '32251', '32263', '32264', '32265', '32266', '32270', '32274', '32275', '32283', '32286']","[4184, 3255, 5256, 1164, 342, 1611, 5065, 5460, 114, 5692, 4257, 4547, 2664, 1098, 3406, 1117, 295, 2668, 4757, 3474, 668, 5402, 2072, 5742, 3310, 981, 214, 1942, 5245, 5027, 3376, 5744, 2640, 3330, 5594, 2498]","[0.39, 0.82, 0.76, 0.38, 0.86, 1.0, 0.36, 0.75, 0.27, 0.19, 0.75, 0.67, 0.34, 0.89, 0.66, 0.78, 0.18, 0.75, 0.79, 0.69, 0.66, 0.89, 0.24, 0.79, 0.74, 0.73, 0.71, 0.89, 0.0, 0.75, 0.81, 0.29, 0.75, 0.34, 0.62, 0.17, 0.88, 0.75, 0.25, 0.78, 0.81, 0.85, 0.81, 0.92, 0.8, 0.82, 0.85, 0.22, 0.66, 1.0, 0.0, 1.0, 1.0, 0.79, 0.05, 0.78, 0.25, 0.91, 0.06, 0.13, 0.67, 0.17, 0.73, 0.18, 0.72, 0.25, 0.81, 0.7, 0.81, 0.25, 0.76, 0.28, 0.25, 0.37, 0.72]"
558,1342358,0.358,0.194,555,2025-02-23 07:23:03.325117,"['32214', '32218', '32219', '32225', '32226', '32239', '32244', '32248', '32249', '32255', '32269', '32273', '32276', '32281', '32288']","[539, 4033, 4003, 3052, 3703, 5195, 2840, 506, 4723, 637, 216, 990, 5614, 2943, 835, 4600, 5541, 117, 882, 786, 2050, 2620, 3720, 4299, 2378, 2612, 5658, 4065, 712, 449, 3263, 3285, 4846, 5465, 1553, 5899]","[0.25, 0.63, 0.75, 0.39, 0.25, 0.75, 0.24, 0.37, 0.37, 0.4, 0.46, 0.75, 1.0, 0.78, 0.32, 0.64, 0.42, 0.44, 0.67, 0.6, 0.32, 0.76, 0.48, 0.74, 0.49, 0.75, 0.51, 0.78, 0.55, 0.61, 1.0, 0.58, 0.41, 0.57, 1.0, 0.75, 0.82, 0.44, 0.39, 0.54, 0.64, 0.75, 0.63, 0.79, 0.71, 0.62, 0.7, 0.56, 0.27, 0.56, 0.54, 0.41, 0.45, 0.75, 0.19, 0.25, 0.52, 0.74, 0.21, 0.0, 0.43, 0.6, 0.67, 0.33, 0.69, 0.42, 0.63, 0.25, 0.74, 0.47, 0.65, 0.4, 0.52, 0.52, 0.25]"
559,894659,0.351,0.167,555,2025-02-23 07:23:03.448852,"['32214', '32215', '32218', '32219', '32222', '32225', '32226', '32230', '32248', '32256', '32259', '32279', '32280', '32281', '32288']","[3052, 5760, 3703, 4226, 2586, 4033, 4319, 4723, 5385, 882, 4003, 2744, 4119, 3720, 557, 3326, 930, 5195, 5658, 823, 4846, 5918, 539, 1788, 277, 506, 4954, 5315, 2338, 1553, 449, 3885, 4663, 3035, 5782, 2948]","[0.75, 0.75, 0.72, 0.54, 0.0, 0.75, 0.19, 0.29, 0.25, 0.49, 0.4, 0.25, 0.75, 0.69, 0.2, 0.59, 1.0, 0.29, 0.63, 0.59, 0.2, 0.73, 0.64, 0.73, 0.3, 0.38, 0.3, 0.66, 0.68, 0.73, 0.42, 0.74, 0.25, 0.73, 1.0, 0.64, 0.75, 0.36, 0.48, 0.4, 0.5, 0.48, 0.75, 0.65, 0.75, 1.0, 0.57, 0.7, 0.16, 0.61, 0.68, 0.46, 0.47, 0.7, 0.25, 0.44, 0.65, 0.56, 0.29, 0.47, 0.48, 0.75, 0.37, 0.37, 0.72, 0.83, 0.33, 0.25, 0.69, 0.44, 0.55, 0.48, 0.56, 0.61, 0.5]"
560,803667,0.23,0.333,560,2025-02-23 07:23:03.693736,"['32219', '32221', '32224', '32240', '32242', '32243', '32247', '32251', '32263', '32265', '32266', '32269', '32270', '32283', '32286']","[1316, 4396, 3084, 1164, 5256, 4547, 3474, 3063, 3029, 2367, 3255, 295, 3593, 1098, 5692, 3310, 5402, 5065, 4184, 1117, 4257, 1183, 2498, 1787, 342, 214, 3376, 3406, 2044, 2072, 2761, 4322, 5027, 1293, 1196, 2640]","[0.35, 0.83, 0.76, 0.32, 0.86, 1.0, 0.38, 0.75, 0.22, 0.21, 0.75, 0.65, 0.33, 0.9, 0.67, 0.76, 0.17, 0.75, 0.78, 0.68, 0.65, 0.88, 0.23, 0.78, 0.79, 0.74, 1.0, 0.89, 0.75, 0.0, 0.85, 0.26, 0.75, 0.0, 0.6, 0.16, 0.88, 1.0, 0.24, 0.78, 0.84, 0.85, 0.83, 0.92, 0.77, 0.8, 0.87, 0.23, 0.67, 0.25, 0.25, 0.75, 0.75, 0.82, 0.06, 0.75, 0.75, 0.91, 0.06, 0.13, 0.42, 0.37, 0.74, 0.2, 0.7, 0.25, 0.8, 0.69, 0.81, 0.25, 0.78, 0.27, 0.25, 0.36, 0.68]"
561,480956,0.3,0.194,560,2025-02-23 07:23:03.811751,"['32219', '32224', '32225', '32226', '32231', '32239', '32240', '32249', '32253', '32264', '32269', '32275', '32281', '32287', '32288']","[712, 3052, 2050, 3951, 539, 4322, 506, 835, 2640, 2943, 2664, 4003, 5614, 3406, 1359, 5692, 2840, 2761, 4000, 1942, 1176, 3285, 2847, 216, 5535, 5541, 1098, 5195, 1273, 1316, 5110, 3255, 4345, 4520, 4033, 5700]","[0.37, 0.71, 0.75, 0.34, 0.72, 0.75, 0.3, 0.43, 0.29, 0.35, 0.75, 0.25, 0.25, 0.85, 0.44, 0.67, 0.31, 0.0, 0.71, 0.62, 0.44, 0.8, 0.39, 0.75, 0.63, 0.25, 1.0, 0.83, 0.49, 0.56, 0.73, 0.45, 0.54, 0.51, 0.54, 0.0, 0.84, 0.48, 0.33, 0.75, 0.74, 0.73, 0.72, 0.86, 0.72, 0.68, 0.78, 0.44, 0.42, 0.53, 0.75, 0.42, 0.49, 0.78, 0.14, 1.0, 0.46, 0.81, 0.14, 0.28, 0.43, 0.33, 0.61, 0.3, 0.68, 0.34, 0.69, 0.75, 0.77, 0.46, 0.72, 0.35, 0.53, 0.75, 0.75]"
562,606236,0.239,0.139,560,2025-02-23 07:23:03.927532,"['32219', '32221', '32224', '32234', '32242', '32243', '32248', '32251', '32263', '32265', '32266', '32269', '32274', '32283', '32286']","[1164, 5256, 2072, 3255, 3063, 668, 2668, 1117, 5402, 4725, 3113, 5245, 756, 3406, 5742, 214, 2980, 535, 2253, 3273, 133, 295, 3376, 5301, 4396, 1316, 806, 391, 3474, 734, 1783, 2986, 342, 2367, 4500, 3188]","[0.28, 0.85, 0.77, 0.24, 0.87, 1.0, 0.39, 0.75, 0.19, 0.23, 1.0, 0.66, 0.32, 0.91, 0.65, 0.74, 0.18, 0.75, 0.76, 0.65, 1.0, 0.85, 0.23, 0.77, 0.81, 0.76, 0.79, 0.91, 0.0, 0.25, 0.86, 0.25, 0.75, 0.32, 1.0, 0.16, 0.89, 1.0, 0.24, 0.77, 0.84, 0.86, 0.84, 0.93, 0.72, 0.77, 0.88, 0.25, 0.64, 1.0, 0.24, 0.0, 0.75, 0.83, 0.07, 1.0, 0.33, 0.91, 0.07, 0.16, 0.17, 0.31, 0.76, 0.23, 0.67, 0.25, 0.81, 0.71, 0.81, 0.25, 0.8, 0.26, 0.5, 0.34, 0.68]"
563,969239,0.212,0.333,560,2025-02-23 07:23:04.044244,"['32219', '32221', '32242', '32243', '32247', '32248', '32251', '32263', '32265', '32266', '32269', '32270', '32274', '32283', '32286']","[5256, 668, 3406, 5402, 1164, 2761, 2943, 1117, 3255, 5541, 3273, 2072, 3029, 216, 3063, 4322, 3474, 734, 214, 2640, 1942, 4444, 535, 133, 3310, 4504, 3376, 2253, 4547, 2668, 835, 1196, 342, 1316, 712, 5692]","[0.36, 0.81, 0.76, 0.32, 0.85, 1.0, 0.37, 0.25, 0.23, 0.23, 0.6, 0.63, 0.34, 0.89, 0.64, 0.75, 0.19, 0.73, 0.77, 0.67, 0.62, 0.87, 0.25, 0.78, 0.77, 0.72, 0.72, 0.88, 0.0, 0.25, 0.83, 0.28, 0.72, 0.25, 1.0, 0.18, 0.87, 0.75, 0.25, 0.76, 0.82, 0.84, 0.82, 0.92, 0.77, 0.79, 0.86, 0.26, 0.64, 0.75, 0.27, 0.75, 1.0, 0.81, 0.06, 1.0, 0.25, 0.89, 0.07, 0.14, 0.17, 0.38, 0.72, 0.21, 0.7, 0.26, 0.79, 0.68, 0.81, 0.75, 0.78, 0.28, 0.5, 0.38, 0.66]"
564,1213495,0.256,0.444,560,2025-02-23 07:23:04.167400,"['32214', '32217', '32219', '32228', '32231', '32236', '32242', '32244', '32247', '32251', '32263', '32270', '32274', '32275', '32281']","[2664, 3706, 2112, 5647, 4757, 4322, 3500, 4412, 863, 5238, 4539, 3029, 2498, 2331, 5003, 1176, 2843, 111, 857, 2189, 2058, 4520, 5088, 2281, 1612, 5692, 3367, 1359, 3151, 2761, 5844, 1098, 1316, 5460, 342, 5199]","[0.75, 0.7, 0.72, 1.0, 0.78, 0.25, 0.32, 0.44, 0.38, 0.22, 0.6, 0.56, 0.4, 0.86, 0.75, 0.77, 0.21, 1.0, 0.79, 0.72, 0.58, 0.9, 0.25, 0.79, 0.6, 0.61, 0.49, 0.8, 0.75, 0.7, 1.0, 0.38, 0.65, 0.0, 0.71, 0.25, 0.82, 0.75, 0.3, 0.72, 0.77, 0.78, 0.73, 0.87, 0.86, 0.82, 0.81, 0.26, 0.61, 0.25, 0.35, 0.74, 0.78, 0.76, 0.05, 0.8, 0.75, 0.82, 0.05, 0.1, 0.0, 0.67, 0.62, 0.18, 0.78, 0.29, 0.7, 0.75, 0.79, 0.39, 0.71, 0.33, 0.54, 0.47, 0.59]"
565,804213,0.387,0.167,565,2025-02-23 07:23:04.443082,"['32214', '32221', '32224', '32234', '32243', '32246', '32248', '32251', '32253', '32262', '32263', '32266', '32270', '32283', '32286']","[1164, 3063, 5541, 3310, 4459, 313, 5402, 5614, 3406, 2048, 4807, 806, 835, 1117, 4322, 1786, 2943, 214, 4500, 734, 668, 216, 4371, 5313, 3273, 4396, 3330, 391, 5290, 4866, 5747, 2072, 5692, 3474, 3029, 5700]","[0.0, 0.82, 0.75, 0.27, 0.81, 0.8, 0.32, 0.25, 0.23, 0.27, 0.25, 0.65, 0.36, 0.89, 0.56, 0.72, 0.24, 0.67, 0.73, 0.63, 1.0, 0.84, 0.28, 0.76, 0.74, 0.73, 0.76, 0.89, 0.39, 0.25, 0.81, 0.32, 1.0, 0.37, 0.25, 0.23, 0.87, 1.0, 0.27, 1.0, 0.79, 0.81, 0.8, 0.91, 0.73, 0.73, 0.86, 0.34, 0.0, 0.0, 0.32, 0.4, 1.0, 0.79, 0.09, 0.68, 0.0, 0.91, 0.11, 0.26, 0.39, 0.37, 0.7, 0.28, 0.64, 0.26, 0.79, 0.68, 0.78, 0.25, 0.77, 0.26, 0.75, 0.37, 0.64]"
566,1647034,0.164,0.611,565,2025-02-23 07:23:04.561891,"['32221', '32224', '32228', '32240', '32243', '32247', '32248', '32251', '32253', '32263', '32265', '32266', '32274', '32283', '32286']","[1164, 5256, 3310, 1316, 1117, 2072, 5290, 3063, 3255, 5402, 1268, 3406, 4459, 3084, 734, 806, 214, 1942, 5692, 2640, 391, 3273, 4396, 4547, 1787, 3029, 5742, 668, 5027, 4807, 2298, 1183, 3474, 4444, 2980, 3376]","[0.28, 0.86, 0.75, 0.26, 0.86, 0.85, 0.35, 0.75, 0.21, 0.21, 0.75, 0.69, 0.32, 0.91, 0.75, 0.76, 0.19, 0.75, 0.76, 0.66, 0.63, 0.87, 0.22, 0.78, 0.8, 0.78, 1.0, 0.91, 0.36, 0.25, 0.85, 0.25, 0.74, 0.0, 0.25, 0.17, 0.89, 0.75, 0.24, 0.75, 0.83, 0.86, 0.84, 0.93, 0.75, 0.79, 0.89, 0.25, 0.63, 0.25, 0.26, 0.75, 0.75, 0.8, 0.07, 0.75, 0.35, 0.93, 0.08, 0.19, 0.17, 0.32, 0.75, 0.24, 0.65, 0.22, 0.83, 0.72, 0.79, 0.5, 0.8, 0.24, 0.5, 0.34, 0.69]"
567,264898,0.317,0.444,565,2025-02-23 07:23:04.680063,"['32214', '32215', '32218', '32226', '32231', '32240', '32244', '32249', '32253', '32255', '32256', '32261', '32274', '32280', '32281']","[3052, 4846, 4226, 3326, 4062, 4953, 3720, 4003, 1359, 1822, 4455, 3266, 4120, 4954, 2058, 2948, 5195, 3665, 3500, 3694, 3348, 5760, 4663, 480, 1553, 2316, 4539, 4808, 2664, 2776, 5647, 4942, 4368, 2968, 3532, 4325]","[1.0, 0.0, 0.69, 0.68, 1.0, 0.35, 0.22, 0.32, 0.54, 0.36, 0.46, 0.44, 0.25, 0.77, 0.33, 0.68, 0.43, 0.0, 0.73, 0.69, 0.31, 0.86, 0.54, 0.76, 0.35, 0.43, 0.0, 0.65, 0.73, 0.77, 0.25, 0.64, 0.35, 0.73, 0.68, 1.0, 0.74, 0.42, 0.43, 0.75, 0.57, 0.75, 1.0, 0.74, 0.85, 0.7, 0.67, 0.0, 0.3, 0.58, 0.59, 0.66, 0.71, 0.68, 0.11, 0.65, 0.74, 0.67, 0.13, 0.24, 1.0, 0.74, 0.38, 0.29, 0.77, 0.41, 0.67, 0.5, 0.69, 0.37, 0.61, 0.39, 0.54, 0.57, 0.47]"
568,207242,0.332,0.361,565,2025-02-23 07:23:04.799379,"['32222', '32229', '32241', '32244', '32252', '32253', '32257', '32266', '32271', '32273', '32274', '32277', '32279', '32284', '32285']","[5326, 5385, 1596, 2338, 2586, 525, 2011, 1007, 5915, 1497, 4226, 4319, 2910, 2609, 4554, 930, 4804, 1204, 1769, 277, 5114, 4861, 2879, 2839, 905, 4099, 2762, 4927, 5562, 4119, 1585, 3020, 4991, 1569, 4156, 4780]","[0.6, 0.25, 0.7, 0.64, 0.24, 0.17, 0.14, 0.2, 1.0, 0.64, 0.29, 0.3, 0.67, 0.57, 0.09, 0.75, 0.74, 0.13, 0.58, 0.58, 0.09, 0.69, 0.78, 0.67, 0.15, 0.25, 0.15, 0.0, 0.79, 0.81, 0.0, 0.87, 0.1, 0.88, 0.54, 0.82, 0.63, 0.26, 0.0, 0.25, 0.34, 0.28, 0.32, 0.25, 0.77, 0.42, 0.4, 0.85, 0.07, 0.69, 0.79, 0.38, 0.25, 0.63, 0.39, 0.3, 0.77, 0.25, 0.41, 0.75, 1.0, 0.84, 0.21, 0.5, 0.74, 0.5, 0.3, 0.3, 0.6, 0.41, 0.5, 0.5, 0.59, 0.69, 0.29]"
569,1621449,0.316,0.5,565,2025-02-23 07:23:04.922638,"['32218', '32230', '32236', '32240', '32245', '32248', '32249', '32252', '32253', '32254', '32256', '32266', '32269', '32274', '32287']","[4226, 2586, 4003, 3052, 4119, 930, 5760, 4319, 3158, 3326, 4033, 5385, 3720, 4846, 5888, 5918, 3703, 557, 4954, 1553, 4953, 5195, 525, 2316, 1770, 1740, 2338, 5098, 1868, 4663, 4338, 4723, 252, 374, 1072, 990]","[0.64, 0.37, 0.69, 0.67, 0.0, 0.27, 0.19, 0.26, 0.58, 0.46, 0.39, 0.38, 0.59, 0.69, 0.21, 0.63, 1.0, 0.27, 0.68, 0.65, 0.2, 0.81, 0.75, 0.73, 0.26, 0.35, 0.75, 0.56, 0.76, 0.79, 0.39, 0.75, 0.23, 0.8, 1.0, 1.0, 0.69, 0.35, 0.25, 0.75, 0.25, 0.44, 0.75, 0.63, 0.83, 0.6, 0.56, 0.65, 0.18, 0.62, 0.68, 0.57, 1.0, 0.66, 0.19, 0.75, 0.76, 0.54, 0.21, 0.37, 1.0, 0.79, 0.3, 0.35, 0.76, 0.48, 0.43, 0.39, 0.65, 0.38, 0.55, 0.44, 0.56, 0.75, 0.39]"
570,866829,0.28,0.5,570,2025-02-23 07:23:05.170410,"['32219', '32224', '32231', '32234', '32242', '32243', '32245', '32251', '32261', '32264', '32265', '32270', '32275', '32287', '32288']","[3052, 4003, 2664, 4322, 3285, 2943, 5541, 712, 2050, 2840, 4033, 506, 5758, 5195, 3500, 637, 2761, 786, 990, 3263, 3406, 4455, 4975, 1359, 576, 4846, 1176, 1098, 449, 4412, 5238, 4600, 2505, 2112, 5647, 3951]","[0.49, 0.65, 0.73, 0.47, 0.71, 0.75, 0.26, 0.4, 0.39, 0.33, 0.75, 0.55, 0.45, 0.81, 0.43, 0.7, 0.32, 0.75, 0.72, 0.67, 0.25, 0.85, 0.42, 0.75, 0.54, 0.54, 0.49, 0.78, 0.25, 0.75, 0.66, 0.75, 0.5, 0.57, 0.63, 0.35, 0.8, 0.25, 0.35, 0.64, 0.71, 0.73, 0.69, 0.81, 0.8, 0.71, 0.75, 0.25, 0.41, 0.54, 0.25, 0.75, 0.62, 0.74, 0.1, 0.66, 0.75, 0.78, 0.12, 0.25, 0.47, 0.67, 0.57, 0.26, 0.72, 0.36, 0.65, 0.55, 0.77, 0.44, 0.68, 0.35, 0.55, 0.5, 0.75]"
571,1592299,0.314,0.056,570,2025-02-23 07:23:05.288169,"['32214', '32219', '32224', '32231', '32238', '32240', '32242', '32245', '32247', '32251', '32262', '32263', '32266', '32275', '32287']","[5460, 3706, 5065, 2664, 3500, 4412, 2112, 981, 1098, 4520, 114, 2761, 5647, 990, 1538, 3749, 1316, 2843, 5594, 5692, 111, 4322, 5238, 409, 5121, 3493, 1666, 4757, 1932, 1176, 4617, 795, 2281, 2189, 1612, 2494]","[0.75, 0.73, 0.73, 0.5, 0.82, 1.0, 0.3, 0.46, 0.37, 0.23, 1.0, 0.6, 0.39, 0.85, 0.58, 0.76, 0.21, 1.0, 0.77, 0.71, 0.59, 0.9, 0.32, 0.78, 1.0, 0.61, 1.0, 0.83, 1.0, 0.65, 0.75, 0.75, 0.65, 1.0, 0.7, 0.23, 0.82, 1.0, 0.29, 0.74, 0.77, 0.82, 0.76, 0.87, 0.85, 0.8, 0.82, 0.28, 1.0, 0.75, 0.35, 0.68, 1.0, 0.75, 0.05, 0.78, 0.58, 0.86, 0.07, 0.13, 0.46, 1.0, 0.65, 0.19, 0.74, 0.3, 0.72, 0.61, 0.8, 0.42, 0.72, 0.31, 0.53, 0.5, 0.62]"
572,796873,0.251,0.222,570,2025-02-23 07:23:05.406398,"['32219', '32224', '32240', '32242', '32243', '32245', '32247', '32251', '32262', '32264', '32270', '32275', '32281', '32287', '32288']","[2664, 4322, 3052, 835, 2761, 712, 5692, 506, 216, 2943, 3263, 2620, 1316, 2840, 5460, 5541, 1098, 117, 3406, 4033, 4000, 3951, 2050, 2640, 5256, 3500, 2498, 5195, 3255, 3285, 3474, 2847, 539, 4161, 391, 2838]","[0.39, 0.74, 0.75, 0.35, 0.78, 0.75, 0.28, 0.45, 0.31, 0.32, 0.75, 0.59, 0.4, 0.84, 0.48, 0.7, 0.28, 0.59, 0.72, 0.65, 0.49, 0.83, 0.35, 0.76, 0.65, 0.63, 0.75, 0.84, 0.75, 0.75, 0.75, 0.25, 0.58, 0.0, 0.57, 0.28, 0.83, 0.75, 0.31, 0.69, 0.76, 0.78, 0.75, 0.85, 0.76, 0.71, 0.8, 0.4, 0.25, 0.52, 0.25, 0.48, 0.56, 0.77, 0.1, 0.64, 0.75, 0.85, 0.13, 0.27, 0.44, 0.33, 0.65, 0.27, 0.69, 0.33, 0.71, 0.75, 0.79, 0.47, 0.73, 0.32, 0.53, 0.5, 0.5]"
573,209974,0.306,0.417,570,2025-02-23 07:23:05.526473,"['32219', '32221', '32242', '32243', '32248', '32251', '32263', '32265', '32266', '32269', '32270', '32274', '32275', '32283', '32286']","[3406, 5256, 1316, 4547, 2943, 1164, 5541, 712, 2498, 2664, 5402, 2761, 3084, 4322, 3474, 1098, 4184, 5692, 3029, 3263, 5460, 295, 2640, 3063, 1787, 4396, 3255, 3285, 1273, 342, 4161, 3310, 5065, 4757, 1293, 3593]","[0.41, 0.79, 0.75, 0.37, 0.84, 1.0, 0.32, 0.75, 0.29, 0.23, 0.57, 0.64, 0.36, 0.87, 0.61, 0.76, 0.2, 0.7, 0.76, 0.69, 0.62, 0.88, 0.28, 0.78, 0.71, 0.68, 0.67, 0.87, 0.0, 0.25, 0.8, 0.33, 0.69, 0.4, 0.75, 0.2, 0.85, 0.75, 0.27, 0.76, 0.81, 0.84, 0.79, 0.89, 0.81, 0.79, 0.84, 0.27, 0.62, 0.25, 0.31, 0.75, 0.75, 0.78, 0.06, 1.0, 0.75, 0.89, 0.07, 0.15, 0.67, 0.5, 0.7, 0.21, 0.71, 0.28, 0.76, 0.65, 0.81, 0.25, 0.75, 0.28, 0.5, 0.39, 0.65]"
574,726725,0.382,0.028,570,2025-02-23 07:23:05.645988,"['32217', '32219', '32222', '32225', '32230', '32231', '32240', '32246', '32253', '32256', '32260', '32264', '32266', '32270', '32274']","[5195, 216, 4033, 4003, 506, 2943, 5541, 1553, 2050, 3052, 4322, 2761, 2840, 5692, 539, 1786, 4600, 1176, 5248, 5460, 1316, 1098, 712, 3263, 835, 5123, 1942, 3474, 4161, 2281, 576, 2756, 786, 2612, 2620, 795]","[0.41, 0.71, 0.75, 0.0, 0.74, 0.0, 0.27, 0.43, 0.0, 0.34, 0.49, 1.0, 0.43, 0.82, 0.44, 0.69, 1.0, 1.0, 0.71, 0.64, 0.45, 0.83, 0.39, 0.75, 0.6, 0.59, 1.0, 0.82, 0.53, 0.58, 0.71, 0.47, 0.25, 0.52, 0.58, 0.32, 0.82, 0.48, 0.33, 1.0, 0.73, 0.75, 1.0, 0.83, 0.76, 0.7, 1.0, 0.43, 0.42, 0.53, 0.25, 0.47, 1.0, 0.76, 0.11, 0.62, 0.75, 0.82, 0.14, 0.28, 1.0, 0.52, 0.61, 0.28, 0.69, 0.35, 0.68, 0.58, 0.78, 0.46, 0.71, 0.33, 0.54, 0.45, 0.57]"
575,204069,0.328,0.0,575,2025-02-23 07:23:05.894301,"['32219', '32221', '32224', '32242', '32243', '32245', '32246', '32247', '32251', '32261', '32263', '32266', '32275', '32283', '32286']","[3052, 5614, 216, 2378, 5541, 3703, 4033, 2943, 539, 2840, 3951, 835, 506, 2050, 117, 5195, 3263, 1786, 637, 4000, 449, 2761, 4003, 576, 823, 889, 3729, 734, 391, 786, 4322, 2753, 4299, 3561, 301, 4796]","[0.28, 0.71, 0.77, 0.25, 0.65, 1.0, 0.26, 0.0, 0.27, 0.43, 0.25, 0.55, 0.47, 0.8, 0.34, 0.64, 0.38, 0.5, 0.65, 0.57, 0.35, 0.75, 0.41, 0.69, 0.61, 0.6, 0.64, 0.81, 0.25, 1.0, 0.68, 1.0, 0.75, 0.0, 0.44, 0.4, 0.84, 0.0, 0.37, 0.58, 0.68, 0.66, 0.71, 0.82, 0.67, 0.61, 0.75, 0.25, 0.3, 0.0, 0.46, 0.3, 0.0, 0.79, 0.23, 0.5, 0.41, 0.78, 0.23, 0.48, 0.4, 0.17, 0.58, 0.35, 0.62, 0.37, 0.66, 0.61, 0.74, 0.0, 0.7, 0.34, 0.75, 0.43, 0.55]"
576,1381345,0.197,0.167,575,2025-02-23 07:23:06.012831,"['32219', '32221', '32224', '32234', '32242', '32243', '32248', '32251', '32261', '32263', '32265', '32270', '32274', '32283', '32286']","[5256, 1164, 2072, 3255, 5742, 2668, 4725, 5744, 342, 5402, 668, 3063, 2640, 806, 214, 3474, 3273, 1117, 3406, 5459, 5290, 734, 295, 5245, 1942, 3113, 3310, 5692, 3330, 4444, 598, 5801, 5027, 605, 3450, 2339]","[0.29, 0.85, 0.77, 0.28, 0.86, 1.0, 0.36, 0.75, 0.21, 0.22, 0.75, 0.67, 0.33, 0.9, 0.65, 0.77, 0.16, 0.76, 0.76, 0.66, 1.0, 0.88, 0.21, 0.76, 0.8, 0.76, 0.78, 0.9, 0.0, 0.75, 0.85, 0.26, 0.76, 0.32, 0.75, 0.16, 0.88, 0.75, 0.25, 0.78, 0.81, 0.85, 0.84, 0.93, 0.77, 0.81, 0.88, 0.0, 0.65, 0.75, 0.26, 0.75, 0.62, 0.82, 0.07, 0.77, 0.0, 0.92, 0.07, 0.18, 0.17, 0.36, 0.75, 0.2, 0.68, 0.24, 0.81, 0.74, 0.79, 0.75, 0.78, 0.25, 0.5, 0.32, 0.7]"
577,230112,0.306,0.083,575,2025-02-23 07:23:06.127877,"['32215', '32219', '32224', '32225', '32226', '32231', '32236', '32238', '32239', '32246', '32249', '32253', '32265', '32276', '32287']","[3052, 3500, 5647, 4455, 4033, 5195, 2664, 1176, 1359, 3285, 2058, 4539, 4322, 3706, 712, 2281, 3720, 2761, 4757, 4953, 1932, 449, 4600, 5460, 2943, 4003, 857, 4975, 786, 2050, 2112, 5238, 576, 2620, 4412, 1786]","[0.55, 0.75, 0.72, 0.57, 0.69, 0.25, 0.26, 0.39, 0.43, 0.29, 1.0, 0.25, 0.75, 0.81, 0.45, 0.73, 0.29, 1.0, 0.74, 0.69, 0.45, 0.88, 0.0, 0.75, 0.25, 0.0, 0.42, 0.77, 0.65, 0.73, 0.63, 0.5, 0.25, 0.6, 0.67, 0.25, 0.79, 0.48, 0.37, 1.0, 0.67, 0.67, 0.68, 0.82, 0.85, 0.76, 0.76, 0.37, 0.45, 0.52, 0.46, 1.0, 0.72, 0.74, 0.09, 0.74, 0.65, 0.76, 0.08, 0.19, 0.48, 0.63, 0.83, 0.22, 0.75, 0.35, 0.64, 0.56, 0.72, 0.43, 0.65, 0.35, 0.54, 0.25, 0.54]"
578,179185,0.353,0.028,575,2025-02-23 07:23:06.246719,"['32215', '32218', '32219', '32222', '32226', '32244', '32249', '32253', '32255', '32261', '32273', '32274', '32280', '32281', '32288']","[3052, 5195, 4600, 4033, 4226, 4003, 3720, 4953, 5760, 1822, 1553, 2316, 4539, 4808, 4622, 3703, 506, 4954, 3266, 5758, 4846, 3500, 1359, 4455, 4942, 4119, 3326, 2968, 786, 2050, 576, 5899, 5888, 5844, 4120, 2586]","[0.56, 0.25, 0.72, 0.58, 0.75, 0.25, 0.22, 0.32, 1.0, 0.4, 0.45, 0.46, 0.75, 0.75, 0.31, 0.68, 0.41, 0.41, 0.69, 0.66, 0.31, 0.83, 0.54, 0.72, 0.39, 0.41, 0.32, 0.69, 0.7, 0.76, 0.25, 0.64, 0.34, 0.7, 0.63, 0.25, 0.75, 0.41, 0.44, 0.75, 0.59, 1.0, 0.58, 0.73, 0.83, 0.67, 0.66, 1.0, 0.29, 0.57, 0.58, 0.6, 0.64, 0.71, 0.16, 0.62, 0.69, 0.63, 0.15, 0.0, 0.17, 0.7, 0.42, 0.28, 0.73, 0.43, 0.83, 0.5, 0.69, 0.43, 0.6, 0.4, 0.57, 0.55, 0.25]"
579,1532498,0.273,0.25,575,2025-02-23 07:23:06.365907,"['32219', '32224', '32228', '32234', '32238', '32243', '32248', '32251', '32261', '32263', '32265', '32266', '32275', '32283', '32286']","[3255, 2668, 835, 2664, 3063, 5256, 734, 2072, 216, 2640, 1164, 4725, 3474, 5460, 5245, 1268, 4520, 2843, 4184, 391, 2270, 4322, 3951, 342, 1098, 5065, 295, 1103, 2620, 1117, 114, 2050, 5744, 712, 2761, 1316]","[0.3, 0.81, 0.77, 0.28, 0.82, 0.75, 0.32, 0.5, 0.23, 0.27, 0.75, 0.64, 0.37, 0.87, 1.0, 0.74, 0.21, 0.7, 0.74, 0.64, 0.75, 0.86, 0.26, 0.74, 1.0, 0.71, 0.73, 0.88, 0.42, 1.0, 0.8, 0.33, 0.67, 0.38, 1.0, 0.22, 0.87, 0.75, 0.29, 0.73, 0.77, 0.8, 0.8, 0.9, 0.76, 0.76, 0.85, 0.0, 0.55, 0.75, 0.31, 0.0, 0.25, 0.81, 0.09, 0.71, 0.4, 0.89, 0.09, 0.23, 0.4, 0.33, 0.7, 0.23, 0.67, 0.27, 0.77, 0.7, 0.78, 0.25, 0.75, 0.27, 0.25, 0.35, 0.65]"
580,1528617,0.353,0.111,580,2025-02-23 07:23:06.614732,"['32214', '32218', '32219', '32225', '32230', '32239', '32244', '32248', '32249', '32253', '32256', '32269', '32279', '32281', '32288']","[3703, 3052, 4226, 5195, 882, 2586, 557, 2740, 539, 2840, 3720, 506, 3326, 5888, 4723, 5385, 4003, 1553, 5760, 1331, 2744, 4663, 238, 838, 4033, 825, 4846, 5918, 4622, 637, 2378, 823, 4600, 3266, 5782, 2948]","[0.0, 0.5, 0.73, 0.44, 1.0, 0.25, 0.19, 0.31, 0.43, 0.5, 0.39, 0.25, 0.59, 0.72, 0.22, 0.56, 1.0, 0.31, 0.64, 0.6, 0.2, 0.73, 0.6, 0.72, 0.34, 0.25, 0.36, 0.68, 0.65, 0.67, 0.25, 0.72, 0.27, 0.69, 1.0, 0.75, 0.76, 0.38, 0.45, 0.75, 0.57, 0.52, 1.0, 0.7, 0.73, 0.53, 0.61, 0.68, 0.18, 0.61, 0.63, 0.37, 0.43, 0.72, 0.27, 0.25, 0.6, 0.63, 0.29, 0.51, 0.47, 0.65, 0.39, 0.39, 0.7, 0.5, 0.55, 0.75, 0.7, 0.46, 0.59, 0.45, 0.57, 0.57, 0.25]"
581,437275,0.337,0.194,580,2025-02-23 07:23:06.737675,"['32214', '32228', '32234', '32238', '32245', '32247', '32251', '32262', '32263', '32265', '32269', '32270', '32274', '32276', '32287']","[2664, 5238, 4757, 3500, 5647, 114, 2112, 5594, 2281, 981, 3706, 4412, 3665, 4322, 3151, 2494, 2761, 5003, 5065, 3052, 4184, 145, 2843, 4539, 1932, 5195, 331, 3367, 1666, 4120, 1442, 1612, 49, 873, 5844, 2943]","[1.0, 0.67, 0.71, 0.57, 0.76, 0.55, 0.28, 0.42, 0.39, 0.23, 0.59, 0.57, 0.45, 0.84, 0.75, 0.74, 0.24, 0.62, 0.79, 0.72, 0.0, 0.9, 0.35, 0.78, 1.0, 0.56, 0.44, 0.81, 0.63, 0.7, 0.68, 0.0, 0.61, 0.75, 0.71, 0.29, 0.8, 0.0, 0.33, 0.68, 0.74, 0.76, 0.7, 0.86, 0.86, 0.78, 0.78, 0.3, 0.75, 0.75, 0.41, 1.0, 0.77, 0.74, 0.06, 1.0, 1.0, 0.81, 0.06, 0.13, 0.67, 0.59, 1.0, 0.19, 0.76, 0.32, 0.72, 0.56, 0.78, 0.39, 0.68, 0.35, 0.53, 0.25, 0.61]"
582,539696,0.395,0.056,580,2025-02-23 07:23:06.861133,"['32214', '32215', '32222', '32223', '32225', '32230', '32244', '32252', '32253', '32256', '32264', '32269', '32274', '32280', '32288']","[3052, 5760, 4226, 4033, 3720, 5195, 4003, 3285, 4119, 5758, 3703, 2586, 637, 3158, 4319, 4975, 4600, 2948, 480, 4954, 930, 1929, 3326, 4953, 882, 4846, 449, 1553, 5675, 4622, 1359, 2378, 823, 4663, 5899, 1868]","[1.0, 0.25, 0.7, 0.61, 0.48, 0.33, 0.2, 0.3, 0.25, 0.0, 0.43, 0.75, 0.59, 0.71, 0.28, 0.63, 0.0, 0.35, 0.7, 0.66, 0.25, 0.81, 0.59, 0.74, 0.3, 0.37, 0.25, 0.64, 0.74, 0.77, 0.0, 0.73, 0.31, 0.73, 0.65, 0.59, 0.72, 0.4, 0.0, 0.0, 0.56, 0.52, 0.75, 0.68, 0.83, 0.63, 0.61, 0.59, 0.24, 0.59, 1.0, 0.57, 0.63, 0.69, 0.17, 0.75, 0.72, 0.58, 0.19, 0.33, 0.33, 0.73, 0.36, 0.31, 0.76, 0.48, 0.17, 0.42, 0.7, 0.4, 0.57, 0.46, 0.59, 0.59, 0.25]"
583,1411700,0.332,0.389,580,2025-02-23 07:23:06.980705,"['32214', '32222', '32223', '32230', '32239', '32244', '32253', '32255', '32256', '32259', '32265', '32269', '32274', '32279', '32288']","[3052, 3720, 2586, 4226, 4003, 5195, 3703, 5758, 2948, 4033, 5760, 539, 823, 1359, 557, 882, 4062, 2744, 449, 5918, 4600, 637, 1553, 2379, 5098, 4954, 3326, 3266, 4119, 4663, 4557, 4846, 5899, 3139, 712, 506]","[1.0, 0.49, 0.71, 0.54, 0.49, 0.39, 0.2, 0.31, 0.0, 0.25, 0.43, 0.45, 0.58, 0.73, 0.28, 0.61, 0.75, 0.36, 0.69, 0.64, 0.25, 0.79, 0.57, 0.73, 0.34, 0.0, 0.31, 0.67, 0.69, 0.73, 0.75, 0.7, 0.32, 0.69, 0.61, 0.58, 0.74, 0.41, 0.45, 0.25, 0.58, 0.25, 0.75, 0.7, 0.8, 1.0, 0.62, 0.6, 0.24, 0.59, 0.61, 0.75, 0.57, 0.71, 0.2, 0.25, 0.67, 0.62, 0.21, 0.38, 0.0, 0.69, 0.39, 0.33, 0.74, 0.17, 0.56, 0.45, 0.71, 0.43, 0.59, 0.45, 0.58, 0.57, 0.25]"
584,812082,0.37,0.167,580,2025-02-23 07:23:07.099057,"['32215', '32218', '32225', '32236', '32244', '32248', '32249', '32252', '32253', '32255', '32256', '32266', '32269', '32274', '32288']","[3052, 4033, 5195, 4003, 5541, 1553, 4322, 539, 2050, 2943, 480, 4600, 4412, 506, 2058, 576, 2664, 4120, 1176, 1822, 2189, 3285, 1359, 4539, 4757, 3500, 1077, 1932, 5899, 2761, 4299, 4975, 2948, 3720, 5758, 3094]","[0.51, 0.75, 0.72, 0.51, 1.0, 0.51, 0.24, 0.38, 0.4, 0.33, 0.5, 1.0, 0.51, 0.8, 0.41, 0.67, 0.35, 0.49, 0.74, 0.67, 0.38, 0.84, 1.0, 0.76, 0.48, 0.5, 0.41, 0.76, 0.63, 0.68, 0.0, 0.58, 0.46, 0.6, 1.0, 0.0, 0.79, 0.47, 0.0, 0.0, 0.68, 0.75, 1.0, 0.81, 0.81, 0.69, 0.72, 0.45, 0.38, 0.55, 0.5, 0.56, 1.0, 0.73, 0.12, 0.25, 0.62, 0.75, 0.13, 0.26, 1.0, 0.61, 0.5, 0.26, 0.73, 0.38, 0.66, 0.52, 0.75, 0.42, 0.65, 0.39, 0.55, 0.51, 0.75]"
585,504720,0.297,0.417,585,2025-02-23 07:23:07.378793,"['32219', '32224', '32226', '32231', '32236', '32242', '32245', '32248', '32249', '32251', '32264', '32273', '32275', '32286', '32288']","[3052, 216, 835, 990, 2840, 4322, 2664, 5541, 539, 4455, 1176, 2943, 2761, 3500, 712, 506, 4033, 637, 5460, 2505, 117, 3263, 5256, 391, 4520, 1098, 5692, 2620, 5654, 5195, 3406, 5647, 2072, 2379, 2753, 2498]","[0.39, 0.72, 0.76, 0.36, 0.74, 1.0, 0.26, 0.43, 0.3, 0.32, 0.75, 0.59, 0.25, 0.83, 0.45, 0.69, 0.3, 1.0, 0.73, 0.63, 0.46, 0.84, 0.0, 0.75, 0.63, 0.62, 0.61, 0.82, 1.0, 0.56, 0.72, 0.75, 0.56, 0.46, 0.0, 0.75, 0.82, 0.75, 0.33, 0.65, 0.73, 0.73, 0.75, 0.84, 0.77, 0.72, 0.79, 0.42, 0.44, 0.52, 0.25, 0.46, 0.54, 0.77, 0.11, 0.64, 0.46, 0.83, 0.12, 0.0, 0.43, 0.67, 0.63, 0.27, 0.68, 0.34, 0.69, 0.6, 0.77, 0.45, 0.71, 0.34, 0.5, 0.43, 0.5]"
586,1637351,0.32,0.0,585,2025-02-23 07:23:07.493640,"['32224', '32226', '32230', '32242', '32243', '32245', '32247', '32248', '32251', '32263', '32270', '32275', '32283', '32286', '32287']","[5541, 2943, 216, 117, 712, 5195, 3406, 2840, 3263, 2050, 3285, 4000, 5692, 3951, 5614, 386, 4033, 2761, 4322, 2640, 3052, 786, 1382, 2620, 1098, 2236, 5465, 889, 576, 835, 3255, 1786, 5700, 391, 4003, 449]","[0.35, 0.74, 0.77, 0.31, 0.74, 0.72, 0.26, 0.44, 0.28, 0.33, 0.75, 0.6, 0.75, 0.83, 0.45, 0.67, 0.0, 0.57, 0.71, 0.62, 0.46, 0.82, 0.37, 0.75, 0.65, 0.64, 0.65, 0.83, 0.25, 0.75, 0.73, 0.75, 0.55, 0.25, 0.75, 0.33, 0.83, 0.25, 0.32, 0.64, 0.74, 0.73, 0.76, 0.84, 0.73, 0.7, 0.8, 0.44, 0.44, 0.0, 0.41, 0.41, 0.49, 0.78, 0.14, 0.6, 0.25, 0.83, 0.14, 0.33, 0.42, 0.17, 0.64, 0.29, 0.66, 0.34, 0.7, 0.61, 0.77, 0.25, 0.71, 0.33, 0.75, 0.0, 0.58]"
587,1283866,0.362,0.333,585,2025-02-23 07:23:07.613109,"['32218', '32222', '32223', '32226', '32230', '32248', '32252', '32254', '32256', '32260', '32266', '32271', '32274', '32279', '32285']","[4226, 2586, 5760, 3052, 5385, 3720, 4319, 930, 4119, 4003, 2547, 3158, 4033, 5918, 4846, 557, 814, 3326, 4953, 5555, 4988, 882, 374, 1868, 3703, 4338, 5655, 1533, 4954, 3308, 5195, 1553, 2740, 3998, 1770, 2316]","[0.63, 0.39, 0.71, 0.64, 0.0, 0.29, 0.17, 0.27, 1.0, 0.75, 0.4, 0.42, 1.0, 0.67, 0.19, 0.62, 1.0, 0.27, 0.68, 0.63, 0.22, 0.81, 0.67, 0.73, 0.25, 0.35, 0.22, 0.56, 0.75, 0.8, 0.4, 0.74, 0.24, 0.76, 1.0, 0.66, 0.68, 0.37, 0.75, 0.42, 0.75, 0.44, 1.0, 0.59, 0.83, 0.6, 1.0, 0.67, 0.18, 0.62, 0.7, 0.55, 1.0, 0.68, 0.19, 0.51, 0.72, 0.75, 0.21, 0.39, 0.83, 0.8, 0.36, 0.35, 0.75, 0.67, 0.43, 0.37, 0.67, 0.39, 0.55, 0.5, 0.55, 0.61, 0.38]"
588,1619895,0.39,0.083,585,2025-02-23 07:23:07.728099,"['32217', '32218', '32219', '32223', '32225', '32226', '32230', '32248', '32252', '32254', '32255', '32256', '32259', '32279', '32281']","[3052, 3703, 882, 557, 5195, 4003, 5760, 2378, 4033, 823, 3720, 5385, 506, 539, 4226, 277, 2740, 5236, 2586, 4723, 3326, 4600, 4319, 5658, 637, 5315, 3094, 5782, 2744, 4119, 3885, 1788, 4846, 3266, 3383, 2840]","[0.45, 0.5, 0.74, 0.0, 0.0, 0.0, 0.18, 0.3, 0.43, 0.0, 0.39, 0.0, 1.0, 0.7, 0.19, 0.58, 1.0, 0.29, 0.63, 0.57, 0.21, 0.74, 0.62, 0.71, 0.36, 0.43, 0.36, 0.66, 0.64, 0.68, 0.49, 0.72, 0.26, 0.69, 0.0, 0.63, 0.75, 0.37, 1.0, 0.43, 1.0, 1.0, 0.75, 0.66, 0.73, 1.0, 0.61, 0.71, 0.17, 0.61, 0.66, 0.35, 0.39, 0.72, 0.27, 0.4, 0.57, 0.6, 0.28, 0.53, 0.47, 0.7, 0.43, 0.4, 0.68, 0.0, 0.5, 0.0, 0.68, 0.46, 0.59, 0.44, 0.53, 0.56, 0.42]"
589,513579,0.389,0.417,585,2025-02-23 07:23:07.845133,"['32214', '32219', '32223', '32225', '32226', '32230', '32244', '32253', '32264', '32266', '32269', '32276', '32281', '32286', '32287']","[3052, 4226, 3703, 4003, 3720, 4723, 557, 4033, 539, 3094, 5195, 5760, 5888, 2586, 506, 882, 2948, 5385, 5675, 1553, 253, 1331, 4663, 2378, 637, 2744, 650, 3326, 3139, 325, 4846, 5782, 5918, 4557, 2096, 2551]","[0.0, 0.49, 0.74, 0.47, 0.47, 0.25, 0.18, 0.3, 0.45, 0.0, 0.4, 0.75, 1.0, 0.7, 0.2, 0.59, 1.0, 0.3, 0.64, 0.59, 0.22, 0.76, 0.62, 0.71, 0.35, 0.42, 0.34, 0.65, 0.66, 0.7, 0.75, 0.71, 0.26, 0.7, 0.54, 0.62, 0.74, 0.37, 0.47, 0.75, 0.55, 0.49, 0.56, 0.66, 0.75, 0.56, 0.61, 0.69, 0.18, 0.61, 1.0, 0.39, 0.75, 0.71, 0.25, 0.25, 0.59, 0.59, 0.26, 0.49, 0.48, 0.72, 0.33, 0.39, 0.7, 0.5, 0.49, 0.5, 0.68, 0.44, 0.59, 0.44, 0.75, 1.0, 0.42]"
590,733232,0.256,0.25,590,2025-02-23 07:23:08.104437,"['32214', '32219', '32221', '32242', '32245', '32251', '32263', '32265', '32266', '32270', '32274', '32275', '32286', '32287', '32288']","[3406, 2943, 2664, 4322, 712, 3029, 4757, 3500, 5692, 2498, 5541, 3052, 2843, 1098, 2761, 4184, 4412, 4000, 3285, 1316, 981, 3706, 5460, 5594, 2112, 2640, 4547, 5256, 576, 5647, 5065, 2465, 5402, 342, 114, 2281]","[0.75, 0.75, 0.74, 0.48, 0.78, 0.75, 0.32, 0.25, 0.34, 0.24, 0.58, 0.58, 0.4, 0.87, 0.57, 0.74, 0.24, 0.65, 0.78, 0.71, 0.57, 0.89, 0.32, 0.79, 0.62, 0.64, 0.59, 0.83, 0.25, 0.63, 0.73, 0.0, 0.66, 0.46, 0.67, 0.24, 0.83, 0.75, 0.3, 0.73, 0.76, 0.79, 0.76, 0.87, 0.81, 0.79, 0.81, 0.3, 0.58, 0.25, 0.34, 0.75, 1.0, 0.77, 0.07, 0.76, 0.75, 0.85, 0.06, 0.15, 0.5, 0.33, 0.66, 0.22, 0.72, 0.28, 0.77, 0.63, 0.77, 0.4, 0.73, 0.32, 0.25, 0.0, 0.5]"
591,746480,0.401,0.139,590,2025-02-23 07:23:08.222777,"['32214', '32219', '32225', '32226', '32238', '32239', '32242', '32245', '32246', '32261', '32264', '32269', '32275', '32287', '32288']","[4322, 3052, 835, 2753, 2664, 2498, 5195, 2943, 2050, 506, 2761, 3474, 5541, 5614, 712, 5535, 3406, 2840, 576, 4600, 3500, 216, 2060, 5460, 4455, 2420, 3951, 1273, 5654, 2756, 990, 539, 4000, 3593, 1316, 668]","[0.0, 0.74, 0.75, 0.37, 0.74, 1.0, 0.29, 0.46, 0.31, 0.32, 0.52, 0.0, 0.0, 0.86, 0.46, 0.68, 0.31, 0.56, 0.72, 0.66, 0.47, 0.83, 0.36, 0.76, 0.75, 0.25, 0.62, 0.83, 1.0, 0.58, 0.71, 0.0, 1.0, 0.49, 0.57, 0.3, 0.84, 0.5, 0.32, 0.67, 0.73, 0.75, 0.74, 0.85, 0.74, 0.71, 0.79, 0.75, 0.44, 0.5, 0.25, 0.46, 0.54, 0.78, 0.12, 1.0, 0.48, 0.83, 0.12, 0.27, 0.45, 0.67, 0.64, 0.28, 0.67, 0.32, 0.75, 0.62, 0.76, 0.46, 0.72, 0.36, 0.51, 0.75, 0.5]"
592,922351,0.303,0.139,590,2025-02-23 07:23:08.344561,"['32219', '32221', '32224', '32228', '32231', '32242', '32243', '32248', '32262', '32263', '32266', '32275', '32278', '32283', '32286']","[734, 3255, 2072, 5742, 2668, 1164, 1268, 5157, 5245, 391, 4725, 5256, 668, 806, 182, 4459, 3572, 5801, 3063, 206, 4543, 2986, 2420, 5459, 4225, 756, 2754, 3975, 68, 2980, 4651, 1117, 672, 1196, 5301, 440]","[0.19, 0.88, 0.79, 0.17, 0.87, 1.0, 0.36, 1.0, 0.16, 0.27, 1.0, 0.66, 0.33, 0.92, 1.0, 0.71, 0.2, 1.0, 0.72, 0.63, 0.61, 0.81, 0.21, 0.77, 0.82, 0.79, 0.86, 0.92, 0.0, 0.75, 0.86, 0.23, 0.72, 0.28, 0.25, 0.15, 0.9, 0.59, 0.24, 0.79, 0.84, 0.86, 0.86, 0.92, 0.63, 0.74, 0.88, 0.32, 0.75, 1.0, 0.24, 0.3, 0.0, 0.84, 0.1, 0.65, 0.26, 0.93, 0.11, 0.27, 0.39, 0.0, 0.79, 0.28, 1.0, 0.24, 0.86, 0.76, 0.82, 1.0, 0.79, 0.3, 0.0, 0.32, 0.7]"
593,1433852,0.243,0.5,590,2025-02-23 07:23:08.461505,"['32219', '32231', '32234', '32242', '32243', '32245', '32246', '32247', '32248', '32251', '32263', '32269', '32275', '32283', '32286']","[2943, 712, 2640, 2840, 5692, 3406, 2761, 5541, 2664, 4322, 2620, 4033, 3285, 5195, 5256, 3263, 1164, 3500, 216, 1176, 4161, 1786, 2498, 4600, 2050, 3255, 835, 3951, 4520, 3052, 5402, 1316, 4000, 391, 4003, 506]","[0.38, 0.77, 0.75, 0.37, 0.78, 1.0, 0.31, 0.48, 0.29, 0.28, 0.55, 0.58, 0.4, 0.88, 0.53, 0.71, 0.27, 0.75, 0.74, 0.67, 0.75, 0.85, 0.32, 0.77, 0.66, 0.66, 0.66, 0.85, 0.25, 0.75, 0.75, 0.25, 0.25, 0.25, 0.75, 0.25, 0.85, 0.75, 0.3, 0.71, 0.76, 0.79, 0.77, 0.87, 0.74, 0.74, 0.81, 0.36, 0.51, 0.25, 0.34, 0.49, 0.58, 0.79, 0.1, 0.75, 0.46, 0.86, 0.1, 0.23, 0.44, 0.83, 0.67, 0.26, 0.67, 0.29, 0.78, 0.65, 0.77, 0.75, 0.74, 0.34, 0.75, 0.41, 0.61]"
594,1009097,0.308,0.222,590,2025-02-23 07:23:08.578756,"['32214', '32219', '32222', '32226', '32230', '32239', '32244', '32248', '32249', '32274', '32276', '32280', '32281', '32287', '32288']","[3052, 5195, 4033, 990, 3500, 2664, 1176, 1359, 539, 712, 5760, 4455, 4226, 506, 2050, 4003, 3285, 2840, 5758, 480, 3720, 2058, 4600, 4062, 2948, 2586, 4953, 4322, 449, 4520, 2943, 5844, 4846, 2505, 1391, 823]","[1.0, 0.56, 0.71, 0.57, 0.57, 0.75, 0.24, 0.36, 0.75, 0.37, 0.47, 0.46, 0.25, 0.78, 0.34, 0.65, 0.0, 0.42, 0.71, 0.68, 0.35, 0.84, 0.51, 0.75, 0.39, 0.25, 0.36, 0.7, 0.67, 0.74, 0.75, 0.58, 0.4, 0.67, 1.0, 1.0, 0.76, 0.42, 0.41, 0.55, 0.61, 0.63, 0.6, 0.75, 0.8, 0.68, 0.67, 0.53, 0.33, 0.56, 0.52, 0.58, 0.62, 0.72, 0.15, 0.63, 0.66, 0.68, 0.14, 0.29, 0.0, 0.7, 0.67, 0.29, 0.72, 0.4, 0.67, 0.75, 0.71, 0.4, 0.65, 0.42, 0.54, 1.0, 0.25]"
595,95538,0.232,0.083,595,2025-02-23 07:23:08.817693,"['32221', '32224', '32242', '32243', '32251', '32262', '32263', '32265', '32266', '32269', '32270', '32274', '32276', '32283', '32286']","[5402, 1164, 5256, 1117, 3063, 3255, 3273, 3029, 3406, 756, 2072, 5541, 5027, 4444, 535, 4807, 1316, 3330, 133, 2253, 668, 214, 2980, 2044, 2048, 3786, 4504, 3310, 5134, 2943, 2640, 1183, 1926, 216, 5290, 4547]","[0.34, 0.83, 0.76, 0.3, 0.87, 0.82, 0.34, 0.25, 0.23, 0.19, 0.75, 0.68, 0.34, 0.91, 0.69, 0.77, 0.16, 0.76, 0.78, 0.68, 0.66, 0.89, 0.22, 0.78, 0.78, 0.72, 0.75, 0.89, 0.0, 0.25, 0.83, 0.27, 0.76, 0.32, 0.61, 0.16, 0.84, 1.0, 0.26, 0.8, 0.83, 0.86, 0.81, 0.92, 0.78, 0.81, 0.87, 0.23, 0.75, 0.25, 0.26, 0.75, 1.0, 0.8, 0.06, 0.75, 0.25, 0.91, 0.06, 0.14, 0.0, 0.37, 1.0, 0.21, 0.67, 0.26, 0.83, 0.71, 0.82, 0.0, 0.77, 0.26, 0.0, 0.35, 0.71]"
596,1059132,0.347,0.361,595,2025-02-23 07:23:08.935764,"['32215', '32217', '32229', '32241', '32250', '32254', '32257', '32259', '32265', '32266', '32269', '32274', '32277', '32284', '32285']","[2609, 2910, 4780, 4319, 5326, 1012, 5753, 3998, 4641, 930, 715, 2586, 5771, 5521, 1868, 525, 4119, 4988, 1770, 4861, 4312, 2338, 914, 5915, 2693, 5385, 2547, 1533, 1297, 3581, 2769, 4991, 1569, 374, 4927, 3089]","[0.79, 0.0, 0.65, 0.75, 0.23, 0.11, 0.13, 0.19, 0.72, 0.61, 0.34, 0.26, 0.69, 0.55, 0.11, 1.0, 0.7, 0.17, 0.62, 0.63, 0.11, 0.76, 0.83, 0.7, 0.1, 0.17, 0.08, 0.0, 0.87, 0.9, 0.19, 0.89, 0.1, 0.9, 0.68, 0.82, 0.0, 0.26, 0.62, 0.27, 0.0, 0.26, 0.3, 0.0, 0.86, 0.0, 0.37, 0.8, 0.08, 0.7, 0.81, 1.0, 1.0, 0.6, 0.28, 0.0, 0.87, 0.26, 0.3, 0.45, 0.83, 0.91, 0.19, 0.0, 0.77, 0.64, 0.3, 0.24, 0.62, 0.35, 0.75, 0.25, 0.67, 0.74, 0.29]"
597,528092,0.362,0.472,595,2025-02-23 07:23:09.058642,"['32215', '32218', '32223', '32225', '32226', '32230', '32239', '32244', '32248', '32249', '32253', '32269', '32276', '32281', '32288']","[3052, 539, 506, 5195, 3720, 4033, 3703, 4723, 2840, 2050, 2948, 3326, 4846, 2378, 4003, 5614, 557, 4600, 4226, 1359, 336, 576, 712, 814, 4322, 786, 1331, 2761, 2664, 5760, 2943, 637, 449, 5465, 3094, 3951]","[0.45, 1.0, 0.73, 0.42, 0.75, 0.54, 0.21, 0.37, 0.39, 0.0, 0.45, 0.0, 1.0, 0.79, 0.3, 0.63, 0.25, 0.43, 0.67, 0.61, 0.31, 0.78, 0.51, 0.72, 0.45, 0.25, 0.46, 0.74, 0.59, 0.64, 0.75, 0.61, 0.37, 0.62, 1.0, 1.0, 0.75, 0.41, 0.42, 0.75, 0.63, 0.6, 0.6, 0.76, 0.74, 0.62, 0.69, 0.57, 0.27, 0.59, 0.54, 0.42, 0.49, 0.74, 0.2, 0.0, 0.57, 0.7, 0.2, 0.39, 0.47, 0.64, 0.5, 0.34, 0.67, 0.44, 0.62, 0.5, 0.73, 0.45, 0.65, 0.4, 0.56, 0.53, 0.75]"
598,626341,0.316,0.083,595,2025-02-23 07:23:09.178946,"['32214', '32228', '32231', '32236', '32242', '32246', '32251', '32263', '32264', '32269', '32275', '32276', '32286', '32287', '32288']","[4322, 5647, 2664, 3706, 1316, 2843, 2761, 4520, 2640, 5460, 1176, 4455, 342, 981, 5654, 5541, 1164, 3500, 1932, 712, 2498, 4412, 3052, 4184, 2112, 5704, 5692, 3406, 3310, 3084, 4539, 2943, 2058, 857, 49, 1612]","[0.25, 0.74, 0.74, 0.45, 0.79, 0.68, 0.29, 0.47, 0.33, 0.24, 0.59, 0.6, 0.41, 0.87, 1.0, 0.75, 0.23, 1.0, 0.76, 0.69, 0.56, 0.89, 0.0, 0.77, 0.64, 0.61, 0.58, 0.84, 1.0, 0.61, 0.73, 0.39, 1.0, 0.46, 0.65, 0.25, 0.79, 1.0, 0.32, 0.73, 0.77, 0.79, 0.73, 0.87, 0.82, 0.79, 0.81, 0.3, 0.57, 0.25, 0.75, 0.61, 0.69, 0.77, 0.07, 0.75, 0.55, 0.84, 0.07, 0.16, 0.46, 1.0, 0.33, 0.22, 0.71, 0.31, 0.76, 0.61, 0.79, 0.41, 0.72, 0.31, 0.5, 0.5, 1.0]"
599,55416,0.335,0.222,595,2025-02-23 07:23:09.294793,"['32221', '32224', '32226', '32228', '32230', '32238', '32242', '32245', '32251', '32254', '32255', '32261', '32269', '32283', '32286']","[835, 216, 539, 3951, 391, 506, 117, 2847, 2753, 889, 3703, 2072, 3561, 3474, 3255, 2840, 5535, 5614, 2943, 3052, 5045, 3406, 1268, 734, 2172, 5541, 5195, 1164, 1273, 2420, 545, 4459, 5256, 3029, 4000, 3063]","[0.25, 0.77, 0.77, 0.2, 0.74, 0.79, 0.26, 0.75, 0.22, 0.37, 0.25, 0.62, 0.0, 0.86, 0.0, 0.64, 1.0, 0.57, 0.67, 0.57, 0.41, 0.75, 0.34, 0.72, 0.75, 0.66, 0.74, 0.86, 0.0, 0.42, 0.74, 0.0, 0.54, 0.42, 0.42, 0.32, 0.84, 1.0, 0.33, 0.67, 1.0, 1.0, 0.73, 0.86, 0.62, 0.61, 0.81, 0.25, 0.38, 0.54, 0.39, 0.26, 0.34, 0.8, 0.21, 0.25, 0.35, 0.86, 0.2, 0.44, 0.39, 0.42, 0.67, 0.34, 0.59, 0.36, 0.75, 0.66, 0.77, 0.0, 0.74, 0.32, 0.25, 0.42, 0.6]"
600,1395227,0.36,0.194,600,2025-02-23 07:23:09.545091,"['32215', '32218', '32219', '32230', '32240', '32244', '32248', '32253', '32254', '32255', '32256', '32259', '32265', '32273', '32280']","[3703, 882, 4226, 539, 3052, 4723, 4003, 5195, 4033, 2740, 557, 2586, 5658, 5760, 2948, 5782, 2378, 1553, 823, 2840, 5385, 3308, 637, 2744, 506, 2499, 2612, 117, 835, 238, 5918, 825, 277, 4038, 264, 174]","[0.4, 0.75, 0.72, 0.39, 0.0, 0.0, 0.18, 0.32, 0.41, 0.54, 0.35, 0.44, 0.58, 0.71, 0.2, 0.55, 1.0, 0.29, 0.61, 0.58, 0.21, 0.68, 0.59, 0.7, 0.35, 0.4, 0.0, 0.7, 0.59, 0.65, 1.0, 0.74, 0.23, 0.71, 0.75, 0.66, 0.77, 0.34, 0.46, 0.75, 1.0, 1.0, 0.75, 0.69, 0.69, 0.25, 0.58, 0.73, 0.16, 0.6, 0.63, 0.0, 0.34, 0.72, 0.31, 0.37, 0.54, 0.59, 0.35, 0.75, 0.46, 0.67, 0.42, 0.43, 0.66, 0.46, 0.33, 0.42, 0.67, 0.48, 0.58, 0.46, 0.58, 0.56, 0.43]"
601,769229,0.249,0.417,600,2025-02-23 07:23:09.668508,"['32224', '32228', '32240', '32242', '32245', '32246', '32247', '32248', '32253', '32261', '32262', '32263', '32265', '32266', '32275']","[2943, 5692, 576, 5541, 2761, 3052, 4033, 712, 3406, 2664, 3106, 4322, 3029, 4003, 5614, 4299, 4757, 1786, 2640, 5700, 5195, 5256, 5402, 2050, 3474, 216, 449, 2112, 3500, 1316, 506, 1942, 3285, 1273, 2843, 1359]","[0.42, 0.74, 0.73, 0.42, 0.78, 0.66, 0.3, 0.45, 0.32, 0.25, 0.25, 0.62, 0.4, 0.84, 0.25, 0.74, 0.23, 0.65, 0.78, 0.7, 0.55, 0.87, 0.31, 0.77, 0.65, 0.63, 1.0, 0.85, 0.25, 0.59, 0.76, 0.25, 0.75, 0.75, 0.75, 0.25, 0.83, 0.53, 0.3, 0.75, 0.76, 0.78, 0.76, 0.88, 0.8, 0.77, 0.81, 0.25, 1.0, 0.25, 0.36, 0.75, 0.75, 0.77, 0.07, 0.75, 0.49, 0.85, 0.08, 0.17, 0.43, 0.67, 0.64, 0.24, 0.69, 0.28, 0.77, 0.62, 0.78, 0.43, 0.72, 0.32, 0.51, 0.42, 0.63]"
602,1068175,0.279,0.389,600,2025-02-23 07:23:09.781973,"['32218', '32226', '32231', '32240', '32242', '32248', '32253', '32261', '32264', '32266', '32269', '32270', '32273', '32275', '32283']","[539, 5195, 2840, 3052, 3703, 835, 2943, 637, 216, 506, 4600, 4003, 1553, 117, 4701, 1359, 882, 4033, 2664, 889, 5658, 2753, 576, 5541, 5614, 4723, 4226, 2948, 3951, 786, 712, 3266, 1331, 2378, 2379, 2505]","[0.37, 0.63, 0.73, 0.35, 1.0, 0.57, 0.23, 0.38, 0.35, 0.43, 0.42, 0.53, 0.25, 0.78, 0.32, 0.62, 0.42, 0.25, 0.67, 0.62, 0.33, 0.76, 0.46, 0.72, 0.5, 0.52, 0.25, 0.78, 0.25, 0.59, 0.61, 0.59, 0.38, 0.58, 0.75, 0.48, 0.81, 0.41, 0.38, 0.75, 0.64, 0.63, 0.66, 0.79, 0.71, 0.59, 0.69, 0.75, 0.29, 0.55, 0.25, 0.36, 0.25, 0.75, 0.2, 0.25, 0.25, 0.72, 0.23, 0.25, 0.44, 1.0, 0.53, 0.36, 0.65, 0.38, 0.65, 0.52, 0.72, 0.75, 0.65, 0.4, 0.55, 0.49, 0.53]"
603,848868,0.281,0.444,600,2025-02-23 07:23:09.908430,"['32215', '32217', '32218', '32225', '32226', '32236', '32249', '32253', '32255', '32264', '32270', '32276', '32281', '32287', '32288']","[3052, 4033, 1359, 3720, 5760, 4226, 5195, 4003, 2664, 4954, 4953, 3285, 2378, 4539, 4062, 4846, 5567, 3500, 4455, 1553, 2948, 3326, 3703, 449, 4723, 5098, 506, 576, 2050, 4600, 539, 2316, 5844, 480, 5675, 3665]","[0.55, 0.75, 0.7, 1.0, 0.75, 0.41, 0.22, 0.33, 0.47, 0.37, 0.45, 0.25, 0.75, 0.74, 0.35, 0.67, 0.41, 0.43, 0.72, 0.68, 0.34, 0.83, 0.25, 0.74, 0.39, 0.43, 0.37, 0.71, 0.63, 0.73, 0.54, 0.63, 0.38, 0.66, 0.63, 1.0, 0.75, 0.42, 0.41, 1.0, 0.61, 1.0, 0.6, 0.76, 0.81, 0.67, 0.66, 0.51, 0.34, 0.55, 0.75, 0.58, 0.6, 0.71, 0.14, 0.62, 1.0, 0.65, 0.16, 0.29, 0.48, 0.7, 0.67, 0.3, 0.72, 0.4, 0.59, 0.5, 0.71, 0.41, 0.62, 0.42, 0.56, 0.75, 0.5]"
604,953731,0.344,0.333,600,2025-02-23 07:23:10.034771,"['32214', '32215', '32222', '32223', '32240', '32244', '32248', '32252', '32253', '32254', '32256', '32260', '32273', '32274', '32280']","[539, 3703, 4723, 882, 2840, 3052, 5195, 506, 5658, 557, 117, 2612, 4003, 4033, 4701, 2378, 4732, 835, 637, 2744, 4838, 216, 2740, 5782, 3561, 2499, 5614, 4226, 2586, 2050, 5760, 238, 4535, 3951, 5465, 823]","[0.25, 0.75, 0.74, 0.3, 0.52, 0.55, 0.21, 0.36, 0.25, 0.75, 0.37, 0.5, 0.54, 0.75, 0.24, 0.56, 0.51, 0.34, 0.61, 0.57, 0.25, 0.67, 0.52, 0.7, 0.46, 0.48, 0.75, 0.76, 0.51, 0.57, 0.75, 0.66, 0.29, 0.63, 0.75, 0.58, 0.81, 0.37, 0.75, 0.25, 0.75, 0.57, 0.0, 0.75, 0.65, 0.5, 1.0, 0.68, 0.2, 0.58, 0.57, 0.27, 0.31, 0.75, 0.31, 0.38, 0.45, 0.68, 0.35, 0.75, 0.5, 0.58, 0.49, 0.42, 0.63, 0.42, 0.5, 0.48, 0.7, 0.5, 0.62, 0.43, 0.57, 0.52, 0.49]"
605,548692,0.354,0.167,605,2025-02-23 07:23:10.282601,"['32221', '32224', '32226', '32236', '32242', '32246', '32247', '32251', '32261', '32263', '32269', '32273', '32283', '32286', '32287']","[835, 216, 539, 2840, 3052, 2943, 5541, 3951, 117, 5614, 1268, 506, 3703, 3263, 5256, 2753, 2761, 391, 4161, 3406, 712, 5045, 5195, 734, 1273, 2640, 5216, 4322, 2072, 2420, 4033, 3561, 668, 5535, 4442, 2664]","[0.28, 0.77, 0.78, 0.23, 0.72, 0.77, 0.27, 0.25, 0.23, 0.37, 0.0, 0.59, 0.25, 0.84, 0.41, 0.66, 0.31, 0.55, 0.67, 0.58, 0.41, 0.78, 0.0, 0.74, 0.65, 0.64, 0.7, 0.85, 0.0, 0.43, 0.74, 0.45, 0.75, 0.25, 0.46, 0.33, 0.84, 0.75, 0.34, 0.63, 0.74, 0.76, 0.74, 0.87, 0.65, 0.64, 0.78, 0.75, 0.35, 0.75, 0.39, 0.33, 0.4, 0.79, 0.2, 0.25, 0.37, 0.85, 0.19, 0.0, 0.39, 0.43, 0.65, 0.33, 0.63, 0.34, 0.72, 0.63, 0.75, 0.75, 0.74, 0.33, 0.5, 0.5, 0.59]"
606,1558637,0.246,0.028,605,2025-02-23 07:23:10.402351,"['32221', '32226', '32228', '32234', '32236', '32243', '32248', '32261', '32262', '32263', '32265', '32266', '32270', '32283', '32286']","[1164, 5256, 2640, 3310, 5742, 3406, 2072, 806, 2668, 3063, 712, 3255, 1942, 4459, 5700, 5075, 2339, 2943, 391, 4322, 5692, 1117, 3263, 342, 734, 5541, 2980, 5402, 4371, 4176, 1268, 1293, 5364, 2498, 4396, 1242]","[0.31, 0.83, 0.77, 0.26, 0.83, 0.82, 0.32, 1.0, 0.22, 0.25, 0.56, 0.65, 0.25, 0.88, 0.75, 0.74, 0.19, 0.71, 0.75, 0.65, 1.0, 0.87, 0.0, 0.77, 0.74, 0.71, 0.75, 0.88, 0.4, 0.75, 0.82, 0.32, 0.7, 0.36, 0.25, 0.2, 0.86, 0.56, 0.28, 0.74, 0.81, 0.84, 0.81, 0.91, 0.74, 0.76, 0.84, 0.0, 0.25, 0.25, 0.29, 0.25, 1.0, 0.8, 0.09, 0.72, 0.25, 0.9, 0.09, 0.2, 0.38, 0.39, 0.73, 0.24, 0.66, 0.26, 0.79, 0.69, 0.79, 1.0, 0.78, 0.29, 0.5, 0.37, 0.67]"
607,1619239,0.308,0.389,605,2025-02-23 07:23:10.519540,"['32215', '32217', '32226', '32227', '32229', '32232', '32248', '32257', '32268', '32271', '32272', '32274', '32277', '32283', '32285']","[1204, 277, 3128, 4927, 5915, 2338, 4861, 4319, 5326, 5562, 5114, 5733, 5385, 1349, 1569, 4122, 4438, 4029, 5771, 1497, 525, 1596, 2011, 2910, 1020, 4804, 3349, 2260, 905, 2879, 2839, 1007, 3974, 3998, 5624, 2273]","[0.62, 0.0, 0.71, 0.75, 0.18, 0.17, 0.12, 0.19, 0.62, 0.69, 0.28, 0.28, 1.0, 0.75, 0.06, 0.0, 0.78, 0.1, 1.0, 0.56, 0.08, 0.63, 0.83, 0.66, 0.11, 0.18, 0.13, 0.38, 0.81, 0.81, 0.21, 0.89, 0.07, 0.88, 0.25, 0.86, 0.61, 0.24, 0.64, 0.22, 0.32, 0.25, 0.28, 0.0, 0.74, 0.36, 0.35, 0.89, 0.04, 0.7, 0.81, 0.36, 0.37, 0.65, 1.0, 0.26, 0.75, 0.0, 0.25, 0.7, 0.83, 0.86, 0.18, 0.5, 0.72, 0.63, 0.27, 0.25, 0.57, 0.5, 0.46, 1.0, 0.6, 0.74, 0.26]"
608,105251,0.343,0.222,605,2025-02-23 07:23:10.637410,"['32222', '32223', '32225', '32226', '32240', '32249', '32252', '32254', '32255', '32256', '32264', '32269', '32271', '32274', '32280']","[3052, 2586, 930, 4226, 3158, 5760, 5918, 4663, 4319, 4954, 3326, 3720, 4003, 374, 4846, 5899, 3694, 3266, 4953, 4119, 449, 1868, 2609, 2547, 2338, 5675, 4338, 4033, 3701, 4988, 4120, 2316, 2948, 5285, 4062, 3139]","[0.67, 0.37, 0.7, 0.66, 0.41, 0.28, 0.18, 0.28, 1.0, 0.0, 0.41, 0.75, 0.0, 0.68, 0.22, 0.65, 0.51, 0.31, 0.68, 0.67, 0.24, 0.82, 0.66, 0.73, 0.24, 0.29, 0.0, 0.54, 0.78, 0.81, 0.39, 0.75, 0.25, 0.79, 0.68, 1.0, 0.69, 0.36, 0.75, 0.43, 0.0, 0.0, 0.75, 0.63, 0.84, 0.61, 0.55, 0.63, 0.19, 0.61, 0.75, 0.62, 0.65, 0.68, 0.2, 1.0, 0.75, 1.0, 0.18, 0.33, 0.67, 0.8, 0.32, 0.33, 0.76, 0.46, 0.17, 0.36, 0.67, 0.39, 0.57, 0.45, 0.57, 0.64, 0.39]"
609,320452,0.229,0.306,605,2025-02-23 07:23:10.755203,"['32221', '32224', '32226', '32228', '32236', '32242', '32243', '32251', '32261', '32263', '32265', '32270', '32275', '32283', '32286']","[5256, 3255, 1164, 2668, 1117, 5742, 342, 5692, 2640, 668, 3063, 2072, 295, 3474, 1942, 391, 1293, 1268, 4725, 4396, 3406, 5801, 5402, 3310, 4184, 3084, 214, 734, 1316, 2367, 1893, 5245, 756, 1611, 3273, 1098]","[0.33, 0.85, 0.77, 0.28, 0.86, 0.83, 0.34, 1.0, 0.23, 0.21, 0.75, 0.67, 0.25, 0.89, 1.0, 0.77, 0.16, 0.76, 0.78, 0.68, 0.64, 0.89, 0.0, 0.78, 0.77, 0.73, 0.76, 0.89, 0.25, 0.75, 0.84, 0.28, 0.75, 0.34, 0.59, 0.17, 0.87, 0.75, 0.27, 0.77, 0.82, 0.86, 0.83, 0.93, 0.77, 0.8, 0.86, 0.25, 0.64, 0.75, 0.27, 0.75, 0.64, 0.8, 0.07, 0.77, 0.25, 0.91, 0.07, 0.16, 0.38, 0.0, 0.76, 0.21, 0.68, 0.24, 0.82, 0.71, 0.8, 0.25, 0.79, 0.28, 0.5, 0.35, 0.69]"
610,679017,0.312,0.417,610,2025-02-23 07:23:11.010511,"['32214', '32215', '32218', '32219', '32223', '32238', '32239', '32240', '32252', '32253', '32254', '32279', '32281', '32283', '32288']","[3703, 882, 2499, 5658, 2744, 539, 557, 2612, 4723, 3052, 2378, 4732, 5782, 2586, 4701, 2840, 637, 2740, 506, 5760, 4838, 823, 5237, 835, 4003, 5195, 277, 117, 4226, 4038, 5385, 3383, 3035, 838, 2839, 174]","[0.25, 1.0, 0.74, 0.3, 0.0, 1.0, 0.19, 0.32, 0.35, 1.0, 0.34, 0.45, 0.57, 0.71, 0.19, 0.53, 0.59, 0.28, 0.59, 0.53, 0.19, 0.63, 0.6, 0.67, 0.0, 0.75, 0.0, 0.72, 0.58, 0.59, 0.47, 0.7, 0.22, 0.72, 0.41, 0.62, 0.76, 0.34, 0.75, 0.25, 0.75, 0.52, 0.51, 0.64, 0.64, 0.45, 0.59, 0.76, 0.14, 0.62, 0.61, 0.23, 0.28, 0.73, 0.39, 0.31, 0.5, 0.65, 0.41, 0.64, 0.45, 0.64, 0.43, 0.46, 0.61, 0.5, 0.5, 0.75, 0.68, 0.75, 0.6, 0.46, 0.58, 0.56, 0.5]"
611,1213444,0.366,0.417,610,2025-02-23 07:23:11.127368,"['32214', '32222', '32223', '32252', '32253', '32254', '32255', '32269', '32271', '32274', '32279', '32280', '32281', '32284', '32285']","[2586, 4319, 930, 5760, 5385, 4226, 4119, 2547, 2910, 3052, 525, 2609, 3720, 1770, 4988, 2338, 1769, 1868, 3158, 3998, 2879, 5918, 5326, 4003, 374, 4780, 557, 1533, 715, 5072, 5673, 4312, 1596, 882, 4641, 3326]","[1.0, 0.33, 0.69, 0.67, 0.33, 0.22, 0.16, 0.24, 0.75, 0.0, 0.35, 0.36, 0.62, 0.65, 0.19, 0.58, 0.61, 0.24, 0.65, 0.64, 0.18, 0.78, 0.72, 0.71, 0.2, 0.29, 0.17, 0.54, 0.8, 0.83, 0.3, 0.81, 0.17, 0.84, 0.64, 0.7, 0.64, 0.32, 0.75, 0.25, 0.25, 0.75, 0.39, 0.54, 0.82, 0.57, 0.48, 0.71, 0.14, 0.65, 0.71, 0.55, 0.58, 0.64, 0.25, 0.25, 0.78, 0.0, 0.28, 0.43, 0.83, 0.85, 0.28, 0.36, 0.74, 0.17, 0.33, 0.25, 0.64, 0.4, 0.5, 0.25, 0.61, 0.65, 0.38]"
612,1554474,0.285,0.333,610,2025-02-23 07:23:11.243187,"['32221', '32238', '32242', '32243', '32251', '32253', '32262', '32263', '32265', '32266', '32270', '32274', '32275', '32283', '32286']","[1117, 5256, 1942, 1164, 3310, 295, 1316, 4547, 2072, 3255, 3063, 5027, 3474, 668, 3029, 5692, 4396, 2367, 214, 5402, 4725, 1183, 5065, 391, 4184, 756, 1871, 3786, 1196, 1694, 1268, 3330, 2668, 3084, 4257, 1611]","[0.34, 0.87, 0.77, 0.27, 0.89, 0.85, 0.36, 0.75, 0.22, 0.17, 0.63, 0.69, 0.3, 0.9, 0.71, 0.78, 0.16, 0.78, 0.8, 0.68, 0.68, 0.89, 0.2, 0.78, 1.0, 0.77, 0.8, 0.91, 0.25, 0.25, 0.86, 0.24, 0.77, 0.31, 0.6, 0.14, 0.87, 1.0, 0.25, 1.0, 0.85, 0.89, 0.83, 0.92, 0.78, 0.82, 0.89, 0.21, 0.75, 0.75, 0.22, 0.75, 1.0, 0.8, 0.05, 0.79, 0.25, 0.94, 0.06, 0.14, 0.67, 0.0, 0.77, 0.18, 0.65, 0.21, 0.84, 0.73, 0.82, 0.0, 0.8, 0.25, 0.25, 0.33, 0.73]"
613,164934,0.326,0.333,610,2025-02-23 07:23:11.359370,"['32219', '32225', '32226', '32231', '32238', '32240', '32244', '32248', '32249', '32253', '32264', '32266', '32276', '32281', '32287']","[3052, 4003, 5195, 506, 3326, 539, 4600, 4226, 637, 2664, 2948, 4033, 2378, 2505, 3703, 5658, 835, 4846, 1359, 3720, 2840, 388, 4701, 576, 1553, 1331, 5760, 2943, 4723, 4322, 5465, 3285, 449, 4747, 2847, 2761]","[0.49, 0.59, 0.73, 0.44, 0.58, 0.75, 0.22, 0.36, 0.4, 0.39, 0.44, 0.0, 0.75, 0.77, 0.34, 0.64, 0.43, 0.25, 0.69, 0.63, 0.32, 0.79, 0.51, 0.73, 0.0, 0.49, 0.0, 0.75, 0.63, 0.66, 1.0, 0.6, 0.37, 0.65, 0.75, 0.0, 0.76, 0.41, 0.42, 1.0, 0.64, 0.64, 0.59, 0.74, 0.77, 0.64, 0.68, 0.55, 0.29, 0.57, 0.0, 0.46, 0.25, 0.72, 0.18, 0.55, 0.58, 0.73, 0.2, 0.36, 0.47, 0.65, 0.33, 0.31, 0.68, 0.39, 0.59, 0.5, 0.72, 0.45, 0.64, 0.4, 0.55, 0.5, 0.53]"
614,278852,0.387,0.083,610,2025-02-23 07:23:11.483126,"['32214', '32229', '32233', '32244', '32252', '32253', '32254', '32260', '32271', '32274', '32277', '32279', '32283', '32284', '32285']","[882, 3703, 3383, 2744, 557, 2586, 3052, 5782, 2499, 5385, 5760, 2839, 2740, 5371, 4723, 4643, 4554, 2338, 539, 5915, 3035, 838, 5658, 915, 2612, 5326, 1761, 1020, 1071, 5236, 4226, 823, 2840, 4732, 4119, 3484]","[0.0, 0.47, 0.73, 0.36, 0.38, 0.44, 0.18, 0.29, 0.41, 0.61, 0.32, 0.41, 0.6, 0.67, 0.16, 1.0, 0.63, 0.24, 0.58, 0.75, 0.17, 0.63, 0.66, 0.67, 0.32, 0.39, 0.38, 0.66, 0.64, 0.64, 0.0, 0.75, 0.18, 0.76, 0.43, 0.68, 0.73, 0.31, 1.0, 0.0, 0.0, 0.46, 0.45, 0.58, 0.66, 0.43, 0.75, 0.79, 0.12, 0.64, 0.66, 0.26, 0.29, 0.7, 0.42, 0.29, 0.57, 0.75, 0.44, 0.66, 0.33, 0.7, 0.37, 0.67, 0.63, 0.67, 0.44, 0.43, 0.66, 1.0, 0.75, 0.75, 0.6, 0.6, 0.42]"
615,1294002,0.263,0.333,615,2025-02-23 07:23:11.734824,"['32219', '32221', '32224', '32233', '32234', '32243', '32248', '32251', '32262', '32263', '32266', '32275', '32278', '32283', '32286']","[3255, 391, 2072, 3063, 5256, 1117, 1164, 734, 1268, 4725, 5402, 4459, 216, 2668, 1871, 3310, 835, 2246, 806, 5045, 4500, 1787, 1942, 5157, 295, 1316, 5801, 3474, 5522, 841, 2980, 1750, 2177, 4396, 3113, 2420]","[0.25, 0.86, 0.78, 0.21, 0.87, 1.0, 0.35, 0.75, 0.18, 0.24, 1.0, 0.67, 0.34, 0.91, 0.63, 0.73, 0.18, 0.73, 0.74, 1.0, 0.75, 0.84, 0.24, 0.77, 0.8, 0.76, 0.82, 0.91, 0.34, 0.25, 0.86, 0.28, 0.72, 0.3, 0.25, 0.16, 0.86, 1.0, 0.25, 0.79, 0.84, 0.85, 0.83, 0.92, 0.7, 0.75, 0.88, 0.28, 1.0, 0.75, 0.26, 0.38, 0.25, 0.83, 0.09, 0.71, 0.32, 0.92, 0.1, 0.23, 0.37, 0.17, 0.77, 0.27, 0.83, 0.23, 0.82, 0.72, 0.82, 0.25, 0.77, 0.24, 0.5, 0.34, 0.69]"
616,1450108,0.359,0.111,615,2025-02-23 07:23:11.853199,"['32219', '32222', '32223', '32241', '32252', '32254', '32257', '32259', '32260', '32266', '32269', '32274', '32279', '32284', '32285']","[2547, 4226, 4119, 930, 5760, 4319, 3052, 3720, 5385, 2586, 2910, 4780, 525, 1533, 4953, 1769, 4988, 4003, 1868, 4312, 2609, 3158, 3998, 5673, 1770, 3244, 3703, 2338, 5918, 374, 4641, 2316, 4663, 4954, 3266, 3900]","[0.71, 0.35, 0.68, 0.71, 0.36, 0.0, 0.17, 0.25, 1.0, 0.25, 0.4, 0.36, 0.62, 0.65, 0.2, 0.62, 0.57, 0.27, 0.65, 0.65, 0.21, 0.81, 0.69, 0.73, 0.21, 0.28, 0.17, 0.75, 0.82, 0.84, 0.35, 0.79, 0.21, 0.79, 0.68, 0.68, 0.64, 0.33, 1.0, 0.4, 0.75, 0.43, 0.42, 0.25, 0.86, 1.0, 0.0, 0.66, 0.18, 0.64, 0.71, 0.64, 1.0, 0.65, 0.2, 0.25, 0.78, 0.44, 0.23, 0.35, 1.0, 0.82, 0.3, 0.34, 0.75, 0.33, 0.37, 0.31, 0.64, 0.37, 0.5, 0.5, 0.63, 0.68, 0.34]"
617,954305,0.415,0.139,615,2025-02-23 07:23:11.966870,"['32219', '32224', '32228', '32234', '32238', '32242', '32243', '32246', '32248', '32251', '32263', '32266', '32275', '32283', '32286']","[5256, 5541, 1164, 3406, 668, 2072, 391, 1117, 3063, 5402, 295, 1316, 2668, 4184, 4322, 5460, 342, 2761, 3255, 214, 4547, 950, 4520, 2367, 5065, 4396, 5692, 1538, 2640, 5245, 3310, 2943, 3706, 3474, 114, 3376]","[0.35, 0.81, 0.76, 0.31, 0.84, 1.0, 0.33, 0.51, 0.24, 0.23, 1.0, 0.63, 0.37, 0.89, 0.0, 0.74, 0.2, 0.7, 0.75, 0.64, 1.0, 0.86, 0.27, 0.77, 1.0, 0.71, 0.73, 0.88, 0.0, 0.0, 0.82, 0.33, 1.0, 0.37, 0.75, 0.2, 0.84, 1.0, 0.27, 0.77, 0.81, 0.83, 0.8, 0.9, 0.77, 0.77, 0.86, 0.29, 0.62, 1.0, 0.3, 0.5, 1.0, 0.8, 0.07, 0.74, 0.42, 0.9, 0.09, 0.19, 0.4, 0.83, 0.72, 0.25, 0.67, 0.25, 0.78, 0.66, 0.8, 0.25, 0.75, 0.27, 0.75, 0.38, 0.66]"
618,446375,0.344,0.222,615,2025-02-23 07:23:12.088916,"['32219', '32224', '32231', '32236', '32240', '32246', '32247', '32251', '32261', '32265', '32266', '32269', '32270', '32275', '32287']","[3052, 4033, 539, 5195, 4003, 3285, 2840, 506, 2050, 2612, 990, 835, 4723, 712, 117, 4600, 2664, 4322, 3951, 3500, 5541, 3703, 1176, 2761, 637, 4539, 4455, 2620, 2943, 216, 4226, 3263, 4161, 1553, 5758, 5658]","[0.41, 0.65, 0.74, 0.38, 0.64, 0.75, 0.24, 0.39, 0.34, 0.38, 0.75, 0.52, 0.48, 0.81, 0.35, 0.65, 0.38, 0.75, 0.67, 0.61, 0.36, 0.79, 0.0, 0.74, 0.51, 0.53, 1.0, 0.78, 0.57, 0.61, 0.65, 0.56, 0.0, 1.0, 0.54, 0.42, 0.78, 0.75, 0.38, 0.6, 0.67, 0.66, 0.65, 0.8, 0.75, 0.63, 0.73, 1.0, 0.33, 0.55, 0.5, 0.25, 0.75, 0.75, 0.17, 0.75, 0.75, 0.75, 0.2, 0.36, 0.44, 0.83, 0.55, 0.34, 0.67, 0.37, 0.62, 0.52, 0.74, 0.45, 0.65, 0.36, 0.54, 0.5, 0.51]"
619,946031,0.193,0.444,615,2025-02-23 07:23:12.217581,"['32214', '32217', '32219', '32221', '32228', '32238', '32242', '32251', '32261', '32263', '32265', '32270', '32274', '32275', '32286']","[5460, 114, 2664, 4757, 5065, 4184, 3500, 342, 5692, 2761, 1316, 2112, 2281, 1611, 3706, 4520, 2498, 5256, 1098, 3474, 981, 1932, 4396, 4412, 4322, 712, 5594, 3084, 3310, 3406, 49, 2843, 2494, 3248, 5121, 2943]","[0.75, 0.77, 0.74, 0.0, 0.81, 1.0, 0.32, 0.75, 0.3, 0.22, 0.6, 0.61, 0.38, 0.88, 0.75, 0.75, 0.21, 0.69, 0.76, 0.67, 0.6, 0.88, 0.3, 0.78, 0.75, 0.66, 0.64, 0.86, 1.0, 0.6, 0.78, 0.36, 0.67, 0.42, 0.64, 0.22, 0.81, 1.0, 0.28, 0.76, 0.79, 0.81, 0.77, 0.89, 0.82, 0.79, 0.84, 0.0, 0.62, 1.0, 0.33, 1.0, 0.68, 0.78, 0.06, 0.77, 0.25, 0.88, 0.08, 0.15, 1.0, 0.5, 0.68, 0.22, 0.71, 0.26, 0.75, 0.63, 0.79, 0.41, 0.74, 0.29, 0.5, 0.41, 0.63]"
620,638457,0.236,0.306,620,2025-02-23 07:23:12.464507,"['32219', '32221', '32228', '32231', '32234', '32248', '32251', '32261', '32263', '32264', '32266', '32269', '32275', '32283', '32286']","[3255, 3063, 1164, 668, 4725, 2668, 2072, 1787, 5256, 734, 4459, 5157, 1268, 5742, 3310, 4396, 342, 3113, 1196, 391, 756, 182, 1750, 1103, 206, 3593, 5609, 2420, 5402, 5522, 5245, 5801, 3376, 1117, 835, 2980]","[0.26, 0.85, 0.77, 0.22, 0.85, 1.0, 0.34, 0.75, 0.19, 0.25, 0.62, 0.68, 0.34, 0.92, 1.0, 0.73, 0.19, 1.0, 0.75, 0.64, 1.0, 0.85, 0.22, 0.78, 0.79, 0.76, 0.8, 0.91, 0.35, 0.4, 0.86, 0.27, 0.71, 0.31, 0.75, 0.17, 0.86, 0.75, 0.25, 0.79, 0.84, 0.86, 0.84, 0.92, 0.72, 0.76, 0.87, 1.0, 0.65, 1.0, 0.0, 0.42, 0.25, 0.83, 0.09, 1.0, 0.33, 0.92, 0.08, 0.22, 0.38, 0.0, 0.77, 0.23, 0.66, 0.25, 0.83, 0.71, 0.8, 0.5, 0.79, 0.27, 0.25, 0.32, 0.69]"
621,703866,0.335,0.278,620,2025-02-23 07:23:12.579721,"['32218', '32219', '32226', '32231', '32242', '32248', '32263', '32265', '32266', '32270', '32273', '32283', '32286', '32287', '32288']","[2943, 1942, 5402, 3406, 1164, 4322, 1786, 2498, 5541, 712, 5256, 5692, 2640, 668, 4000, 857, 1176, 2048, 214, 5614, 3273, 3255, 3029, 1316, 3330, 1117, 2072, 3124, 1268, 3310, 2465, 5460, 4455, 5700, 4161, 2761]","[0.4, 0.77, 0.75, 0.36, 0.75, 0.75, 0.32, 0.49, 0.27, 0.24, 0.61, 0.62, 0.0, 0.89, 0.59, 0.75, 0.21, 1.0, 0.77, 0.68, 0.58, 0.88, 0.28, 0.78, 0.7, 0.69, 0.67, 0.87, 0.0, 0.55, 0.8, 0.34, 0.66, 0.41, 0.25, 0.22, 0.83, 0.54, 0.28, 0.76, 0.8, 0.81, 0.79, 0.89, 0.8, 0.79, 0.83, 0.29, 0.61, 0.0, 0.33, 1.0, 1.0, 0.8, 0.07, 0.73, 0.25, 0.88, 0.07, 0.0, 0.42, 0.44, 0.71, 0.21, 0.71, 0.28, 0.79, 0.64, 0.79, 0.75, 0.74, 0.3, 0.5, 0.75, 0.25]"
622,1165564,0.328,0.333,620,2025-02-23 07:23:12.698773,"['32218', '32219', '32225', '32236', '32240', '32244', '32248', '32249', '32264', '32269', '32276', '32281', '32283', '32287', '32288']","[3052, 3703, 539, 5195, 2840, 4033, 4723, 4003, 557, 3720, 506, 4226, 882, 2378, 5888, 216, 2050, 835, 5658, 712, 1331, 4600, 2948, 4663, 5760, 5614, 2612, 1359, 3266, 637, 117, 990, 253, 3951, 1553, 2847]","[0.43, 0.55, 0.73, 0.4, 0.75, 0.25, 0.21, 0.34, 0.37, 0.48, 0.44, 0.0, 0.55, 0.79, 0.25, 0.61, 0.47, 0.37, 0.66, 0.6, 0.25, 0.75, 0.0, 0.72, 0.41, 0.46, 0.75, 0.73, 0.6, 0.64, 0.75, 0.65, 0.32, 0.66, 0.75, 0.75, 0.76, 0.38, 0.43, 0.53, 0.62, 0.58, 0.6, 0.73, 0.73, 0.57, 0.66, 0.63, 0.25, 0.58, 0.75, 0.38, 0.43, 0.75, 0.26, 0.25, 0.55, 0.67, 0.23, 0.46, 0.46, 0.61, 0.83, 0.36, 0.69, 0.44, 0.6, 0.25, 0.69, 0.5, 0.64, 0.44, 0.58, 0.5, 0.25]"
623,1351826,0.336,0.333,620,2025-02-23 07:23:12.822608,"['32215', '32219', '32230', '32244', '32248', '32252', '32255', '32256', '32259', '32266', '32274', '32279', '32280', '32283', '32285']","[3703, 4226, 882, 3052, 557, 5385, 4003, 5195, 4723, 3383, 3326, 277, 823, 2586, 539, 2740, 5782, 2744, 5760, 2096, 3885, 5918, 637, 525, 2839, 5658, 2338, 122, 2879, 4319, 4033, 2378, 2612, 506, 4701, 4119]","[0.48, 0.25, 0.72, 0.44, 0.38, 0.25, 0.18, 0.28, 0.44, 0.58, 0.38, 0.39, 0.62, 0.72, 0.15, 0.55, 1.0, 0.25, 0.61, 0.57, 0.15, 0.69, 0.62, 0.7, 0.28, 0.35, 0.34, 0.63, 0.68, 0.71, 0.25, 0.77, 0.2, 0.76, 0.25, 0.67, 0.71, 0.32, 0.25, 0.41, 0.52, 1.0, 0.25, 0.62, 0.72, 0.75, 0.55, 0.76, 0.14, 0.63, 0.71, 0.33, 0.0, 0.73, 0.37, 0.34, 0.61, 0.53, 0.33, 0.58, 1.0, 0.7, 0.37, 0.43, 0.69, 0.33, 0.5, 0.39, 0.64, 0.5, 0.58, 0.5, 0.61, 0.59, 0.39]"
624,24880,0.276,0.139,620,2025-02-23 07:23:12.940651,"['32214', '32217', '32219', '32238', '32245', '32247', '32248', '32262', '32263', '32264', '32265', '32266', '32275', '32283', '32286']","[4322, 2498, 2664, 3406, 5594, 1176, 114, 5238, 5065, 4757, 5460, 342, 2465, 981, 2761, 4000, 5541, 2943, 3500, 1316, 2058, 3029, 2112, 2494, 1932, 4184, 1919, 1242, 5692, 576, 3151, 4412, 712, 5110, 1666, 2281]","[1.0, 0.71, 0.73, 0.75, 0.79, 0.75, 0.3, 0.46, 0.37, 0.2, 0.61, 0.59, 0.41, 0.88, 0.59, 0.78, 0.21, 0.67, 0.79, 0.73, 0.6, 0.91, 0.32, 0.79, 1.0, 0.63, 0.54, 0.84, 0.59, 0.68, 0.75, 0.0, 0.65, 0.0, 1.0, 0.24, 0.8, 0.53, 0.3, 0.75, 0.77, 0.79, 0.75, 0.88, 0.86, 0.82, 0.81, 0.26, 0.0, 0.0, 0.0, 1.0, 1.0, 0.78, 0.05, 0.79, 0.6, 0.85, 0.05, 0.1, 0.46, 0.67, 0.66, 0.17, 0.77, 0.29, 0.77, 0.59, 0.78, 0.75, 0.7, 0.32, 0.25, 0.41, 0.62]"
625,1027554,0.342,0.167,625,2025-02-23 07:23:13.189376,"['32215', '32217', '32218', '32219', '32223', '32225', '32226', '32236', '32248', '32255', '32270', '32276', '32279', '32283', '32288']","[3052, 539, 5195, 3703, 882, 637, 557, 4600, 506, 4723, 2378, 2740, 2840, 835, 117, 4226, 5236, 5658, 5782, 2612, 4033, 4003, 823, 2744, 4701, 889, 3266, 1553, 825, 5760, 5237, 2505, 216, 5888, 3326, 2753]","[0.35, 0.25, 0.74, 0.0, 1.0, 0.25, 0.21, 0.36, 0.35, 0.25, 0.41, 0.25, 0.25, 0.78, 0.23, 0.57, 0.51, 0.37, 0.64, 0.55, 0.25, 0.7, 1.0, 0.71, 0.46, 0.49, 0.49, 0.75, 0.53, 0.57, 0.55, 0.69, 0.28, 0.64, 0.25, 0.57, 0.79, 0.39, 0.43, 0.5, 0.6, 0.75, 0.61, 0.72, 0.67, 0.55, 0.66, 0.7, 0.2, 0.57, 0.56, 0.28, 0.33, 0.74, 0.33, 0.35, 0.0, 0.68, 0.32, 0.54, 0.42, 0.56, 0.33, 0.42, 0.65, 0.67, 0.57, 0.51, 0.73, 0.5, 0.63, 0.43, 0.57, 0.53, 0.5]"
626,1245226,0.233,0.083,625,2025-02-23 07:23:13.302706,"['32219', '32221', '32224', '32234', '32242', '32243', '32248', '32251', '32263', '32265', '32266', '32270', '32275', '32283', '32286']","[3255, 5256, 5692, 1164, 2072, 2668, 5245, 734, 2620, 4725, 835, 3474, 391, 1268, 1098, 3063, 5742, 216, 5744, 342, 4520, 3406, 2640, 4396, 3310, 756, 3029, 3084, 4600, 2078, 214, 5045, 5216, 4184, 668, 5195]","[0.29, 0.83, 0.76, 0.23, 0.82, 1.0, 0.32, 1.0, 0.23, 0.25, 0.75, 0.65, 0.33, 0.9, 0.59, 0.72, 0.21, 0.7, 0.76, 0.64, 1.0, 0.84, 0.27, 0.77, 0.77, 0.72, 0.75, 0.9, 0.75, 0.75, 0.81, 0.34, 0.68, 0.37, 0.75, 0.2, 0.87, 0.75, 0.27, 0.76, 0.8, 0.84, 0.81, 0.89, 0.74, 0.76, 0.85, 0.32, 0.59, 0.75, 0.28, 0.0, 0.75, 0.79, 0.11, 0.68, 0.0, 0.9, 0.09, 0.22, 0.39, 0.0, 0.74, 0.25, 0.65, 0.28, 0.8, 0.68, 0.8, 0.25, 0.77, 0.3, 0.0, 0.36, 0.67]"
627,337655,0.381,0.222,625,2025-02-23 07:23:13.425095,"['32219', '32228', '32234', '32242', '32243', '32245', '32246', '32247', '32248', '32251', '32263', '32266', '32269', '32275', '32283']","[3052, 506, 5195, 5541, 5614, 2943, 2620, 2050, 3951, 539, 2840, 216, 3285, 4003, 712, 3561, 576, 4600, 4033, 835, 2640, 117, 3263, 3406, 4723, 889, 2664, 4000, 3703, 1273, 4442, 4454, 4322, 3883, 5692, 2761]","[0.38, 0.68, 0.74, 0.32, 0.66, 1.0, 0.25, 0.41, 0.33, 0.37, 0.48, 0.54, 0.44, 0.83, 0.0, 0.65, 0.37, 0.51, 0.7, 0.61, 0.0, 0.79, 0.45, 0.74, 0.57, 0.57, 0.56, 0.81, 0.0, 0.75, 0.65, 0.25, 0.0, 0.25, 0.75, 0.4, 0.81, 0.75, 0.37, 0.61, 0.69, 0.7, 0.69, 0.8, 0.73, 0.66, 0.74, 0.52, 0.35, 0.75, 0.45, 0.4, 0.75, 0.75, 0.19, 0.75, 0.48, 0.78, 0.18, 0.36, 0.42, 0.33, 0.58, 0.32, 0.67, 0.38, 0.67, 0.56, 0.75, 0.25, 0.69, 0.38, 0.54, 0.47, 0.55]"
628,1512952,0.341,0.25,625,2025-02-23 07:23:13.546713,"['32219', '32221', '32231', '32243', '32245', '32246', '32248', '32261', '32262', '32263', '32266', '32269', '32275', '32283', '32286']","[3063, 3593, 1164, 2420, 2715, 4459, 3255, 206, 734, 5402, 5256, 2668, 1268, 391, 4396, 806, 5157, 1787, 216, 2072, 3273, 4500, 2253, 4696, 535, 3310, 668, 3474, 4725, 1196, 2246, 1316, 1117, 3829, 2172, 3084]","[0.22, 0.87, 0.77, 0.16, 0.84, 1.0, 0.33, 0.75, 0.19, 0.26, 0.58, 0.67, 0.31, 0.92, 0.58, 0.7, 0.19, 1.0, 0.74, 0.61, 0.59, 0.82, 0.24, 0.77, 0.81, 0.77, 0.82, 0.92, 0.32, 0.0, 0.84, 0.25, 1.0, 0.33, 1.0, 0.17, 0.89, 0.58, 0.26, 0.78, 0.82, 0.86, 0.84, 0.91, 0.69, 0.74, 0.87, 1.0, 1.0, 0.25, 0.25, 0.34, 0.0, 0.81, 0.11, 1.0, 0.29, 0.93, 0.1, 0.26, 0.36, 0.33, 0.77, 0.27, 0.62, 0.26, 0.83, 0.72, 0.81, 0.75, 0.79, 0.29, 0.5, 0.34, 0.69]"
629,78132,0.349,0.444,625,2025-02-23 07:23:13.661803,"['32217', '32219', '32222', '32248', '32252', '32254', '32257', '32259', '32260', '32265', '32273', '32274', '32280', '32284', '32285']","[3703, 539, 4723, 4226, 3052, 882, 557, 5195, 4003, 823, 4033, 5385, 5760, 5782, 2740, 2840, 1740, 5658, 838, 2586, 5918, 4319, 4600, 2744, 525, 3383, 930, 2338, 506, 825, 3326, 2948, 2612, 2879, 5237, 2547]","[0.5, 0.46, 0.71, 0.0, 0.43, 0.0, 0.18, 0.3, 1.0, 0.52, 0.38, 0.41, 0.57, 0.71, 0.19, 0.57, 0.58, 0.29, 0.64, 0.58, 0.2, 0.72, 0.66, 0.71, 0.32, 0.38, 0.32, 0.65, 0.65, 0.7, 0.42, 0.78, 0.2, 0.74, 0.75, 0.67, 0.73, 0.35, 0.0, 0.42, 0.75, 0.49, 0.51, 0.75, 0.73, 0.75, 0.25, 0.74, 0.16, 0.6, 0.65, 0.25, 0.4, 0.7, 0.32, 0.36, 0.63, 0.54, 0.31, 0.75, 0.83, 0.7, 0.38, 0.41, 0.69, 0.52, 0.33, 0.42, 0.69, 0.46, 0.75, 0.75, 0.6, 0.6, 0.42]"
630,1465284,0.34,0.278,630,2025-02-23 07:23:13.910301,"['32215', '32223', '32225', '32236', '32238', '32242', '32244', '32253', '32264', '32269', '32273', '32276', '32281', '32287', '32288']","[539, 3052, 506, 4723, 712, 4033, 5195, 5614, 835, 4003, 4322, 3094, 216, 2840, 117, 2050, 5216, 2943, 2664, 1176, 4065, 5541, 3561, 3951, 2948, 1553, 5692, 637, 2378, 2612, 1359, 3285, 4600, 3703, 1786, 3720]","[0.41, 0.75, 0.75, 0.37, 0.64, 0.64, 0.25, 0.4, 0.36, 0.0, 0.5, 0.75, 0.47, 0.82, 0.37, 0.68, 0.39, 0.47, 0.67, 0.62, 0.36, 0.79, 0.75, 0.73, 0.75, 0.56, 0.55, 0.81, 0.75, 0.59, 1.0, 0.52, 0.46, 0.55, 0.53, 0.43, 0.81, 0.44, 0.39, 0.25, 0.69, 0.69, 0.65, 0.8, 0.74, 0.64, 0.75, 0.53, 0.34, 0.55, 0.75, 0.43, 0.5, 0.75, 0.17, 0.25, 0.52, 0.78, 0.18, 0.25, 0.45, 0.55, 0.83, 0.32, 0.65, 0.39, 0.63, 0.5, 0.73, 0.48, 0.67, 0.39, 0.54, 0.75, 0.75]"
631,1584951,0.25,0.5,630,2025-02-23 07:23:14.029020,"['32214', '32219', '32222', '32224', '32225', '32226', '32239', '32245', '32261', '32264', '32270', '32274', '32276', '32281', '32287']","[3052, 4953, 2664, 1553, 3694, 4226, 5760, 4033, 3665, 3500, 4003, 3720, 1359, 5195, 4120, 4846, 5918, 506, 4412, 1822, 5647, 4368, 712, 3326, 990, 4539, 2968, 1077, 4825, 4062, 2058, 786, 4942, 5567, 5758, 2840]","[0.75, 0.49, 0.7, 0.63, 0.56, 0.25, 0.23, 0.34, 0.75, 0.39, 0.75, 0.25, 0.0, 0.77, 0.34, 0.69, 0.42, 0.41, 0.7, 0.69, 0.34, 0.84, 0.53, 0.75, 0.35, 0.25, 0.3, 0.71, 0.7, 0.77, 0.5, 1.0, 0.39, 0.69, 0.66, 0.51, 0.75, 0.42, 0.44, 0.53, 0.61, 0.61, 0.55, 0.72, 0.85, 0.7, 0.67, 0.25, 0.33, 0.57, 0.25, 0.64, 0.67, 0.7, 0.13, 0.64, 1.0, 0.66, 0.14, 0.26, 0.83, 0.72, 0.83, 0.28, 0.73, 0.43, 0.54, 0.75, 0.7, 0.39, 0.6, 0.44, 0.56, 0.5, 0.47]"
632,1532588,0.248,0.306,630,2025-02-23 07:23:14.147673,"['32214', '32217', '32221', '32234', '32242', '32246', '32247', '32251', '32263', '32265', '32269', '32270', '32275', '32286', '32287']","[4184, 2761, 342, 2664, 5256, 5460, 3474, 4757, 3255, 5065, 1316, 2843, 3500, 3706, 4322, 4257, 2498, 295, 3406, 3248, 1098, 114, 712, 1611, 5692, 2112, 981, 3151, 1666, 1932, 2281, 3263, 2943, 4520, 4412, 2756]","[0.25, 0.76, 0.75, 0.0, 0.8, 0.74, 0.32, 1.0, 0.32, 0.25, 0.6, 0.6, 0.38, 0.88, 0.6, 0.77, 0.22, 0.67, 0.75, 0.69, 0.75, 0.88, 0.28, 0.78, 0.68, 0.68, 0.65, 0.87, 0.75, 0.58, 0.76, 0.35, 0.75, 0.25, 0.62, 0.23, 0.85, 1.0, 0.3, 0.74, 0.78, 0.82, 0.75, 0.88, 0.81, 0.79, 0.84, 0.3, 0.6, 1.0, 0.32, 1.0, 0.69, 0.77, 0.06, 1.0, 0.75, 0.89, 0.07, 0.15, 0.44, 0.67, 0.7, 0.22, 0.69, 0.29, 0.74, 0.63, 0.78, 0.43, 0.74, 0.32, 0.5, 0.0, 0.66]"
633,587909,0.322,0.0,630,2025-02-23 07:23:14.265903,"['32217', '32224', '32225', '32226', '32236', '32239', '32244', '32264', '32265', '32266', '32270', '32276', '32281', '32287', '32288']","[3052, 4003, 4033, 4226, 3720, 5195, 3285, 1359, 5675, 5899, 5760, 2948, 449, 637, 2378, 4975, 2943, 506, 576, 650, 1176, 480, 4954, 4455, 4600, 1331, 4883, 5098, 539, 814, 4299, 3703, 4325, 4723, 2664, 5614]","[0.58, 0.51, 0.71, 0.75, 0.56, 0.45, 0.23, 0.34, 0.49, 0.4, 0.25, 0.75, 0.75, 0.77, 0.33, 0.68, 0.43, 0.4, 0.69, 0.67, 0.33, 0.82, 0.25, 0.74, 0.37, 0.75, 0.35, 0.72, 0.67, 0.74, 0.75, 0.62, 0.39, 0.67, 0.63, 0.51, 0.76, 0.42, 0.43, 0.53, 0.61, 0.62, 0.56, 0.73, 0.83, 0.68, 0.67, 0.54, 0.32, 0.57, 0.75, 0.75, 0.75, 0.71, 0.14, 0.61, 0.75, 0.67, 0.15, 0.28, 0.5, 0.69, 0.17, 0.29, 0.71, 0.43, 0.55, 0.5, 0.7, 0.41, 0.61, 0.43, 0.56, 0.75, 0.5]"
634,113259,0.259,0.222,630,2025-02-23 07:23:14.384388,"['32221', '32224', '32231', '32234', '32248', '32251', '32262', '32263', '32265', '32266', '32269', '32278', '32283', '32286', '32287']","[3255, 4725, 2072, 3063, 734, 5157, 5256, 1164, 2715, 4459, 2668, 391, 206, 3829, 5245, 68, 4651, 4500, 1268, 5609, 4543, 806, 3593, 3481, 2010, 1196, 5657, 182, 4396, 1750, 216, 756, 2420, 295, 2246, 5522]","[0.22, 0.87, 0.8, 0.17, 0.86, 0.89, 0.37, 1.0, 0.17, 0.26, 0.75, 0.68, 0.3, 0.91, 0.66, 0.76, 0.18, 1.0, 0.73, 0.62, 1.0, 0.84, 0.19, 0.76, 0.83, 0.81, 0.86, 0.93, 0.29, 0.35, 0.86, 0.23, 0.75, 0.27, 1.0, 0.15, 0.9, 1.0, 0.24, 0.81, 0.85, 0.88, 0.83, 0.93, 0.67, 0.75, 0.89, 0.29, 1.0, 0.75, 0.24, 0.0, 0.0, 0.83, 0.08, 0.75, 0.27, 0.95, 0.09, 0.23, 0.37, 0.27, 0.81, 0.26, 0.83, 0.24, 0.82, 0.74, 0.81, 1.0, 0.81, 0.27, 0.0, 0.0, 0.74]"
635,14251,0.435,0.0,635,2025-02-23 07:23:14.631842,"['32214', '32218', '32219', '32222', '32230', '32248', '32252', '32255', '32256', '32259', '32269', '32273', '32274', '32279', '32283']","[3052, 5760, 4003, 4319, 2586, 930, 4119, 3720, 374, 4226, 4033, 3158, 5385, 5758, 4988, 1868, 1533, 3900, 5195, 5918, 1331, 4663, 2547, 5888, 1770, 5555, 4954, 4062, 4953, 4600, 5655, 814, 449, 3703, 5675, 2482]","[0.0, 0.41, 0.7, 0.62, 0.0, 0.25, 0.2, 0.29, 1.0, 0.45, 0.4, 0.42, 0.57, 0.69, 0.27, 0.63, 1.0, 0.33, 0.68, 0.65, 0.23, 0.82, 0.6, 0.74, 0.29, 0.36, 0.26, 0.62, 0.73, 0.78, 0.41, 0.73, 0.29, 0.74, 1.0, 0.6, 0.7, 0.39, 0.75, 0.43, 0.55, 0.0, 1.0, 0.66, 0.83, 1.0, 0.58, 0.63, 0.22, 0.61, 0.64, 0.6, 0.61, 0.68, 0.18, 0.75, 0.7, 0.57, 0.18, 0.0, 0.0, 0.76, 0.37, 0.36, 0.74, 0.0, 0.48, 0.4, 0.71, 0.25, 0.58, 0.44, 0.54, 0.6, 0.4]"
636,1134035,0.324,0.361,635,2025-02-23 07:23:14.759130,"['32218', '32223', '32230', '32231', '32238', '32242', '32247', '32252', '32256', '32259', '32264', '32279', '32283', '32286', '32288']","[3703, 835, 539, 506, 117, 5195, 2840, 3052, 216, 5541, 4723, 4003, 2612, 238, 576, 3263, 4701, 391, 637, 5614, 3951, 889, 1553, 2753, 4033, 5658, 4322, 2050, 2943, 823, 5782, 1273, 3094, 712, 3561, 5168]","[0.3, 0.68, 0.77, 0.25, 1.0, 0.68, 0.26, 0.4, 0.28, 1.0, 0.43, 0.53, 0.47, 0.79, 0.34, 0.6, 1.0, 0.0, 0.64, 0.56, 0.32, 0.72, 0.44, 0.72, 1.0, 0.59, 0.64, 0.82, 0.25, 0.47, 0.65, 0.54, 0.43, 1.0, 0.42, 0.44, 0.8, 0.45, 0.0, 0.57, 0.7, 0.66, 1.0, 0.8, 0.65, 0.75, 0.73, 0.61, 0.29, 0.55, 0.0, 0.3, 0.33, 0.78, 0.26, 0.47, 0.41, 0.81, 0.25, 0.52, 0.43, 0.48, 0.61, 0.39, 0.61, 0.5, 0.65, 0.58, 0.74, 0.5, 0.69, 0.36, 0.5, 0.46, 0.75]"
637,411469,0.352,0.333,635,2025-02-23 07:23:14.885923,"['32225', '32230', '32238', '32242', '32244', '32245', '32246', '32247', '32248', '32261', '32264', '32269', '32275', '32286', '32288']","[3052, 539, 2840, 835, 3703, 117, 4723, 506, 2612, 5195, 882, 557, 2753, 2378, 3951, 5658, 4033, 5465, 4322, 216, 5264, 3094, 838, 5614, 2096, 4003, 5782, 2761, 823, 3561, 3720, 637, 2847, 4701, 264, 4732]","[0.34, 0.62, 0.76, 0.29, 0.58, 0.61, 0.24, 0.37, 0.32, 0.46, 0.41, 0.0, 0.5, 0.77, 0.29, 0.58, 0.25, 0.4, 0.63, 0.56, 0.27, 0.71, 0.5, 0.72, 1.0, 0.53, 0.57, 0.78, 0.75, 0.52, 1.0, 0.75, 0.75, 0.25, 0.25, 0.51, 0.78, 0.42, 0.42, 0.52, 0.66, 0.6, 0.62, 0.76, 0.67, 0.56, 0.68, 1.0, 0.24, 0.57, 1.0, 0.31, 0.33, 0.76, 0.28, 0.25, 0.46, 0.76, 0.27, 0.54, 0.44, 0.67, 0.55, 0.41, 0.63, 0.43, 0.6, 0.54, 0.73, 0.51, 0.66, 0.39, 0.75, 0.49, 0.5]"
638,1560551,0.369,0.472,635,2025-02-23 07:23:15.003107,"['32214', '32215', '32218', '32219', '32222', '32223', '32230', '32231', '32238', '32245', '32248', '32255', '32274', '32286', '32288']","[3052, 506, 4003, 539, 2664, 5195, 4033, 712, 4322, 1553, 2943, 5541, 5614, 2840, 1359, 835, 2761, 786, 1098, 2753, 4600, 3263, 3703, 4520, 3094, 823, 4723, 4226, 4846, 3326, 188, 211, 1249, 4299, 990, 4987]","[0.75, 1.0, 0.74, 0.4, 0.75, 1.0, 0.26, 0.4, 0.75, 0.25, 0.47, 0.53, 0.46, 0.8, 0.41, 0.66, 0.75, 0.25, 0.7, 0.63, 0.38, 0.81, 0.43, 0.75, 0.75, 0.56, 0.54, 0.8, 0.56, 0.59, 0.64, 0.75, 0.48, 0.55, 0.75, 0.39, 0.79, 0.47, 0.38, 0.59, 0.7, 0.75, 0.66, 0.81, 0.76, 0.67, 0.73, 0.49, 0.38, 0.54, 0.47, 0.48, 0.52, 0.75, 0.16, 0.6, 0.52, 0.79, 0.16, 0.34, 0.83, 0.56, 0.58, 0.32, 0.68, 0.37, 0.65, 0.56, 0.75, 0.46, 0.68, 0.36, 0.25, 0.47, 0.75]"
639,895271,0.316,0.25,635,2025-02-23 07:23:15.120235,"['32214', '32224', '32230', '32238', '32240', '32242', '32245', '32246', '32251', '32264', '32265', '32266', '32281', '32286', '32287']","[3052, 4033, 4322, 117, 506, 3285, 539, 2840, 4003, 5195, 2761, 712, 4065, 2943, 1786, 1098, 216, 3500, 5758, 2050, 889, 3596, 5216, 2620, 2664, 637, 3263, 990, 4747, 5541, 5905, 1359, 3883, 835, 1077, 4701]","[0.0, 0.66, 0.74, 0.4, 0.69, 0.62, 0.27, 0.41, 0.34, 0.33, 1.0, 0.55, 0.45, 0.81, 0.44, 0.68, 0.0, 0.53, 0.71, 0.64, 0.41, 0.83, 0.41, 0.76, 0.25, 0.57, 1.0, 0.81, 1.0, 0.59, 0.66, 1.0, 0.25, 0.53, 0.56, 0.37, 0.8, 0.0, 0.37, 0.61, 0.71, 0.7, 0.67, 0.82, 0.78, 0.7, 0.75, 0.46, 0.41, 0.54, 0.0, 0.75, 0.75, 0.75, 0.14, 0.63, 0.51, 0.81, 0.14, 0.3, 0.45, 0.55, 0.6, 0.3, 0.69, 0.36, 0.67, 1.0, 0.76, 0.45, 0.69, 0.35, 0.5, 0.0, 0.54]"
640,855181,0.234,0.167,640,2025-02-23 07:23:15.367429,"['32221', '32242', '32243', '32246', '32247', '32249', '32251', '32263', '32265', '32270', '32274', '32275', '32281', '32283', '32286']","[1316, 5256, 3063, 3084, 4396, 1164, 2367, 4547, 1196, 1183, 5692, 3029, 3255, 1787, 3474, 342, 3310, 2072, 2498, 4184, 1117, 295, 3376, 3406, 214, 3593, 4322, 3273, 2044, 2601, 3786, 391, 5402, 2177, 5065, 2761]","[0.34, 0.84, 0.75, 0.33, 0.85, 0.8, 0.34, 1.0, 0.24, 0.23, 0.6, 0.66, 0.32, 0.9, 0.69, 0.77, 0.18, 0.75, 0.77, 0.69, 0.67, 0.89, 0.23, 0.78, 0.79, 0.74, 0.76, 0.89, 0.75, 0.25, 0.83, 0.25, 1.0, 0.0, 0.62, 0.0, 0.86, 1.0, 0.26, 0.78, 0.82, 0.86, 0.85, 0.92, 0.79, 0.78, 0.86, 0.23, 0.7, 0.25, 0.25, 0.75, 0.64, 0.8, 0.06, 0.78, 1.0, 0.92, 0.06, 0.14, 0.0, 0.17, 0.75, 0.2, 0.65, 0.22, 0.82, 1.0, 0.81, 0.5, 0.76, 0.27, 0.25, 0.38, 0.71]"
641,1247,0.306,0.333,640,2025-02-23 07:23:15.485305,"['32219', '32221', '32234', '32242', '32245', '32248', '32251', '32262', '32263', '32265', '32266', '32270', '32275', '32281', '32286']","[5614, 3052, 5541, 4322, 506, 2664, 2060, 2943, 5195, 5098, 3406, 4455, 4000, 4033, 712, 1176, 539, 2050, 3500, 5597, 449, 990, 2620, 3729, 835, 2498, 857, 5692, 5264, 3106, 4299, 617, 4975, 576, 2761, 4003]","[0.45, 0.65, 0.73, 0.45, 0.66, 1.0, 0.25, 0.0, 0.38, 0.36, 0.49, 0.53, 0.45, 0.82, 0.44, 0.69, 0.36, 0.51, 0.71, 0.66, 0.0, 0.85, 0.43, 0.74, 0.54, 0.55, 0.5, 0.78, 0.75, 0.64, 0.64, 0.0, 0.51, 0.57, 0.75, 0.37, 0.8, 0.75, 0.38, 0.61, 0.68, 0.69, 0.7, 0.81, 0.8, 0.67, 0.72, 0.45, 0.0, 0.25, 0.45, 1.0, 1.0, 0.75, 0.12, 0.65, 0.25, 0.77, 0.12, 0.24, 0.47, 0.33, 0.56, 0.28, 0.68, 0.34, 0.67, 0.5, 0.76, 0.42, 0.66, 0.38, 0.5, 0.51, 0.56]"
642,271513,0.413,0.028,640,2025-02-23 07:23:15.603210,"['32215', '32219', '32226', '32230', '32242', '32244', '32248', '32252', '32254', '32259', '32279', '32280', '32281', '32283', '32285']","[3703, 3052, 5195, 882, 4226, 506, 557, 2744, 3383, 823, 277, 4723, 3720, 539, 2586, 5760, 4003, 5385, 2740, 838, 2499, 2378, 3326, 174, 2612, 637, 3094, 4319, 4846, 4732, 5918, 2840, 5658, 2547, 5782, 4600]","[0.41, 0.0, 0.74, 0.4, 0.42, 1.0, 0.19, 0.3, 0.42, 0.57, 0.36, 0.42, 1.0, 0.71, 0.19, 0.56, 1.0, 0.26, 0.6, 0.57, 0.19, 0.7, 0.64, 0.68, 0.35, 0.4, 0.38, 0.66, 1.0, 0.67, 0.0, 0.7, 0.25, 0.74, 0.0, 0.65, 0.75, 0.36, 1.0, 0.39, 1.0, 0.47, 0.55, 0.66, 0.71, 0.75, 0.56, 0.73, 0.15, 0.63, 0.63, 0.34, 0.34, 0.72, 0.35, 0.38, 0.58, 0.58, 0.36, 0.53, 0.47, 0.66, 0.39, 0.45, 0.65, 0.5, 0.83, 0.5, 0.69, 0.25, 0.57, 0.25, 0.57, 0.61, 0.42]"
643,577981,0.221,0.389,640,2025-02-23 07:23:15.727536,"['32221', '32224', '32231', '32234', '32240', '32242', '32243', '32251', '32263', '32265', '32266', '32270', '32281', '32283', '32286']","[5692, 3255, 5216, 342, 5256, 2761, 4520, 712, 2640, 1316, 1098, 2943, 1164, 2664, 3474, 3029, 5460, 4184, 3310, 3406, 835, 5065, 1942, 3084, 2620, 4322, 1538, 295, 4396, 981, 1268, 114, 3951, 5402, 2756, 4757]","[0.37, 0.79, 0.74, 0.36, 0.8, 0.74, 0.31, 0.75, 0.28, 0.27, 0.75, 0.62, 0.36, 0.88, 0.61, 0.75, 0.23, 0.75, 0.75, 0.68, 1.0, 0.88, 0.29, 0.77, 0.72, 0.69, 1.0, 0.86, 0.75, 0.75, 0.78, 0.32, 0.69, 0.4, 0.62, 0.22, 0.84, 0.75, 0.3, 0.73, 0.78, 0.81, 0.81, 0.89, 0.8, 0.75, 0.82, 0.29, 0.62, 0.75, 0.31, 0.75, 0.75, 0.78, 0.07, 0.74, 0.25, 0.88, 0.07, 0.16, 0.44, 0.45, 0.7, 0.22, 0.66, 0.26, 0.78, 0.75, 0.79, 0.75, 0.73, 0.3, 0.75, 0.42, 0.66]"
644,513118,0.307,0.25,640,2025-02-23 07:23:15.844244,"['32217', '32221', '32228', '32231', '32240', '32242', '32243', '32251', '32263', '32266', '32270', '32274', '32275', '32281', '32286']","[5692, 1316, 3310, 2498, 3255, 4396, 1164, 295, 3084, 3406, 4184, 4322, 3029, 3063, 5256, 2761, 342, 981, 5460, 114, 5065, 1117, 4547, 2943, 1098, 2664, 3474, 1538, 712, 5402, 214, 4520, 2420, 5216, 3593, 4000]","[0.38, 0.8, 0.74, 0.0, 0.82, 0.75, 0.32, 1.0, 0.29, 0.25, 0.58, 0.63, 0.35, 0.88, 1.0, 0.76, 0.21, 1.0, 0.76, 0.69, 0.62, 0.89, 0.27, 0.77, 0.73, 0.7, 1.0, 0.87, 1.0, 1.0, 0.79, 0.3, 0.71, 0.39, 0.64, 0.2, 0.84, 1.0, 0.29, 0.75, 0.79, 0.83, 0.81, 0.9, 0.81, 0.77, 0.83, 0.27, 0.64, 0.25, 0.3, 0.6, 1.0, 0.78, 0.06, 0.76, 0.25, 0.89, 0.06, 0.15, 0.67, 0.67, 0.71, 0.21, 0.66, 0.25, 0.79, 0.75, 0.8, 0.43, 0.73, 0.3, 0.75, 0.42, 0.67]"
645,778579,0.373,0.25,645,2025-02-23 07:23:16.099360,"['32219', '32222', '32223', '32239', '32241', '32252', '32254', '32256', '32257', '32259', '32264', '32271', '32279', '32284', '32285']","[4319, 2910, 2547, 2609, 3998, 930, 1012, 4119, 4988, 4780, 525, 1769, 4012, 2586, 1868, 715, 5326, 5385, 1204, 5760, 4641, 1533, 5771, 3244, 1770, 3089, 4312, 2879, 5915, 374, 2693, 5673, 5521, 2338, 1596, 4226]","[0.72, 0.26, 0.68, 0.74, 0.29, 0.0, 0.15, 0.21, 1.0, 0.0, 0.35, 0.32, 0.65, 0.56, 0.13, 0.59, 0.67, 0.18, 0.65, 0.63, 0.14, 0.77, 0.78, 0.71, 0.14, 0.75, 0.11, 0.0, 0.83, 0.89, 0.25, 0.84, 0.16, 0.87, 0.67, 0.77, 0.59, 0.33, 1.0, 0.32, 0.25, 0.31, 0.0, 0.0, 0.86, 0.75, 0.4, 0.76, 0.12, 0.67, 0.75, 0.63, 0.58, 0.63, 0.27, 0.45, 0.83, 0.0, 0.29, 0.42, 0.56, 0.86, 0.25, 0.36, 0.75, 0.5, 0.34, 0.27, 0.66, 0.38, 1.0, 0.25, 0.6, 0.69, 0.31]"
646,82901,0.292,0.167,645,2025-02-23 07:23:16.219486,"['32214', '32217', '32218', '32219', '32225', '32230', '32239', '32240', '32245', '32251', '32264', '32265', '32266', '32286', '32287']","[3052, 2761, 3500, 2664, 2943, 506, 576, 712, 5195, 5614, 2058, 3285, 4003, 4455, 1359, 2050, 2112, 449, 5541, 1176, 4299, 4539, 4033, 4322, 539, 4757, 786, 5692, 2620, 4520, 3720, 5460, 4000, 2640, 2060, 835]","[0.25, 0.69, 0.74, 0.25, 1.0, 0.75, 0.27, 0.41, 0.38, 0.3, 0.53, 1.0, 0.44, 0.82, 0.44, 0.72, 0.25, 0.56, 0.75, 0.66, 0.45, 0.85, 0.41, 0.76, 0.56, 0.25, 0.25, 0.79, 0.57, 0.67, 0.66, 0.25, 0.55, 0.54, 0.64, 0.33, 0.8, 0.75, 0.34, 0.64, 0.72, 0.7, 0.68, 0.82, 0.82, 0.74, 0.75, 0.41, 0.45, 0.53, 1.0, 1.0, 0.75, 0.75, 0.11, 0.67, 0.57, 0.8, 0.11, 0.22, 0.46, 0.59, 0.58, 0.24, 0.7, 0.32, 0.71, 0.57, 0.75, 0.42, 0.66, 0.35, 0.75, 0.5, 0.56]"
647,600075,0.237,0.083,645,2025-02-23 07:23:16.337247,"['32214', '32221', '32234', '32239', '32242', '32243', '32251', '32263', '32265', '32269', '32270', '32274', '32275', '32283', '32286']","[5256, 3255, 5742, 342, 668, 1164, 3474, 4725, 4184, 1316, 3063, 1117, 2072, 2640, 295, 2664, 5692, 1611, 712, 3376, 1787, 1098, 5065, 2943, 2668, 1293, 3406, 3310, 2367, 1268, 5594, 3450, 4257, 1942, 3273, 4547]","[0.0, 0.82, 0.76, 0.32, 0.84, 0.77, 0.34, 1.0, 0.27, 0.22, 0.6, 0.65, 0.36, 0.89, 0.61, 0.76, 0.2, 0.72, 0.79, 0.67, 1.0, 0.88, 0.27, 0.78, 0.74, 1.0, 0.69, 0.88, 0.25, 1.0, 0.8, 0.32, 0.72, 0.37, 0.62, 0.19, 0.86, 1.0, 0.27, 0.75, 0.82, 0.81, 0.79, 0.9, 0.8, 0.8, 0.84, 0.28, 0.63, 1.0, 0.28, 0.75, 0.64, 0.79, 0.08, 1.0, 0.75, 0.9, 0.08, 0.16, 0.17, 0.17, 0.71, 0.21, 0.67, 0.24, 0.82, 0.68, 0.79, 0.5, 0.73, 0.29, 0.5, 0.37, 0.67]"
648,305393,0.241,0.556,645,2025-02-23 07:23:16.455320,"['32214', '32219', '32228', '32231', '32234', '32239', '32245', '32247', '32262', '32263', '32265', '32269', '32274', '32281', '32286']","[5647, 4412, 2664, 2112, 3706, 3052, 4757, 3367, 3500, 5238, 3961, 2058, 1359, 1932, 4033, 2281, 5195, 2189, 5003, 4003, 4322, 3665, 873, 4539, 990, 1176, 1822, 3493, 4600, 1077, 1098, 1612, 145, 3293, 2943, 5594]","[0.75, 0.62, 0.71, 0.62, 0.7, 0.25, 0.26, 0.38, 0.49, 0.25, 0.55, 0.52, 0.45, 0.81, 0.75, 0.76, 0.3, 1.0, 0.79, 0.71, 0.25, 0.9, 0.44, 0.77, 0.47, 1.0, 0.35, 0.74, 0.68, 0.78, 0.61, 0.75, 0.56, 1.0, 0.74, 0.34, 0.75, 0.51, 0.36, 0.64, 0.7, 0.67, 0.65, 0.8, 0.88, 0.8, 0.72, 0.35, 0.75, 0.25, 0.45, 1.0, 0.76, 0.72, 0.07, 1.0, 0.7, 0.75, 0.07, 0.13, 0.83, 0.68, 0.54, 0.2, 0.75, 0.32, 0.68, 0.5, 0.75, 0.37, 0.63, 0.36, 0.5, 0.5, 0.55]"
649,1574944,0.33,0.528,645,2025-02-23 07:23:16.578554,"['32225', '32226', '32231', '32236', '32239', '32240', '32248', '32253', '32261', '32264', '32270', '32275', '32276', '32287', '32288']","[4003, 539, 4723, 506, 4226, 5195, 4033, 3052, 1553, 3703, 3326, 2840, 117, 637, 4600, 2612, 4846, 5888, 990, 4119, 5658, 557, 882, 5918, 2664, 2948, 576, 3720, 5760, 3285, 5905, 3094, 5541, 4065, 3308, 1822]","[0.44, 0.58, 0.74, 0.42, 0.56, 0.48, 0.22, 0.35, 0.42, 0.45, 0.43, 0.75, 0.75, 0.75, 0.26, 0.64, 0.47, 0.0, 0.67, 0.6, 0.28, 0.76, 0.75, 0.73, 0.43, 0.75, 1.0, 0.72, 0.6, 0.67, 0.54, 0.63, 0.37, 0.65, 1.0, 0.51, 0.77, 0.42, 0.41, 1.0, 0.63, 0.57, 0.58, 0.74, 0.76, 0.61, 0.64, 1.0, 0.26, 0.59, 0.0, 0.44, 0.46, 0.74, 0.23, 0.49, 1.0, 0.68, 0.23, 0.41, 0.47, 0.83, 0.17, 0.34, 0.67, 0.4, 0.6, 0.49, 0.72, 0.45, 0.6, 0.41, 0.55, 0.75, 0.75]"
650,785428,0.287,0.306,650,2025-02-23 07:23:16.821931,"['32217', '32222', '32225', '32244', '32247', '32248', '32249', '32253', '32264', '32265', '32269', '32273', '32281', '32283', '32287']","[3052, 5195, 637, 4226, 4003, 1359, 506, 3720, 4033, 2378, 4846, 3326, 2840, 4455, 2505, 1331, 4600, 3703, 712, 1553, 4062, 449, 2943, 2948, 576, 3285, 1176, 539, 5758, 2847, 2664, 4622, 5098, 814, 4954, 5760]","[0.56, 0.54, 0.73, 0.75, 0.57, 0.46, 0.21, 0.34, 0.25, 0.39, 0.47, 0.0, 0.52, 0.75, 0.31, 0.68, 0.41, 0.42, 0.7, 0.68, 0.32, 0.82, 0.51, 0.74, 0.41, 0.47, 0.38, 0.71, 0.66, 0.72, 0.75, 0.61, 0.39, 1.0, 0.0, 1.0, 0.75, 0.43, 0.4, 1.0, 0.61, 0.62, 0.59, 0.74, 0.82, 0.68, 0.66, 0.55, 0.31, 0.56, 0.75, 0.75, 0.59, 0.71, 0.13, 0.75, 0.66, 0.67, 0.17, 0.0, 0.46, 0.69, 0.47, 0.28, 0.71, 0.42, 0.58, 0.75, 0.71, 0.5, 0.63, 0.38, 0.57, 0.25, 0.44]"
651,932293,0.345,0.333,650,2025-02-23 07:23:16.937966,"['32224', '32228', '32234', '32238', '32243', '32248', '32251', '32261', '32263', '32266', '32275', '32281', '32283', '32286', '32287']","[835, 506, 216, 3052, 3951, 2840, 539, 117, 5195, 5541, 2050, 2664, 2620, 712, 4000, 1098, 391, 2761, 3255, 2943, 2753, 4033, 576, 889, 3263, 4723, 990, 786, 5614, 2612, 4322, 5692, 5460, 4520, 2640, 3285]","[0.35, 0.7, 0.76, 0.31, 0.68, 0.69, 0.26, 0.42, 0.31, 0.37, 0.75, 0.58, 0.45, 0.82, 0.25, 0.66, 0.33, 0.52, 0.69, 0.64, 0.0, 0.8, 0.39, 0.74, 1.0, 0.63, 0.64, 0.84, 0.48, 0.75, 0.69, 0.47, 0.51, 0.49, 1.0, 0.37, 0.82, 1.0, 0.34, 0.63, 0.72, 0.74, 0.71, 0.83, 0.72, 0.67, 0.77, 0.25, 0.39, 0.75, 0.43, 0.37, 0.0, 0.77, 0.15, 0.57, 0.46, 0.81, 0.19, 0.38, 0.39, 0.33, 0.61, 0.29, 0.63, 0.35, 0.72, 0.75, 0.75, 0.25, 0.72, 0.33, 0.25, 0.25, 0.53]"
652,627411,0.379,0.056,650,2025-02-23 07:23:17.056207,"['32221', '32234', '32243', '32246', '32248', '32251', '32262', '32263', '32264', '32265', '32266', '32270', '32281', '32283', '32286']","[216, 835, 3255, 5535, 3063, 5541, 391, 2943, 3474, 3951, 2753, 5692, 2270, 4000, 3263, 117, 734, 1164, 5195, 2840, 5402, 756, 4725, 4161, 2668, 539, 2620, 2664, 2072, 4322, 4396, 2050, 1268, 4184, 3406, 3593]","[0.3, 0.77, 0.77, 0.25, 0.76, 0.77, 0.29, 0.0, 0.26, 0.31, 0.55, 0.64, 0.41, 0.86, 0.49, 0.69, 0.26, 0.62, 0.71, 0.65, 0.0, 0.82, 0.31, 0.75, 0.71, 0.71, 0.73, 0.88, 0.41, 0.75, 0.76, 0.38, 1.0, 0.4, 0.75, 0.27, 0.85, 1.0, 0.3, 0.7, 0.78, 0.8, 0.77, 0.87, 0.72, 0.72, 0.82, 0.4, 1.0, 0.25, 0.0, 0.0, 0.25, 0.8, 0.12, 0.63, 0.25, 0.86, 0.14, 0.32, 0.38, 0.41, 0.69, 0.26, 0.62, 0.31, 0.78, 1.0, 0.78, 0.0, 0.76, 0.29, 0.0, 0.39, 0.6]"
653,421630,0.315,0.167,650,2025-02-23 07:23:17.177467,"['32214', '32215', '32219', '32226', '32228', '32238', '32245', '32247', '32251', '32262', '32263', '32265', '32269', '32281', '32288']","[4322, 5541, 2664, 2761, 2943, 506, 3052, 5614, 3406, 5195, 4033, 5264, 2236, 2050, 4987, 1273, 2498, 712, 5692, 391, 5700, 576, 1098, 2620, 5460, 4600, 3500, 1268, 4000, 4455, 2838, 3720, 5110, 5045, 1531, 4003]","[0.75, 1.0, 0.75, 0.41, 0.71, 1.0, 0.26, 0.42, 0.36, 0.31, 0.54, 0.58, 0.75, 0.83, 0.0, 0.71, 0.29, 0.57, 0.73, 0.68, 0.46, 0.85, 0.38, 0.76, 1.0, 0.62, 0.58, 0.83, 0.53, 0.6, 0.69, 0.25, 0.56, 0.0, 0.57, 0.34, 0.81, 0.25, 0.33, 0.66, 0.73, 0.75, 0.72, 0.84, 0.79, 0.74, 0.77, 0.42, 0.0, 0.75, 0.41, 1.0, 0.58, 0.76, 0.1, 1.0, 0.53, 0.81, 0.13, 0.27, 0.42, 0.54, 0.61, 0.24, 0.68, 0.34, 0.71, 0.25, 0.75, 0.45, 0.71, 0.32, 0.53, 0.44, 0.75]"
654,230700,0.373,0.25,650,2025-02-23 07:23:17.293931,"['32214', '32223', '32229', '32241', '32248', '32252', '32257', '32259', '32260', '32272', '32274', '32280', '32281', '32284', '32285']","[2338, 5385, 5915, 2879, 905, 1569, 2586, 5562, 1204, 2273, 308, 4554, 1585, 1596, 4804, 5884, 4319, 2547, 882, 5326, 2744, 2707, 2839, 1788, 3484, 3128, 5114, 3115, 1020, 4927, 3885, 3383, 277, 2334, 3349, 2011]","[0.75, 0.27, 0.71, 0.54, 0.21, 0.24, 0.13, 0.2, 0.59, 1.0, 0.27, 0.31, 0.68, 0.54, 0.07, 0.0, 0.75, 0.12, 0.52, 0.57, 0.08, 0.6, 0.79, 0.67, 0.15, 0.24, 0.2, 0.75, 0.77, 0.79, 0.25, 0.86, 0.1, 0.86, 1.0, 0.85, 0.63, 0.26, 1.0, 0.25, 0.34, 0.29, 0.32, 0.75, 0.72, 0.0, 0.0, 0.88, 0.06, 0.68, 0.79, 0.29, 0.29, 0.65, 0.49, 0.24, 0.73, 0.34, 0.75, 0.75, 0.0, 0.83, 0.23, 0.5, 0.65, 0.63, 0.33, 0.0, 0.6, 0.45, 0.25, 0.75, 0.63, 0.69, 0.24]"
655,1074341,0.377,0.222,655,2025-02-23 07:23:17.541468,"['32219', '32225', '32226', '32236', '32238', '32239', '32240', '32245', '32253', '32264', '32270', '32275', '32276', '32287', '32288']","[3052, 4033, 506, 4003, 3703, 539, 5195, 2840, 3720, 3326, 4226, 4846, 637, 117, 1553, 5658, 990, 5760, 3285, 4723, 2050, 2664, 238, 4322, 2612, 2761, 5758, 835, 4600, 4622, 712, 2505, 2378, 4953, 1359, 449]","[0.45, 0.58, 0.74, 0.44, 0.57, 0.75, 0.21, 0.35, 0.4, 0.42, 0.45, 0.25, 1.0, 0.78, 0.29, 0.63, 0.45, 0.4, 0.67, 0.61, 0.32, 0.77, 0.25, 0.73, 0.0, 0.25, 1.0, 0.75, 0.61, 0.63, 0.56, 1.0, 0.36, 0.65, 0.55, 0.46, 0.78, 0.41, 0.43, 0.75, 0.64, 0.6, 0.61, 0.75, 0.75, 0.6, 0.69, 0.59, 0.29, 0.58, 0.0, 0.44, 0.47, 0.75, 0.22, 0.54, 0.75, 0.72, 0.23, 0.39, 0.48, 1.0, 0.67, 0.34, 0.68, 0.44, 0.62, 0.51, 0.72, 0.44, 0.67, 0.4, 0.54, 0.5, 0.5]"
656,591781,0.329,0.472,655,2025-02-23 07:23:17.654751,"['32219', '32226', '32236', '32244', '32253', '32261', '32264', '32266', '32269', '32273', '32274', '32276', '32281', '32287', '32288']","[3052, 4003, 3720, 4455, 4033, 3285, 1176, 5675, 3500, 4557, 5195, 2948, 2664, 1359, 5614, 4539, 2943, 449, 4127, 4954, 2761, 4226, 3961, 4322, 4325, 2776, 4412, 814, 4611, 4299, 576, 3266, 5647, 506, 3532, 712]","[0.56, 0.58, 0.73, 0.55, 0.64, 0.75, 0.23, 0.37, 0.45, 0.31, 0.49, 0.5, 0.75, 0.79, 0.38, 0.7, 0.36, 0.49, 0.74, 0.68, 0.41, 0.85, 0.25, 0.76, 0.46, 0.47, 0.42, 0.75, 0.65, 0.7, 0.75, 0.53, 0.46, 0.63, 0.66, 0.39, 0.77, 0.45, 0.4, 0.75, 0.66, 0.66, 0.63, 0.77, 0.83, 0.71, 0.72, 0.0, 0.4, 0.56, 1.0, 0.62, 1.0, 0.73, 0.12, 0.25, 0.67, 0.76, 0.12, 0.0, 0.67, 0.65, 0.17, 0.26, 0.74, 0.4, 0.65, 0.5, 0.74, 0.39, 0.68, 0.38, 0.53, 0.75, 0.5]"
657,805358,0.347,0.028,655,2025-02-23 07:23:17.776484,"['32215', '32218', '32219', '32222', '32223', '32225', '32226', '32230', '32236', '32256', '32264', '32274', '32276', '32279', '32288']","[3052, 3720, 5195, 4003, 1359, 4033, 2664, 4600, 4062, 5098, 506, 2943, 2378, 712, 1176, 576, 5541, 4226, 2948, 2058, 4954, 786, 2050, 4622, 4322, 5899, 1331, 1822, 3266, 1786, 4846, 5675, 4120, 3285, 4953, 4557]","[0.54, 0.0, 0.73, 0.53, 1.0, 0.0, 0.22, 0.36, 0.25, 0.25, 0.48, 0.25, 0.75, 0.79, 0.35, 0.68, 0.25, 0.46, 0.72, 0.66, 0.38, 0.83, 0.25, 0.76, 0.45, 0.46, 0.42, 0.74, 0.65, 0.69, 0.57, 0.55, 0.43, 0.64, 0.63, 0.41, 0.77, 0.44, 0.41, 0.59, 0.65, 0.64, 0.75, 0.76, 0.81, 0.68, 0.71, 0.49, 0.37, 0.57, 0.75, 0.57, 0.61, 0.73, 0.15, 0.65, 0.65, 0.74, 0.15, 0.27, 1.0, 0.66, 1.0, 0.28, 0.72, 0.33, 0.64, 0.51, 0.73, 0.4, 0.67, 0.39, 0.54, 0.53, 0.75]"
658,255283,0.317,0.361,655,2025-02-23 07:23:17.896503,"['32214', '32218', '32219', '32223', '32225', '32226', '32244', '32248', '32253', '32255', '32259', '32273', '32276', '32279', '32281']","[3703, 3052, 882, 2378, 5195, 4226, 4723, 539, 506, 557, 5760, 823, 637, 4003, 3326, 1331, 3266, 4701, 2744, 2740, 3720, 4600, 4846, 4033, 4732, 4663, 5614, 2586, 5385, 2050, 2840, 3383, 825, 253, 838, 1553]","[0.0, 0.5, 0.74, 0.43, 1.0, 0.25, 0.19, 0.31, 0.43, 0.0, 0.4, 0.25, 0.75, 0.73, 0.2, 0.58, 0.56, 0.3, 0.62, 0.58, 0.23, 0.72, 0.6, 0.71, 0.39, 0.39, 0.42, 0.69, 0.63, 0.64, 0.25, 0.68, 0.25, 0.71, 0.25, 0.57, 0.75, 0.36, 0.48, 0.25, 0.57, 0.75, 0.54, 0.68, 0.72, 0.75, 0.61, 0.71, 0.18, 0.62, 0.63, 0.35, 0.38, 0.73, 0.3, 0.42, 0.61, 0.62, 0.31, 0.75, 0.49, 0.67, 0.0, 0.39, 0.67, 0.5, 0.55, 0.25, 0.69, 0.45, 0.63, 0.44, 0.57, 0.56, 0.43]"
659,1308188,0.281,0.25,655,2025-02-23 07:23:18.016278,"['32214', '32219', '32224', '32226', '32231', '32234', '32238', '32244', '32247', '32251', '32261', '32270', '32275', '32286', '32287']","[4322, 2761, 2664, 3052, 5541, 2840, 3285, 2640, 5256, 3706, 4455, 5460, 3406, 2943, 4520, 712, 506, 1316, 2112, 990, 3263, 3474, 576, 2050, 4547, 5264, 4757, 835, 2060, 2058, 2756, 2620, 3951, 216, 1786, 1098]","[0.25, 0.73, 0.75, 0.39, 0.75, 0.25, 0.27, 0.45, 0.32, 0.28, 1.0, 0.59, 0.25, 0.85, 0.5, 0.72, 0.27, 0.75, 0.75, 0.66, 0.0, 0.85, 0.34, 0.76, 1.0, 0.61, 0.63, 0.84, 0.51, 0.56, 1.0, 0.39, 0.59, 0.0, 0.6, 0.26, 0.83, 0.75, 0.34, 0.69, 0.75, 0.76, 0.74, 0.85, 0.78, 0.73, 0.81, 0.0, 0.51, 0.51, 0.38, 0.53, 0.58, 0.78, 0.11, 0.7, 0.75, 0.86, 0.11, 0.23, 0.45, 0.67, 0.66, 0.25, 0.69, 0.33, 0.75, 0.62, 0.77, 0.43, 0.75, 0.32, 0.75, 0.75, 0.61]"
660,609531,0.3,0.194,660,2025-02-23 07:23:18.260071,"['32223', '32229', '32241', '32244', '32248', '32257', '32259', '32260', '32266', '32269', '32271', '32274', '32279', '32283', '32284']","[4319, 2586, 2609, 5385, 3998, 2547, 5326, 4988, 525, 1868, 2910, 930, 4780, 1770, 4226, 4119, 5918, 5760, 2338, 2879, 1769, 1533, 5655, 3052, 2106, 4338, 715, 374, 3244, 5771, 277, 3089, 3885, 1012, 3383, 4641]","[0.68, 0.3, 0.68, 0.7, 0.31, 0.19, 0.14, 0.22, 0.66, 0.75, 0.37, 0.33, 0.65, 0.6, 0.15, 1.0, 0.66, 0.21, 0.63, 0.63, 0.13, 0.76, 0.74, 0.71, 0.16, 0.25, 0.15, 0.25, 0.8, 0.85, 0.0, 0.82, 0.15, 0.86, 0.75, 0.78, 0.63, 0.3, 0.58, 0.34, 0.38, 0.36, 0.39, 0.75, 0.83, 0.75, 0.25, 0.75, 0.13, 0.67, 0.77, 0.55, 1.0, 0.62, 0.28, 0.0, 0.79, 0.0, 0.31, 0.48, 0.83, 0.86, 0.24, 0.38, 0.74, 0.67, 0.36, 0.31, 0.63, 0.5, 0.75, 0.57, 0.63, 0.67, 0.33]"
661,1477037,0.258,0.444,660,2025-02-23 07:23:18.374523,"['32217', '32224', '32228', '32234', '32240', '32242', '32247', '32251', '32262', '32263', '32266', '32269', '32270', '32274', '32275']","[4322, 2664, 3052, 3406, 712, 3500, 5647, 4412, 3285, 5541, 3706, 3367, 990, 1098, 4539, 3749, 1176, 2112, 2498, 2761, 5844, 795, 4757, 4455, 1666, 4033, 3293, 2756, 5654, 5692, 2189, 5238, 5003, 1316, 2050, 2943]","[0.52, 0.67, 0.72, 1.0, 0.75, 0.57, 0.26, 0.43, 0.44, 0.26, 0.75, 0.55, 0.44, 0.84, 1.0, 0.74, 0.29, 0.61, 0.76, 0.7, 0.0, 0.88, 0.39, 0.78, 0.53, 0.56, 1.0, 0.79, 0.75, 0.7, 0.66, 0.45, 0.57, 0.25, 0.68, 0.33, 0.79, 0.75, 0.35, 0.69, 0.73, 0.75, 0.73, 0.82, 0.85, 0.77, 0.77, 0.35, 0.25, 0.25, 0.41, 0.67, 1.0, 0.73, 0.07, 1.0, 0.75, 0.8, 0.09, 0.17, 0.17, 0.67, 0.58, 0.21, 0.71, 0.33, 0.67, 0.55, 0.76, 0.42, 0.69, 0.37, 0.54, 0.45, 0.58]"
662,1555671,0.315,0.028,660,2025-02-23 07:23:18.491745,"['32221', '32224', '32240', '32242', '32243', '32248', '32262', '32263', '32265', '32269', '32270', '32274', '32275', '32283', '32286']","[5692, 5065, 1942, 1196, 342, 5256, 5460, 4184, 1316, 2761, 3084, 4547, 3255, 1611, 3310, 668, 3474, 1164, 4396, 214, 3406, 5402, 3593, 1268, 598, 3029, 1098, 1117, 4702, 2498, 4757, 3675, 1932, 3273, 4814, 3709]","[0.35, 0.83, 0.75, 0.33, 0.88, 0.8, 0.33, 1.0, 0.28, 0.21, 0.75, 0.67, 0.34, 0.9, 0.67, 0.78, 0.18, 0.76, 0.78, 0.69, 0.65, 0.89, 0.24, 0.79, 0.75, 0.73, 1.0, 0.9, 1.0, 0.25, 0.83, 0.28, 0.75, 0.33, 1.0, 0.17, 0.86, 0.6, 0.26, 0.8, 0.85, 0.86, 0.85, 0.91, 0.81, 0.82, 0.86, 0.23, 1.0, 1.0, 0.25, 1.0, 0.69, 0.79, 0.06, 1.0, 0.0, 0.91, 0.07, 0.14, 0.67, 0.0, 0.75, 0.19, 0.66, 0.24, 0.8, 0.69, 0.81, 0.75, 0.78, 0.28, 0.5, 0.33, 0.7]"
663,806946,0.366,0.5,660,2025-02-23 07:23:18.609468,"['32229', '32241', '32244', '32248', '32257', '32259', '32260', '32269', '32271', '32274', '32277', '32279', '32283', '32284', '32285']","[5385, 2586, 2879, 4226, 4319, 930, 525, 2910, 5326, 3885, 3383, 2338, 557, 5562, 2839, 2547, 5760, 4012, 1020, 2744, 4554, 4119, 5072, 1788, 2609, 3052, 1596, 3703, 3998, 1769, 1204, 4099, 5237, 1761, 277, 5817]","[0.58, 0.34, 0.69, 0.58, 0.32, 0.24, 0.14, 0.23, 0.59, 0.58, 0.36, 0.35, 0.64, 0.61, 0.14, 0.0, 0.66, 0.2, 0.59, 0.59, 0.12, 0.71, 0.73, 0.69, 0.19, 0.29, 0.21, 0.75, 0.75, 0.8, 0.0, 0.81, 0.15, 0.83, 0.75, 0.77, 0.67, 0.3, 0.57, 0.33, 0.41, 0.37, 0.41, 0.25, 0.78, 0.75, 0.75, 0.78, 0.12, 0.66, 0.75, 0.42, 0.44, 0.65, 0.36, 0.0, 0.73, 0.0, 0.38, 0.58, 0.83, 0.81, 0.27, 0.17, 0.71, 0.33, 0.39, 0.34, 0.65, 0.5, 0.5, 1.0, 0.62, 0.65, 0.34]"
664,1426094,0.27,0.389,660,2025-02-23 07:23:18.734658,"['32221', '32224', '32240', '32242', '32243', '32248', '32251', '32263', '32265', '32266', '32269', '32270', '32274', '32283', '32286']","[1164, 1117, 5256, 3255, 3406, 2072, 5402, 3063, 2980, 3310, 3029, 5290, 5027, 1316, 214, 3273, 1183, 4396, 756, 1942, 2298, 3330, 5742, 4500, 2640, 668, 806, 391, 5747, 3786, 4257, 2177, 4459, 4547, 4725, 5692]","[0.29, 0.84, 0.76, 0.26, 0.87, 0.83, 0.33, 0.75, 0.24, 0.23, 0.75, 0.68, 0.34, 0.91, 0.66, 0.76, 0.18, 0.76, 0.76, 0.67, 0.64, 0.88, 0.24, 0.78, 0.77, 0.75, 0.75, 0.91, 0.0, 0.25, 0.84, 0.28, 0.75, 0.31, 0.25, 0.17, 0.87, 1.0, 0.26, 0.79, 0.85, 0.86, 0.85, 0.91, 0.77, 0.79, 0.87, 0.25, 0.68, 0.25, 0.24, 0.75, 0.75, 0.8, 0.07, 1.0, 0.25, 0.91, 0.08, 0.18, 0.17, 0.35, 0.76, 0.21, 0.63, 0.24, 0.81, 0.71, 0.82, 0.0, 0.79, 0.27, 0.25, 0.32, 0.71]"
665,377778,0.273,0.139,665,2025-02-23 07:23:18.983426,"['32219', '32224', '32226', '32231', '32236', '32243', '32248', '32263', '32264', '32266', '32275', '32283', '32286', '32287', '32288']","[2420, 3951, 216, 835, 2640, 1164, 5541, 539, 2840, 734, 712, 391, 4322, 5256, 5692, 3406, 5614, 1942, 3593, 2943, 1268, 5402, 1316, 3063, 2050, 3255, 4520, 1787, 3285, 4459, 3124, 5535, 2620, 4396, 3574, 2060]","[0.26, 0.79, 0.77, 0.23, 0.8, 1.0, 0.3, 0.47, 0.24, 0.31, 1.0, 0.64, 0.25, 0.87, 0.49, 0.68, 0.27, 1.0, 0.7, 0.61, 0.5, 0.8, 0.25, 0.73, 0.72, 0.71, 0.77, 0.88, 0.38, 0.0, 0.8, 0.35, 0.59, 0.4, 0.75, 0.29, 0.85, 0.56, 0.3, 0.68, 0.77, 0.79, 0.77, 0.88, 0.67, 0.68, 0.82, 0.43, 0.49, 0.25, 1.0, 0.32, 0.25, 0.79, 0.17, 0.59, 0.36, 0.89, 0.14, 0.35, 0.39, 0.33, 0.69, 0.33, 0.64, 0.32, 0.77, 0.69, 0.8, 0.75, 0.76, 0.32, 0.75, 0.75, 1.0]"
666,1332943,0.331,0.139,665,2025-02-23 07:23:19.102310,"['32218', '32219', '32226', '32231', '32236', '32240', '32242', '32245', '32248', '32249', '32264', '32276', '32281', '32287', '32288']","[3052, 4322, 539, 5195, 990, 4033, 2761, 2840, 2943, 4003, 117, 4600, 2664, 506, 637, 3596, 5692, 216, 1553, 5460, 5535, 835, 2753, 5758, 1176, 2050, 3951, 1077, 1098, 2505, 3500, 712, 3285, 4455, 5216, 5541]","[0.42, 0.67, 0.75, 0.42, 0.75, 0.75, 0.26, 0.39, 0.36, 0.33, 0.49, 0.56, 0.25, 0.82, 0.4, 0.68, 0.34, 1.0, 0.7, 0.65, 0.41, 0.83, 1.0, 0.74, 0.56, 0.58, 1.0, 0.8, 1.0, 0.63, 0.68, 1.0, 0.48, 0.55, 0.75, 0.0, 0.8, 0.49, 0.37, 0.62, 0.68, 0.71, 0.68, 0.82, 0.76, 0.68, 0.74, 0.47, 0.4, 0.54, 0.0, 0.47, 0.56, 0.75, 0.15, 0.61, 0.53, 0.8, 0.14, 0.31, 0.44, 0.59, 0.33, 0.31, 0.69, 0.38, 0.68, 0.5, 0.76, 0.47, 0.7, 0.38, 0.51, 0.5, 0.5]"
667,219582,0.3,0.194,665,2025-02-23 07:23:19.220068,"['32217', '32218', '32224', '32226', '32230', '32238', '32242', '32245', '32247', '32249', '32252', '32259', '32269', '32283', '32286']","[2761, 2943, 2840, 5541, 5692, 3406, 3052, 835, 712, 216, 1098, 3263, 117, 5195, 506, 4000, 3285, 3951, 1268, 4003, 786, 539, 5045, 2050, 5256, 3255, 391, 2640, 5744, 4322, 4161, 734, 4520, 2620, 1786, 3574]","[0.3, 0.75, 0.76, 0.0, 1.0, 0.75, 0.28, 0.44, 0.27, 0.33, 0.75, 0.61, 0.75, 0.85, 0.44, 0.67, 0.75, 0.59, 0.69, 0.61, 0.45, 0.8, 0.35, 0.73, 0.75, 0.66, 0.7, 0.85, 0.0, 0.5, 0.76, 0.75, 0.54, 0.25, 0.5, 0.0, 0.83, 0.53, 0.75, 0.65, 0.73, 0.75, 0.74, 0.86, 0.69, 0.75, 0.79, 0.46, 0.44, 0.52, 0.38, 0.35, 0.46, 0.78, 0.17, 0.75, 0.41, 0.85, 0.15, 0.36, 0.41, 0.47, 0.64, 0.34, 0.65, 0.35, 0.73, 0.65, 0.78, 0.25, 0.74, 0.35, 0.75, 0.45, 0.59]"
668,1642742,0.308,0.333,665,2025-02-23 07:23:19.342605,"['32214', '32226', '32229', '32230', '32241', '32248', '32257', '32259', '32266', '32268', '32274', '32277', '32283', '32284', '32285']","[2586, 4319, 5385, 3885, 2910, 2879, 2547, 2338, 1769, 3998, 525, 4119, 4804, 5326, 5760, 2609, 1204, 5771, 3484, 1596, 4226, 2744, 5562, 277, 3052, 2839, 4988, 4927, 2011, 930, 5114, 4861, 2693, 1868, 3383, 4554]","[1.0, 0.3, 0.7, 0.66, 0.31, 0.22, 0.15, 0.22, 0.61, 0.58, 0.31, 0.34, 0.75, 0.59, 0.12, 0.0, 1.0, 0.19, 0.6, 0.62, 0.13, 0.75, 0.76, 0.69, 0.2, 0.26, 0.17, 0.0, 0.78, 0.83, 0.29, 0.82, 0.14, 0.85, 0.25, 0.79, 0.63, 0.31, 0.59, 0.31, 0.38, 0.37, 0.37, 0.75, 0.8, 0.0, 0.43, 0.79, 0.11, 0.66, 0.76, 0.48, 0.75, 0.63, 0.0, 0.38, 0.75, 0.39, 0.34, 0.54, 0.83, 0.85, 0.24, 0.33, 0.73, 0.59, 0.37, 0.33, 0.62, 0.5, 0.5, 0.75, 0.6, 0.68, 0.29]"
669,1108587,0.29,0.306,665,2025-02-23 07:23:19.460136,"['32219', '32224', '32226', '32234', '32236', '32240', '32245', '32246', '32247', '32248', '32251', '32269', '32275', '32283', '32286']","[3052, 506, 539, 835, 2612, 2840, 3951, 117, 5195, 990, 2664, 5541, 4723, 5692, 4322, 3406, 2050, 712, 3285, 2753, 5614, 637, 2505, 823, 216, 2379, 2943, 1268, 4033, 5264, 2761, 4003, 5483, 2620, 3263, 1273]","[0.35, 0.69, 0.76, 0.33, 0.71, 0.75, 0.26, 0.41, 0.32, 0.36, 1.0, 0.57, 0.25, 0.83, 0.39, 0.66, 0.35, 0.53, 0.68, 0.62, 0.0, 0.8, 0.75, 0.73, 0.6, 0.61, 1.0, 0.81, 0.49, 0.57, 0.7, 0.25, 0.75, 1.0, 0.25, 0.41, 0.81, 0.75, 0.36, 0.6, 0.69, 0.71, 0.69, 0.83, 0.71, 0.64, 0.75, 0.51, 0.38, 0.54, 0.43, 0.38, 0.47, 0.76, 0.19, 0.75, 0.47, 0.81, 0.17, 0.38, 0.43, 0.67, 0.58, 0.35, 0.67, 0.38, 0.69, 0.6, 0.76, 0.5, 0.71, 0.37, 0.75, 0.48, 0.55]"
670,1400228,0.301,0.611,670,2025-02-23 07:23:19.708255,"['32219', '32223', '32229', '32254', '32257', '32259', '32260', '32266', '32269', '32273', '32279', '32280', '32284', '32285', '32286']","[4319, 4780, 2547, 4988, 2910, 5753, 2609, 3998, 5326, 930, 1770, 5521, 525, 3089, 5771, 715, 5915, 1868, 2586, 2338, 1012, 1533, 5385, 4119, 1297, 2561, 4312, 2482, 3244, 2879, 1204, 4641, 5267, 914, 4861, 4554]","[0.79, 0.22, 0.65, 0.8, 0.23, 0.0, 0.13, 0.2, 0.73, 1.0, 0.33, 0.29, 0.71, 0.57, 0.11, 1.0, 0.71, 0.16, 0.62, 0.65, 0.1, 0.77, 0.78, 0.72, 0.11, 0.2, 0.09, 0.4, 0.86, 0.89, 0.2, 0.88, 0.13, 0.9, 0.7, 0.85, 0.58, 0.26, 0.62, 0.28, 0.25, 0.3, 0.32, 0.0, 0.86, 0.75, 0.0, 0.8, 0.09, 0.69, 0.81, 0.64, 1.0, 0.62, 0.28, 0.25, 0.86, 0.28, 0.3, 0.0, 0.59, 0.91, 0.19, 0.38, 0.76, 0.83, 0.0, 0.23, 0.61, 0.37, 0.5, 0.75, 0.75, 0.7, 0.3]"
671,459561,0.34,0.194,670,2025-02-23 07:23:19.822799,"['32219', '32221', '32224', '32225', '32228', '32238', '32246', '32247', '32248', '32251', '32261', '32263', '32283', '32286', '32287']","[835, 5541, 216, 391, 3951, 3052, 2840, 117, 506, 734, 539, 4322, 5614, 2943, 2761, 1268, 5700, 3561, 3703, 2612, 4723, 3263, 4442, 1942, 5045, 2072, 4033, 5692, 5195, 2050, 889, 637, 2620, 4796, 5535, 2847]","[0.27, 0.76, 0.77, 0.23, 0.69, 0.75, 0.27, 0.25, 0.25, 0.38, 0.75, 0.75, 0.43, 0.85, 0.0, 0.61, 0.36, 0.51, 0.65, 0.58, 0.38, 0.74, 0.38, 0.74, 1.0, 0.65, 0.71, 0.86, 0.41, 0.45, 0.75, 0.46, 0.75, 0.0, 0.0, 0.37, 0.84, 0.0, 0.34, 0.65, 0.73, 0.74, 0.72, 0.85, 0.65, 0.59, 0.78, 0.25, 0.37, 0.75, 0.41, 0.28, 0.36, 0.8, 0.22, 0.51, 0.36, 0.84, 0.25, 0.43, 0.4, 0.42, 0.64, 0.35, 0.58, 0.35, 0.73, 0.64, 0.79, 0.5, 0.69, 0.33, 0.75, 0.75, 0.57]"
672,860555,0.308,0.333,670,2025-02-23 07:23:19.937964,"['32214', '32219', '32229', '32241', '32257', '32259', '32260', '32265', '32266', '32269', '32273', '32274', '32279', '32284', '32285']","[2586, 2609, 4319, 5385, 2910, 5326, 2338, 4119, 525, 715, 4226, 2547, 4780, 4554, 4641, 930, 5915, 4988, 5760, 3885, 3998, 292, 2693, 4927, 2879, 4861, 1012, 1569, 5771, 4338, 1868, 1007, 5114, 1770, 5521, 1769]","[1.0, 0.25, 0.67, 0.76, 0.24, 0.25, 0.13, 0.21, 0.69, 0.6, 0.32, 0.31, 0.7, 0.59, 0.11, 0.75, 0.71, 0.17, 0.6, 0.63, 0.1, 0.75, 0.77, 0.71, 0.13, 0.22, 0.11, 0.0, 0.84, 0.87, 0.22, 0.87, 0.13, 0.89, 0.66, 0.84, 0.6, 0.27, 0.61, 0.28, 0.37, 0.31, 0.33, 0.0, 0.83, 0.0, 0.75, 0.81, 0.09, 0.69, 0.8, 0.75, 0.75, 0.64, 0.32, 0.0, 0.83, 0.31, 0.33, 0.25, 1.0, 0.89, 0.21, 0.4, 0.73, 1.0, 0.33, 0.25, 0.62, 0.4, 0.5, 0.75, 0.58, 0.69, 0.31]"
673,610075,0.341,0.139,670,2025-02-23 07:23:20.061984,"['32219', '32223', '32224', '32225', '32238', '32239', '32242', '32243', '32249', '32261', '32264', '32266', '32273', '32275', '32287']","[539, 117, 2840, 4723, 835, 506, 2612, 3703, 882, 823, 5195, 3052, 3326, 637, 216, 2379, 4033, 5658, 557, 4065, 4003, 2753, 3951, 4322, 5782, 4846, 4600, 3263, 4701, 5541, 5465, 1553, 391, 4732, 2664, 4226]","[0.32, 0.66, 0.76, 0.29, 0.58, 0.75, 0.23, 0.39, 0.32, 0.25, 0.75, 0.75, 0.5, 0.81, 0.28, 0.57, 0.46, 0.4, 0.62, 0.57, 0.28, 0.72, 0.48, 0.72, 1.0, 0.75, 0.6, 0.8, 1.0, 0.75, 0.64, 0.59, 0.37, 0.57, 0.44, 0.75, 0.8, 0.4, 0.41, 0.55, 0.65, 0.64, 0.63, 0.79, 0.67, 0.53, 0.71, 1.0, 0.25, 0.58, 0.0, 0.28, 0.0, 0.78, 0.28, 0.43, 0.44, 0.76, 0.31, 0.75, 0.43, 0.83, 0.54, 0.38, 0.6, 0.41, 0.65, 0.56, 0.75, 0.51, 0.64, 0.37, 0.54, 0.25, 0.5]"
674,1589102,0.324,0.083,670,2025-02-23 07:23:20.178797,"['32219', '32221', '32234', '32242', '32243', '32246', '32248', '32251', '32263', '32265', '32270', '32274', '32275', '32283', '32286']","[4000, 5541, 3406, 2498, 5402, 2943, 1164, 3063, 5692, 4547, 5614, 3255, 2664, 3474, 2640, 216, 712, 5256, 4322, 214, 2050, 4396, 5065, 3330, 5460, 2048, 3273, 756, 1316, 4184, 3029, 3263, 576, 2761, 1117, 668]","[0.41, 0.79, 0.74, 0.38, 0.8, 1.0, 0.33, 0.25, 0.3, 0.23, 0.6, 0.63, 0.36, 0.88, 0.61, 0.74, 0.22, 0.68, 0.75, 0.68, 0.25, 0.87, 0.27, 0.78, 0.69, 0.67, 0.68, 0.87, 0.25, 0.75, 0.8, 0.34, 1.0, 0.41, 1.0, 0.23, 0.83, 1.0, 0.29, 0.75, 0.79, 0.82, 0.78, 0.9, 0.79, 0.78, 0.84, 0.28, 0.6, 0.0, 0.32, 1.0, 0.64, 0.79, 0.08, 0.76, 0.0, 0.88, 0.09, 0.16, 0.0, 0.33, 0.7, 0.22, 0.67, 0.27, 0.8, 0.65, 0.8, 0.0, 0.72, 0.28, 0.75, 0.39, 0.66]"
675,54997,0.336,0.167,675,2025-02-23 07:23:20.425356,"['32223', '32226', '32240', '32249', '32252', '32253', '32254', '32255', '32256', '32260', '32266', '32269', '32279', '32284', '32285']","[2586, 4119, 4319, 3052, 5385, 4226, 2338, 5760, 930, 2547, 5918, 3158, 2609, 3998, 2910, 5323, 1868, 701, 1770, 2879, 4988, 374, 3703, 3720, 3885, 4338, 277, 1533, 4954, 5817, 525, 5195, 5771, 3383, 4663, 3089]","[0.66, 0.34, 0.68, 0.66, 0.32, 0.21, 0.16, 0.25, 0.62, 1.0, 0.37, 0.34, 0.75, 0.64, 0.18, 0.58, 0.63, 0.24, 0.64, 0.64, 0.18, 0.75, 0.71, 0.71, 0.21, 0.29, 0.25, 0.52, 0.79, 0.83, 0.33, 0.79, 0.19, 0.83, 0.64, 1.0, 0.67, 0.34, 0.75, 0.75, 0.25, 0.25, 0.25, 0.55, 0.82, 0.57, 0.75, 0.72, 0.14, 0.65, 0.71, 0.54, 1.0, 0.65, 0.24, 0.75, 0.76, 0.43, 0.26, 0.47, 0.54, 0.81, 0.29, 0.38, 0.73, 0.5, 0.36, 0.35, 0.65, 0.38, 0.5, 0.75, 0.6, 0.65, 0.32]"
676,991760,0.452,0.361,675,2025-02-23 07:23:20.548505,"['32222', '32231', '32236', '32238', '32244', '32248', '32249', '32252', '32253', '32256', '32265', '32269', '32279', '32281', '32288']","[3052, 4003, 449, 5899, 1331, 712, 480, 2378, 1176, 3720, 2058, 4975, 2943, 4322, 5597, 5675, 4033, 2664, 388, 1359, 4120, 2948, 628, 2761, 5195, 616, 4345, 4825, 3285, 506, 5760, 650, 5844, 576, 3500, 4299]","[0.56, 0.59, 0.7, 0.55, 0.62, 0.48, 0.24, 0.38, 0.0, 0.32, 0.51, 0.48, 0.47, 0.79, 0.42, 0.69, 0.37, 0.0, 0.72, 0.68, 0.41, 0.83, 0.0, 0.75, 0.0, 0.5, 0.41, 0.73, 0.66, 0.72, 1.0, 0.55, 0.45, 0.63, 1.0, 0.0, 0.79, 0.46, 1.0, 0.0, 0.65, 0.65, 1.0, 0.78, 0.83, 0.73, 0.7, 0.46, 0.38, 0.56, 0.49, 1.0, 0.66, 0.72, 0.1, 1.0, 0.63, 0.73, 0.12, 0.25, 0.48, 0.65, 0.51, 0.27, 0.72, 0.67, 0.58, 0.75, 0.74, 0.39, 0.65, 0.39, 0.54, 0.52, 0.25]"
677,731365,0.358,0.111,675,2025-02-23 07:23:20.663663,"['32214', '32228', '32240', '32242', '32245', '32247', '32251', '32253', '32262', '32263', '32266', '32270', '32275', '32286', '32287']","[2664, 4322, 4412, 2756, 5238, 3500, 2761, 1359, 4757, 981, 4184, 5195, 5692, 4033, 2843, 2943, 1612, 3706, 2112, 114, 3052, 4003, 1316, 5647, 3406, 4455, 2281, 1176, 4600, 2498, 5654, 1666, 3474, 4539, 5594, 3593]","[0.25, 0.72, 0.72, 0.47, 0.76, 0.64, 0.29, 0.46, 0.35, 0.23, 0.58, 0.56, 0.4, 0.85, 0.75, 0.73, 0.26, 0.64, 0.76, 0.69, 0.55, 0.86, 0.35, 0.77, 0.6, 0.62, 1.0, 0.82, 0.75, 0.64, 0.74, 0.0, 0.61, 1.0, 0.66, 0.26, 0.83, 0.0, 0.32, 1.0, 0.75, 0.77, 0.72, 0.86, 0.82, 0.79, 0.79, 0.32, 0.75, 0.0, 0.37, 0.63, 1.0, 0.76, 0.07, 0.74, 1.0, 0.85, 0.08, 0.18, 0.45, 0.83, 0.62, 0.22, 0.71, 0.33, 0.69, 0.61, 0.78, 0.4, 0.71, 0.33, 0.75, 0.0, 0.58]"
678,1289982,0.338,0.306,675,2025-02-23 07:23:20.782906,"['32225', '32240', '32242', '32243', '32245', '32247', '32253', '32259', '32261', '32264', '32273', '32283', '32286', '32287', '32288']","[2840, 539, 835, 117, 2753, 3703, 216, 5195, 3951, 2612, 506, 3052, 734, 238, 5541, 882, 889, 3574, 4033, 5045, 346, 4723, 264, 4600, 391, 637, 3561, 2943, 2420, 4322, 5614, 1268, 3263, 2050, 5658, 5535]","[0.25, 0.73, 0.76, 0.22, 0.65, 0.72, 0.25, 0.43, 0.23, 0.42, 0.44, 0.0, 0.43, 0.83, 0.34, 0.58, 0.42, 0.48, 0.64, 0.55, 0.34, 0.69, 0.43, 0.7, 0.63, 0.61, 1.0, 0.83, 0.25, 0.25, 0.69, 1.0, 0.41, 0.25, 0.42, 0.41, 0.85, 0.44, 0.37, 0.75, 0.7, 0.67, 0.68, 0.82, 0.61, 1.0, 0.73, 1.0, 0.29, 0.55, 0.0, 0.22, 0.31, 0.79, 0.26, 0.42, 0.35, 0.82, 0.28, 0.75, 0.4, 0.41, 0.61, 0.4, 0.57, 0.39, 0.67, 0.62, 0.74, 0.25, 0.7, 0.35, 0.25, 0.0, 0.25]"
679,206872,0.258,0.167,675,2025-02-23 07:23:20.902236,"['32221', '32224', '32225', '32234', '32242', '32243', '32247', '32248', '32253', '32263', '32265', '32266', '32270', '32275', '32286']","[2664, 5692, 1316, 5460, 1098, 5065, 4520, 981, 342, 3255, 2640, 712, 1666, 4322, 2943, 3500, 1359, 5256, 3029, 4184, 2112, 1538, 3084, 3593, 3706, 1176, 4757, 2498, 3406, 4396, 5654, 2465, 2843, 2620, 3474, 3151]","[0.47, 0.76, 0.72, 0.45, 0.79, 0.69, 0.31, 0.75, 0.33, 0.21, 1.0, 0.75, 0.37, 0.87, 0.62, 0.75, 0.22, 0.69, 0.77, 0.7, 1.0, 0.87, 0.32, 0.77, 0.65, 0.66, 0.62, 0.84, 0.75, 0.75, 0.78, 0.35, 0.66, 0.25, 1.0, 0.22, 0.85, 0.55, 0.3, 1.0, 0.77, 0.8, 0.75, 0.88, 0.82, 0.81, 0.82, 0.28, 0.61, 0.25, 0.34, 0.75, 0.25, 0.77, 0.06, 0.77, 1.0, 0.87, 0.07, 0.15, 0.44, 0.33, 0.66, 0.21, 0.71, 0.31, 0.73, 0.64, 0.8, 0.4, 0.73, 0.31, 0.25, 0.42, 0.61]"
680,749649,0.357,0.111,680,2025-02-23 07:23:21.149639,"['32223', '32230', '32236', '32238', '32239', '32240', '32244', '32245', '32248', '32253', '32256', '32259', '32266', '32269', '32281']","[3703, 882, 3052, 2744, 506, 5658, 4723, 637, 539, 557, 5782, 5760, 4701, 2586, 823, 2612, 5236, 117, 2378, 2740, 4226, 5195, 2840, 4033, 4003, 5888, 4796, 1553, 1396, 4732, 838, 5758, 3326, 1331, 825, 2499]","[0.36, 0.53, 0.74, 0.34, 0.44, 0.47, 0.2, 0.33, 0.38, 1.0, 0.37, 0.43, 0.56, 0.72, 0.17, 0.55, 0.25, 0.28, 0.58, 0.53, 0.17, 0.67, 0.75, 0.69, 0.25, 0.25, 0.75, 0.68, 0.57, 0.62, 0.25, 0.75, 0.24, 0.7, 0.25, 0.66, 0.77, 0.35, 0.48, 0.25, 0.54, 0.53, 1.0, 0.71, 0.64, 0.25, 0.6, 0.74, 0.15, 0.61, 0.66, 0.27, 0.25, 0.74, 0.35, 0.75, 0.52, 0.62, 0.37, 0.61, 0.46, 0.66, 0.44, 0.46, 0.63, 0.47, 0.54, 0.75, 0.67, 0.49, 0.59, 0.48, 0.56, 0.58, 0.43]"
681,809240,0.431,0.167,680,2025-02-23 07:23:21.275008,"['32218', '32223', '32226', '32230', '32233', '32236', '32238', '32239', '32248', '32253', '32277', '32280', '32281', '32283', '32288']","[2612, 3703, 539, 117, 4535, 2840, 5782, 3741, 4723, 835, 506, 4838, 238, 5855, 2740, 3951, 557, 5658, 882, 3682, 825, 216, 4732, 2499, 4701, 2744, 3561, 1396, 1249, 4065, 3118, 2289, 915, 5168, 823, 4814]","[0.16, 0.71, 0.78, 0.13, 1.0, 0.74, 0.24, 0.42, 0.21, 1.0, 0.39, 0.52, 0.0, 0.79, 0.21, 0.53, 1.0, 0.36, 0.55, 0.0, 0.2, 0.58, 1.0, 0.68, 1.0, 1.0, 0.75, 0.8, 0.35, 0.39, 0.65, 0.53, 0.34, 0.52, 0.0, 0.55, 0.84, 0.39, 0.41, 0.0, 0.66, 0.65, 0.65, 0.82, 0.47, 0.45, 0.71, 0.72, 0.17, 0.57, 0.54, 0.12, 0.18, 0.8, 0.42, 0.27, 0.29, 0.78, 0.44, 0.72, 0.39, 0.43, 0.6, 1.0, 0.54, 0.42, 1.0, 0.75, 0.71, 1.0, 0.69, 0.42, 0.51, 0.47, 0.75]"
682,923047,0.42,0.111,680,2025-02-23 07:23:21.393697,"['32224', '32226', '32230', '32239', '32244', '32248', '32249', '32253', '32256', '32269', '32274', '32276', '32280', '32281', '32288']","[3052, 4003, 4846, 4226, 2058, 3720, 1553, 4600, 3326, 2050, 5195, 4120, 3285, 4033, 4953, 2968, 1359, 4520, 1822, 4368, 2664, 4539, 1932, 2943, 786, 576, 2281, 3665, 3500, 2316, 4757, 506, 4954, 1176, 449, 3749]","[0.58, 0.56, 0.72, 0.6, 0.62, 0.44, 0.24, 0.37, 0.46, 0.33, 1.0, 0.49, 1.0, 0.78, 0.36, 0.69, 1.0, 0.48, 0.71, 0.67, 0.37, 0.86, 0.5, 0.75, 0.43, 0.0, 0.37, 0.72, 0.66, 0.73, 0.0, 0.56, 0.44, 0.65, 1.0, 0.0, 0.75, 0.47, 0.41, 1.0, 0.64, 0.66, 1.0, 0.78, 0.82, 0.73, 0.7, 0.46, 0.38, 0.56, 0.53, 0.64, 0.69, 0.73, 0.1, 1.0, 0.67, 0.71, 0.12, 0.22, 0.83, 0.7, 0.67, 0.25, 0.73, 0.38, 1.0, 0.5, 0.72, 0.39, 0.61, 0.41, 0.55, 0.55, 0.25]"
683,133098,0.34,0.667,680,2025-02-23 07:23:21.508408,"['32217', '32223', '32230', '32241', '32252', '32254', '32255', '32260', '32265', '32269', '32271', '32279', '32280', '32284', '32285']","[4319, 2547, 930, 1770, 4988, 4119, 1533, 2586, 3244, 374, 3158, 5385, 4226, 5760, 1868, 3998, 5323, 2609, 4780, 2910, 3052, 1012, 5521, 3089, 715, 2106, 4312, 5771, 3720, 4338, 5655, 2338, 5817, 4954, 525, 914]","[0.77, 0.28, 0.68, 1.0, 0.34, 0.15, 0.17, 0.25, 0.68, 0.0, 0.39, 0.33, 0.65, 0.62, 0.16, 0.62, 1.0, 0.24, 0.66, 0.67, 0.17, 0.83, 0.75, 0.73, 0.17, 0.25, 0.11, 0.75, 0.84, 0.88, 0.28, 0.8, 0.18, 0.86, 0.75, 0.74, 0.62, 0.35, 0.75, 0.35, 0.25, 0.0, 0.37, 0.54, 0.87, 0.62, 0.75, 0.69, 0.17, 0.64, 0.76, 1.0, 0.71, 0.64, 0.18, 1.0, 0.83, 0.0, 0.2, 0.31, 0.58, 0.88, 0.26, 0.31, 0.77, 0.67, 0.17, 0.32, 0.63, 0.35, 0.25, 0.25, 0.62, 0.71, 0.33]"
684,577892,0.327,0.056,680,2025-02-23 07:23:21.630667,"['32221', '32230', '32240', '32242', '32243', '32248', '32251', '32262', '32263', '32265', '32270', '32274', '32275', '32283', '32286']","[5256, 3255, 5692, 5402, 668, 2943, 5065, 2072, 3406, 1164, 1117, 4000, 2664, 4725, 342, 2640, 1268, 1942, 3474, 216, 3273, 756, 4184, 3063, 2761, 2843, 5460, 5594, 2465, 5744, 5742, 1316, 734, 3029, 4520, 4757]","[0.37, 0.81, 0.76, 0.36, 0.83, 0.77, 0.33, 0.0, 0.25, 0.23, 0.63, 0.65, 0.36, 0.88, 0.61, 0.75, 0.25, 0.73, 0.75, 0.66, 0.6, 0.88, 0.27, 0.78, 0.74, 0.7, 1.0, 0.87, 0.0, 1.0, 0.79, 0.29, 0.72, 0.36, 1.0, 0.2, 0.85, 1.0, 0.29, 0.75, 0.82, 0.84, 0.8, 0.91, 0.78, 0.81, 0.85, 0.27, 1.0, 0.75, 0.3, 1.0, 0.67, 0.8, 0.06, 0.74, 0.0, 0.9, 0.07, 0.15, 0.17, 0.17, 0.73, 0.2, 0.69, 0.26, 0.78, 0.67, 0.8, 0.5, 0.75, 0.3, 0.5, 0.39, 0.68]"
685,961421,0.219,0.389,685,2025-02-23 07:23:21.876898,"['32224', '32231', '32236', '32243', '32247', '32248', '32251', '32264', '32266', '32270', '32275', '32276', '32281', '32283', '32286']","[216, 2943, 4322, 2840, 3052, 2761, 2664, 835, 5692, 5195, 4033, 506, 5541, 712, 3951, 1098, 2050, 4003, 1359, 117, 5256, 539, 3263, 3255, 2620, 5654, 1316, 3593, 3474, 4600, 2753, 1268, 576, 2640, 3285, 637]","[0.35, 0.71, 0.74, 0.34, 0.73, 0.69, 0.28, 0.45, 0.28, 0.34, 0.25, 0.58, 0.41, 0.85, 0.48, 0.7, 0.33, 1.0, 0.71, 0.63, 0.47, 0.83, 0.25, 0.76, 0.63, 0.64, 0.63, 0.83, 0.48, 1.0, 0.72, 0.43, 0.56, 0.25, 0.75, 0.31, 0.83, 0.25, 0.34, 0.65, 0.75, 0.74, 0.75, 0.83, 0.75, 0.68, 0.79, 0.42, 0.44, 0.52, 0.25, 0.46, 0.25, 0.76, 0.13, 0.63, 0.75, 0.84, 0.14, 0.28, 0.44, 0.17, 0.67, 0.3, 0.66, 0.33, 0.72, 0.75, 0.77, 0.5, 0.74, 0.35, 0.75, 0.4, 0.6]"
686,1034717,0.283,0.306,685,2025-02-23 07:23:21.996529,"['32219', '32221', '32234', '32243', '32247', '32248', '32251', '32263', '32265', '32266', '32270', '32275', '32281', '32283', '32286']","[5541, 1164, 214, 3063, 216, 734, 668, 2943, 4322, 3593, 3255, 5256, 3273, 133, 535, 2072, 2253, 4504, 3406, 5402, 756, 558, 4444, 2668, 1783, 1926, 3188, 391, 3310, 4858, 3084, 3029, 4459, 5692, 835, 3330]","[0.26, 0.8, 0.76, 0.24, 0.82, 1.0, 0.32, 0.25, 0.2, 0.28, 0.59, 0.65, 0.36, 0.89, 0.59, 0.74, 0.24, 0.7, 0.73, 0.63, 1.0, 0.85, 0.27, 0.77, 0.76, 0.74, 0.77, 0.89, 0.37, 0.25, 0.81, 0.31, 0.69, 0.0, 0.75, 0.2, 0.87, 0.25, 0.28, 0.74, 0.82, 0.82, 0.83, 0.89, 0.73, 0.73, 0.85, 0.32, 0.57, 0.25, 0.29, 0.0, 1.0, 0.79, 0.1, 0.69, 0.25, 0.91, 0.1, 0.23, 0.4, 0.0, 0.71, 0.26, 0.63, 0.27, 0.8, 0.5, 0.8, 0.25, 0.78, 0.29, 0.5, 0.33, 0.68]"
687,740968,0.297,0.472,685,2025-02-23 07:23:22.119145,"['32219', '32224', '32238', '32240', '32242', '32245', '32246', '32248', '32266', '32269', '32270', '32275', '32281', '32283', '32286']","[3052, 539, 3703, 506, 5195, 4003, 4033, 2943, 117, 2840, 835, 637, 5614, 216, 5541, 712, 2050, 3951, 1786, 3094, 4723, 4600, 4442, 2612, 3561, 2378, 2753, 3263, 1553, 4322, 2761, 786, 5758, 4701, 3883, 2640]","[0.3, 0.67, 0.75, 0.28, 0.65, 0.75, 0.24, 0.41, 0.28, 0.45, 0.25, 0.55, 0.45, 0.83, 0.36, 0.65, 0.42, 0.47, 0.66, 0.58, 0.36, 0.76, 0.45, 0.74, 0.75, 0.61, 0.75, 0.81, 0.25, 0.53, 0.67, 0.75, 0.25, 0.56, 0.25, 0.41, 0.82, 0.45, 0.37, 0.58, 0.71, 0.67, 0.7, 0.79, 0.69, 0.57, 0.74, 0.56, 0.3, 0.55, 0.46, 0.32, 0.75, 0.76, 0.22, 0.75, 0.25, 0.8, 0.22, 0.43, 0.43, 0.5, 0.57, 0.37, 0.63, 0.38, 0.67, 0.5, 0.76, 0.5, 0.72, 0.38, 0.5, 0.42, 0.57]"
688,741461,0.279,0.167,685,2025-02-23 07:23:22.239593,"['32224', '32228', '32243', '32248', '32251', '32262', '32263', '32264', '32265', '32266', '32270', '32275', '32281', '32283', '32286']","[835, 216, 117, 539, 3255, 734, 2664, 2840, 2753, 5195, 3951, 2072, 2620, 3263, 391, 5535, 1098, 2050, 4520, 5460, 3406, 712, 5245, 2640, 4725, 1268, 1103, 506, 4000, 5692, 3063, 5541, 4322, 1290, 889, 2943]","[0.25, 0.75, 0.76, 0.23, 0.75, 0.77, 0.28, 0.47, 0.23, 0.37, 1.0, 0.61, 0.4, 0.86, 0.75, 0.69, 0.33, 0.59, 0.69, 0.6, 0.46, 0.8, 0.35, 0.75, 0.69, 0.69, 0.72, 0.86, 0.4, 1.0, 0.75, 0.4, 0.57, 0.45, 1.0, 0.3, 0.85, 1.0, 0.32, 0.66, 0.77, 0.75, 0.77, 0.84, 0.69, 0.64, 0.8, 0.45, 0.25, 1.0, 0.0, 0.0, 0.0, 0.78, 0.16, 0.58, 0.25, 0.86, 0.16, 0.34, 0.41, 0.0, 0.65, 0.32, 0.62, 0.32, 0.74, 1.0, 0.78, 0.25, 0.76, 0.34, 0.0, 0.37, 0.63]"
689,1225414,0.364,0.306,685,2025-02-23 07:23:22.354331,"['32214', '32219', '32240', '32248', '32252', '32254', '32255', '32257', '32260', '32269', '32273', '32274', '32279', '32281', '32285']","[2586, 3383, 3052, 2744, 2338, 5385, 3703, 3484, 277, 5782, 4226, 4319, 1788, 2879, 882, 5918, 3326, 557, 5760, 5326, 4119, 4846, 930, 5915, 2499, 1020, 4554, 5562, 2547, 3885, 3035, 2910, 3755, 525, 1596, 1761]","[1.0, 0.38, 0.71, 0.52, 0.36, 0.75, 0.16, 0.26, 0.51, 0.6, 0.35, 0.38, 0.59, 0.67, 0.15, 0.55, 0.67, 0.2, 0.61, 0.59, 0.16, 0.7, 0.71, 0.71, 0.25, 0.34, 0.0, 0.58, 0.72, 0.75, 0.36, 0.79, 0.18, 0.82, 0.75, 0.74, 0.7, 0.33, 1.0, 0.34, 0.0, 0.0, 0.43, 0.75, 0.76, 0.44, 1.0, 0.79, 0.1, 0.65, 0.7, 0.39, 0.4, 0.66, 0.35, 0.0, 0.68, 0.47, 0.36, 0.75, 0.33, 0.76, 0.32, 0.46, 0.7, 0.33, 0.42, 0.5, 0.66, 0.46, 0.59, 0.75, 0.59, 0.59, 0.37]"
690,74738,0.319,0.222,690,2025-02-23 07:23:22.608952,"['32215', '32219', '32225', '32226', '32230', '32231', '32236', '32239', '32248', '32253', '32269', '32279', '32281', '32287', '32288']","[3052, 539, 5195, 4003, 2840, 835, 506, 3703, 3720, 2050, 216, 2847, 5658, 1553, 712, 637, 4600, 4033, 3266, 2948, 4455, 990, 5888, 2505, 5758, 3326, 2943, 4846, 4663, 1359, 786, 4226, 4723, 2664, 3951, 576]","[0.44, 0.25, 0.74, 0.39, 0.58, 0.75, 0.23, 0.37, 0.39, 0.41, 0.46, 0.25, 0.25, 0.76, 0.32, 0.62, 0.25, 0.0, 0.68, 0.61, 0.33, 0.78, 0.25, 0.73, 0.5, 0.25, 0.51, 0.75, 0.59, 0.61, 0.6, 0.56, 0.4, 0.62, 0.75, 0.45, 0.82, 0.44, 0.4, 1.0, 0.62, 0.62, 0.62, 0.77, 0.73, 0.59, 0.7, 0.59, 0.3, 0.58, 0.51, 0.41, 0.46, 0.76, 0.22, 0.25, 0.53, 0.71, 0.23, 0.42, 0.45, 0.57, 0.5, 0.35, 0.68, 0.17, 0.65, 0.5, 0.73, 0.48, 0.67, 0.41, 0.53, 0.25, 0.5]"
691,224760,0.295,0.361,690,2025-02-23 07:23:22.732654,"['32221', '32224', '32228', '32231', '32243', '32248', '32251', '32253', '32263', '32265', '32266', '32270', '32283', '32286', '32287']","[2072, 5256, 1164, 1117, 5742, 1268, 1942, 734, 3310, 5402, 3376, 1871, 391, 1316, 3975, 4371, 4396, 5290, 3709, 806, 3406, 1196, 2298, 4459, 4725, 668, 5747, 3255, 1183, 3063, 5486, 5301, 440, 342, 295, 841]","[0.27, 0.85, 0.78, 0.2, 0.86, 0.87, 0.36, 1.0, 0.2, 0.23, 1.0, 0.69, 0.3, 0.9, 0.75, 0.74, 0.18, 1.0, 0.77, 0.65, 0.66, 0.86, 0.2, 0.78, 0.83, 0.79, 0.85, 0.92, 0.34, 0.0, 0.87, 0.21, 0.76, 0.28, 0.0, 0.14, 0.91, 1.0, 0.24, 1.0, 0.83, 0.87, 0.85, 0.93, 0.71, 0.77, 0.88, 0.25, 0.68, 1.0, 0.23, 0.75, 0.75, 0.84, 0.09, 0.74, 0.0, 0.93, 0.09, 0.21, 0.38, 0.27, 0.78, 0.23, 0.65, 0.24, 0.86, 0.74, 0.81, 0.5, 0.8, 0.27, 0.5, 0.25, 0.73]"
692,840673,0.264,0.444,690,2025-02-23 07:23:22.854435,"['32214', '32217', '32221', '32234', '32242', '32246', '32247', '32253', '32263', '32265', '32270', '32275', '32276', '32283', '32286']","[2664, 1932, 3500, 2498, 1176, 2112, 2281, 3706, 4322, 981, 576, 5647, 712, 4757, 4412, 5238, 3151, 1666, 1359, 2058, 1612, 3285, 2943, 5460, 3052, 5844, 114, 3367, 4539, 2494, 863, 2843, 5003, 4325, 342, 5065]","[0.75, 0.66, 0.72, 0.75, 0.76, 0.57, 0.29, 0.75, 0.44, 0.22, 0.59, 0.57, 0.42, 0.82, 0.57, 0.75, 0.24, 0.66, 0.8, 0.72, 0.75, 0.91, 0.35, 0.79, 0.57, 0.59, 0.5, 0.8, 0.25, 0.72, 0.7, 0.39, 1.0, 0.75, 0.75, 0.25, 0.82, 0.54, 0.32, 0.75, 0.72, 0.76, 0.73, 0.85, 0.87, 0.81, 0.79, 0.28, 0.6, 0.0, 0.37, 1.0, 0.79, 0.76, 0.06, 0.81, 0.75, 0.82, 0.06, 0.12, 0.48, 0.83, 1.0, 0.2, 0.77, 0.31, 0.73, 0.57, 0.77, 0.25, 0.71, 0.35, 0.5, 0.48, 0.6]"
693,914948,0.325,0.389,690,2025-02-23 07:23:22.971124,"['32217', '32222', '32229', '32244', '32248', '32252', '32253', '32257', '32259', '32260', '32266', '32274', '32280', '32283', '32285']","[5385, 2586, 4319, 3383, 557, 882, 525, 4226, 2744, 2879, 3703, 5760, 3052, 2338, 5326, 2740, 930, 4723, 3885, 823, 2011, 2547, 3998, 277, 4003, 2910, 1761, 1769, 5673, 3484, 5562, 1596, 2609, 1788, 5658, 3035]","[0.57, 0.33, 0.71, 0.25, 0.35, 0.31, 0.16, 0.26, 0.75, 0.55, 0.36, 0.36, 0.63, 0.62, 0.15, 0.25, 0.62, 0.21, 0.61, 0.59, 0.16, 0.71, 0.71, 0.7, 0.26, 0.32, 0.27, 0.57, 0.74, 0.76, 0.0, 0.78, 0.19, 0.81, 0.75, 0.71, 0.73, 0.34, 0.75, 0.0, 0.43, 0.39, 0.43, 0.75, 0.75, 1.0, 0.25, 0.79, 0.13, 0.65, 0.7, 0.4, 0.25, 0.7, 0.35, 0.37, 0.67, 0.44, 0.37, 0.58, 0.83, 0.75, 0.31, 0.44, 0.71, 0.58, 0.5, 0.35, 0.66, 0.5, 0.56, 0.5, 0.57, 0.64, 0.36]"
694,321935,0.225,0.444,690,2025-02-23 07:23:23.088404,"['32214', '32221', '32234', '32242', '32246', '32253', '32263', '32265', '32270', '32274', '32275', '32276', '32281', '32283', '32286']","[1316, 5692, 2498, 4184, 5065, 2664, 2943, 981, 5460, 5256, 1932, 3084, 1098, 4396, 342, 3593, 5654, 49, 5110, 3310, 4547, 5541, 3263, 4322, 712, 2112, 2761, 3474, 3029, 2281, 1164, 114, 3500, 1919, 4757, 5121]","[0.25, 0.74, 0.74, 0.43, 0.8, 0.71, 0.32, 1.0, 0.34, 0.22, 0.6, 0.62, 0.37, 0.85, 0.61, 0.75, 0.21, 0.71, 0.79, 0.7, 1.0, 0.9, 0.28, 0.79, 0.68, 0.67, 0.65, 0.85, 1.0, 0.6, 0.77, 0.31, 1.0, 0.42, 0.68, 0.2, 0.86, 0.57, 0.29, 0.75, 0.77, 0.81, 0.78, 0.89, 0.83, 0.8, 0.83, 0.26, 0.64, 0.25, 0.31, 0.75, 0.72, 0.79, 0.07, 0.79, 1.0, 0.88, 0.07, 0.14, 1.0, 0.33, 0.83, 0.21, 0.73, 0.28, 0.79, 0.75, 0.79, 0.25, 0.74, 0.32, 0.5, 0.42, 0.66]"
695,628359,0.342,0.278,695,2025-02-23 07:23:23.338545,"['32218', '32223', '32225', '32226', '32236', '32239', '32243', '32245', '32247', '32248', '32253', '32273', '32283', '32287', '32288']","[539, 117, 3703, 835, 2612, 2840, 882, 506, 216, 4723, 637, 2753, 889, 3741, 5195, 3052, 1396, 5782, 3951, 4701, 734, 5658, 4535, 3561, 5855, 4796, 1706, 4065, 391, 557, 4814, 5541, 825, 4838, 238, 823]","[0.22, 0.7, 0.77, 0.15, 1.0, 0.73, 0.25, 0.4, 0.23, 1.0, 0.44, 1.0, 0.0, 0.8, 0.27, 0.55, 0.45, 0.43, 0.61, 0.53, 0.26, 0.63, 1.0, 0.7, 0.59, 0.75, 0.73, 0.83, 0.4, 0.25, 0.65, 0.75, 0.39, 0.75, 0.0, 0.48, 0.83, 0.44, 0.37, 1.0, 0.7, 0.66, 0.69, 0.79, 0.58, 0.47, 0.74, 0.65, 0.22, 0.57, 0.49, 0.16, 0.21, 0.8, 0.36, 0.33, 0.31, 0.8, 0.35, 1.0, 0.4, 0.43, 0.61, 0.42, 0.56, 0.43, 0.62, 0.6, 0.74, 0.75, 0.71, 0.36, 0.53, 0.0, 0.75]"
696,1523809,0.383,0.194,695,2025-02-23 07:23:23.453560,"['32214', '32219', '32223', '32224', '32226', '32231', '32239', '32248', '32249', '32251', '32261', '32265', '32266', '32269', '32287']","[3052, 4003, 2050, 3285, 5888, 4455, 1359, 3094, 4322, 5195, 2943, 576, 2058, 712, 506, 4065, 2761, 3720, 3500, 449, 1176, 4825, 1553, 4345, 5614, 4975, 4600, 2948, 786, 5675, 539, 5758, 3266, 3883, 4796, 2664]","[0.0, 0.6, 0.73, 0.49, 0.62, 0.75, 0.25, 0.38, 0.41, 0.0, 1.0, 0.51, 0.0, 0.79, 0.38, 0.69, 0.36, 0.25, 0.72, 0.67, 0.36, 0.83, 0.48, 0.75, 0.46, 0.0, 0.48, 0.74, 0.63, 0.67, 0.59, 0.58, 0.46, 0.59, 0.75, 0.0, 0.77, 0.0, 0.38, 0.58, 0.67, 0.65, 0.63, 0.77, 0.81, 0.68, 0.71, 1.0, 0.36, 0.56, 0.5, 0.75, 0.75, 0.74, 0.13, 0.75, 0.59, 0.73, 0.13, 0.26, 0.47, 0.63, 0.52, 0.28, 0.71, 0.39, 0.6, 0.53, 0.74, 0.43, 0.67, 0.38, 0.55, 1.0, 0.51]"
697,799366,0.418,0.028,695,2025-02-23 07:23:23.568776,"['32214', '32215', '32217', '32218', '32223', '32230', '32239', '32240', '32244', '32248', '32253', '32256', '32269', '32280', '32281']","[3052, 4033, 5760, 5195, 539, 3720, 3703, 4600, 4226, 1553, 4954, 882, 2586, 2948, 506, 4003, 1359, 4846, 2050, 3326, 4062, 2840, 5658, 712, 4663, 3266, 2776, 4723, 4119, 3158, 2505, 4622, 449, 5782, 4557, 814]","[0.75, 0.75, 0.72, 0.0, 0.0, 0.44, 0.22, 0.34, 0.43, 0.25, 0.46, 0.46, 0.55, 0.75, 0.27, 0.63, 0.0, 0.38, 0.67, 0.63, 0.26, 0.77, 0.57, 0.73, 0.37, 0.25, 0.0, 0.7, 0.66, 0.69, 0.0, 0.68, 0.34, 0.67, 0.75, 0.56, 0.74, 0.42, 0.43, 0.75, 0.6, 0.56, 1.0, 0.7, 0.78, 0.59, 0.65, 0.61, 0.24, 0.6, 0.58, 0.46, 0.5, 0.73, 0.22, 0.25, 0.61, 0.65, 0.21, 0.39, 0.48, 0.68, 0.45, 0.34, 0.69, 0.45, 0.83, 0.5, 0.72, 0.45, 0.63, 0.41, 0.57, 0.56, 0.44]"
698,7255,0.221,0.167,695,2025-02-23 07:23:23.682761,"['32221', '32228', '32239', '32242', '32243', '32248', '32251', '32263', '32265', '32266', '32274', '32275', '32283', '32286', '32287']","[5256, 3255, 1164, 1196, 1316, 4184, 342, 1098, 4257, 3029, 3063, 5692, 668, 2367, 4396, 3310, 3474, 3084, 1117, 2843, 214, 3406, 4547, 4725, 2668, 2072, 5245, 5065, 5402, 1268, 1611, 216, 295, 3376, 734, 3273]","[0.36, 0.82, 0.76, 0.32, 0.85, 0.81, 0.36, 1.0, 0.25, 0.19, 0.64, 0.66, 0.34, 0.89, 1.0, 0.78, 0.17, 0.75, 0.79, 0.7, 0.65, 0.89, 0.24, 0.79, 0.76, 1.0, 0.76, 0.89, 0.75, 0.25, 0.82, 0.28, 0.77, 0.32, 0.75, 0.16, 0.86, 0.75, 0.24, 0.78, 0.83, 0.85, 0.81, 0.91, 0.8, 0.81, 0.87, 0.23, 0.68, 0.75, 0.27, 0.75, 0.75, 0.81, 0.06, 0.79, 0.39, 0.92, 0.06, 0.13, 0.17, 0.0, 0.76, 0.19, 0.69, 0.25, 0.81, 0.7, 0.81, 0.25, 0.78, 0.27, 0.25, 0.0, 0.7]"
699,1540412,0.212,0.222,695,2025-02-23 07:23:23.800172,"['32214', '32221', '32228', '32236', '32239', '32242', '32243', '32246', '32248', '32263', '32270', '32275', '32283', '32286', '32287']","[5692, 1164, 2498, 5460, 3474, 3255, 1316, 2640, 4396, 4184, 3063, 4322, 3406, 2943, 5065, 4520, 3310, 3084, 1293, 5256, 342, 5541, 2664, 4000, 5654, 2668, 2620, 1932, 216, 1382, 1098, 3263, 4161, 1242, 712, 5700]","[0.0, 0.78, 0.75, 0.36, 0.82, 0.76, 0.33, 1.0, 0.29, 0.22, 0.61, 0.62, 0.37, 0.87, 1.0, 0.76, 0.2, 0.7, 0.77, 0.69, 0.59, 0.87, 0.25, 0.78, 0.7, 0.75, 0.71, 0.87, 1.0, 0.75, 0.78, 0.34, 1.0, 0.38, 1.0, 0.2, 0.84, 0.59, 0.27, 0.74, 0.8, 0.82, 0.78, 0.89, 0.8, 0.78, 0.85, 0.28, 0.61, 0.25, 0.32, 0.57, 0.65, 0.79, 0.07, 0.75, 0.25, 0.89, 0.08, 0.16, 0.43, 0.33, 0.71, 0.21, 0.7, 0.28, 0.78, 0.66, 0.79, 0.25, 0.76, 0.29, 0.5, 0.5, 0.66]"
700,287167,0.352,0.25,700,2025-02-23 07:23:24.061503,"['32218', '32219', '32224', '32225', '32226', '32230', '32236', '32246', '32249', '32251', '32264', '32266', '32274', '32276', '32281']","[3052, 2664, 5541, 3406, 4322, 712, 2761, 5264, 5614, 4000, 2058, 2620, 2236, 1098, 3285, 576, 4299, 2943, 2640, 5692, 114, 3500, 4003, 5195, 2498, 2840, 4757, 4412, 5460, 4520, 4455, 5800, 3106, 2050, 786, 4062]","[0.48, 0.68, 0.75, 0.48, 1.0, 1.0, 0.28, 0.43, 0.35, 0.25, 0.75, 0.0, 0.75, 0.81, 0.48, 0.7, 0.0, 0.59, 0.75, 0.68, 0.49, 0.87, 0.25, 0.77, 0.6, 0.58, 0.54, 0.82, 0.57, 0.64, 0.68, 0.47, 0.75, 0.52, 0.63, 0.75, 0.81, 0.75, 0.36, 0.68, 0.72, 0.72, 0.74, 0.83, 0.81, 0.75, 0.77, 0.39, 0.49, 0.52, 0.75, 0.59, 1.0, 0.77, 0.09, 0.7, 0.58, 0.83, 0.1, 0.21, 0.83, 0.56, 0.67, 0.24, 0.71, 0.33, 0.69, 0.5, 0.77, 0.43, 0.68, 0.34, 0.51, 0.45, 0.57]"
701,353009,0.359,0.417,700,2025-02-23 07:23:24.175300,"['32223', '32225', '32226', '32230', '32236', '32239', '32240', '32242', '32249', '32266', '32269', '32281', '32283', '32286', '32288']","[539, 3703, 2840, 882, 5658, 117, 4723, 2612, 3052, 5195, 557, 835, 506, 4701, 216, 2740, 637, 3951, 2744, 1396, 5782, 4065, 2499, 4033, 4038, 2378, 4732, 3741, 4838, 3689, 825, 823, 2753, 838, 5465, 238]","[0.28, 0.62, 0.78, 0.24, 0.54, 0.64, 0.21, 0.36, 0.28, 1.0, 0.4, 0.0, 0.0, 0.74, 0.22, 0.53, 0.0, 0.35, 0.59, 0.54, 0.25, 0.66, 0.75, 0.71, 0.52, 1.0, 1.0, 0.78, 0.75, 0.52, 0.6, 0.67, 0.29, 0.6, 0.38, 0.75, 0.81, 0.37, 0.44, 0.51, 0.62, 0.56, 0.64, 0.73, 0.6, 0.48, 0.67, 0.7, 0.19, 0.6, 0.56, 0.2, 0.25, 0.77, 0.36, 0.0, 0.44, 0.73, 0.37, 0.63, 0.42, 0.55, 0.53, 0.45, 0.61, 0.43, 0.6, 0.5, 0.71, 0.75, 0.64, 0.44, 0.5, 0.48, 0.5]"
702,1369220,0.27,0.306,700,2025-02-23 07:23:24.293654,"['32217', '32219', '32224', '32225', '32226', '32230', '32231', '32236', '32239', '32249', '32261', '32269', '32276', '32281', '32287']","[3052, 3703, 539, 4003, 506, 4723, 637, 4226, 882, 4033, 5195, 1553, 823, 2378, 1359, 5888, 2948, 2840, 2050, 2943, 712, 5658, 4701, 2744, 990, 3094, 2761, 449, 5614, 2505, 216, 5758, 557, 4663, 3266, 2612]","[0.43, 0.58, 0.75, 0.25, 0.55, 0.75, 0.22, 0.36, 0.37, 0.42, 0.25, 1.0, 0.25, 0.74, 0.28, 0.6, 0.25, 0.0, 0.66, 0.61, 0.3, 0.77, 0.25, 0.73, 0.47, 0.25, 0.48, 0.74, 0.59, 0.64, 0.56, 0.65, 0.34, 0.63, 0.52, 0.75, 0.78, 0.41, 0.44, 0.54, 0.61, 0.58, 0.63, 0.74, 0.73, 0.59, 0.67, 0.75, 0.26, 0.59, 0.56, 0.39, 0.44, 0.75, 0.22, 1.0, 0.57, 0.71, 0.24, 0.44, 0.47, 0.62, 0.17, 0.36, 0.68, 0.42, 0.59, 0.5, 0.72, 0.47, 0.62, 0.42, 0.53, 0.75, 0.46]"
703,570417,0.315,0.417,700,2025-02-23 07:23:24.407987,"['32223', '32225', '32226', '32230', '32238', '32239', '32253', '32255', '32259', '32266', '32273', '32281', '32283', '32287', '32288']","[882, 3703, 3052, 539, 557, 4723, 5195, 5658, 5760, 506, 2840, 637, 823, 4701, 2744, 117, 4226, 2378, 3383, 2612, 4033, 835, 277, 3035, 3326, 4732, 4003, 5385, 1396, 2586, 238, 838, 2740, 5888, 5236, 1331]","[0.37, 0.53, 0.76, 0.34, 0.45, 0.51, 0.19, 0.32, 0.36, 1.0, 0.38, 0.0, 0.75, 0.69, 0.19, 0.52, 0.0, 0.29, 0.59, 0.55, 0.21, 0.68, 0.62, 0.7, 0.25, 0.25, 0.48, 0.71, 0.58, 0.62, 0.51, 0.73, 0.24, 0.67, 0.43, 0.65, 0.77, 0.35, 0.48, 0.25, 0.55, 0.75, 0.57, 0.67, 0.66, 1.0, 0.61, 0.74, 0.16, 0.62, 0.62, 0.25, 0.0, 0.74, 0.36, 0.34, 0.54, 0.64, 0.37, 1.0, 0.46, 0.63, 0.45, 0.45, 0.65, 0.47, 0.53, 0.5, 0.69, 0.5, 0.59, 0.47, 0.54, 0.0, 0.5]"
704,442895,0.295,0.389,700,2025-02-23 07:23:24.526453,"['32218', '32224', '32225', '32230', '32231', '32239', '32246', '32248', '32264', '32270', '32273', '32275', '32281', '32283', '32288']","[5195, 539, 506, 4003, 2943, 3052, 5541, 4033, 216, 835, 2620, 2664, 2840, 4322, 117, 4600, 712, 637, 2050, 4723, 3406, 1553, 3263, 1359, 3703, 5692, 4520, 786, 3951, 4000, 889, 2761, 2640, 1786, 576, 5216]","[0.4, 0.66, 0.76, 0.38, 1.0, 0.64, 0.26, 0.41, 0.32, 0.33, 0.75, 0.75, 0.44, 0.79, 0.39, 0.65, 0.75, 0.25, 0.7, 0.63, 0.41, 0.81, 0.43, 0.75, 0.58, 0.75, 0.58, 0.81, 0.53, 0.59, 0.66, 0.53, 0.25, 0.54, 1.0, 0.39, 0.81, 0.47, 0.38, 0.63, 0.69, 0.68, 0.71, 0.81, 0.75, 0.67, 0.74, 0.49, 0.38, 0.55, 0.25, 0.44, 0.5, 0.77, 0.15, 0.59, 0.25, 0.8, 0.16, 0.25, 0.45, 0.67, 0.58, 0.3, 0.68, 0.36, 0.67, 0.5, 0.75, 0.5, 0.67, 0.37, 0.51, 0.45, 0.75]"
705,817375,0.309,0.139,705,2025-02-23 07:23:24.768105,"['32225', '32230', '32231', '32236', '32240', '32243', '32245', '32246', '32248', '32255', '32263', '32266', '32273', '32281', '32287']","[835, 5195, 2840, 3951, 506, 216, 539, 2753, 117, 3052, 2664, 5535, 5692, 2943, 4322, 4033, 4600, 2050, 4520, 2847, 2761, 3406, 5541, 5460, 4003, 3255, 391, 712, 5045, 2620, 1268, 2420, 2612, 2640, 990, 3474]","[0.35, 0.72, 0.77, 0.34, 0.71, 0.68, 0.29, 0.43, 0.31, 0.33, 0.52, 0.0, 0.44, 0.84, 0.43, 0.66, 0.75, 0.75, 0.69, 0.62, 0.45, 0.8, 0.75, 0.75, 0.61, 0.61, 1.0, 0.82, 0.46, 0.75, 0.72, 0.25, 0.75, 0.49, 1.0, 0.33, 0.82, 0.48, 0.35, 0.65, 0.72, 1.0, 0.71, 0.85, 0.73, 0.68, 0.78, 0.44, 0.44, 0.75, 0.4, 0.42, 0.25, 0.78, 0.15, 0.58, 0.44, 0.82, 0.16, 0.25, 0.43, 0.47, 0.64, 0.3, 0.62, 0.36, 0.71, 1.0, 0.76, 0.49, 0.71, 0.33, 0.52, 0.25, 0.58]"
706,75713,0.306,0.139,705,2025-02-23 07:23:24.887507,"['32214', '32225', '32226', '32230', '32242', '32246', '32247', '32251', '32253', '32255', '32263', '32265', '32269', '32276', '32287']","[3406, 2498, 4000, 4322, 1316, 2943, 5541, 5402, 4184, 2761, 5614, 2664, 712, 5692, 1786, 2640, 3263, 5460, 1164, 342, 4520, 5256, 5065, 576, 3310, 835, 4396, 5290, 1098, 857, 786, 1293, 3474, 3285, 5535, 4547]","[0.25, 0.75, 0.76, 0.42, 0.79, 0.7, 0.33, 0.47, 0.32, 0.23, 0.6, 0.25, 0.75, 0.86, 0.58, 0.72, 0.75, 0.68, 0.76, 0.68, 0.57, 0.87, 0.29, 0.77, 0.66, 0.66, 0.64, 0.84, 0.25, 0.55, 0.77, 0.38, 1.0, 0.25, 0.64, 0.23, 0.83, 0.75, 0.31, 0.75, 0.76, 1.0, 0.76, 0.88, 0.79, 0.79, 0.83, 0.3, 0.59, 0.0, 0.33, 1.0, 0.67, 0.78, 0.08, 1.0, 0.48, 0.86, 0.08, 0.18, 0.44, 0.47, 1.0, 0.22, 0.67, 0.3, 0.77, 0.64, 0.79, 0.45, 0.73, 0.29, 0.5, 1.0, 0.64]"
707,1409828,0.286,0.25,705,2025-02-23 07:23:25.002432,"['32228', '32230', '32240', '32242', '32243', '32247', '32248', '32251', '32253', '32255', '32263', '32266', '32273', '32283', '32286']","[5692, 2943, 2640, 3406, 712, 835, 5541, 3255, 3263, 3052, 1098, 1268, 1164, 2761, 5256, 1316, 4322, 4520, 3285, 4161, 1786, 2664, 5402, 4547, 3029, 216, 3951, 4000, 3474, 5460, 3063, 3310, 5045, 2840, 1942, 117]","[0.36, 0.76, 0.77, 0.36, 0.78, 0.72, 0.32, 0.47, 0.3, 0.26, 0.57, 0.6, 0.4, 0.86, 0.75, 0.7, 0.75, 0.65, 0.73, 0.65, 0.54, 0.84, 0.3, 0.76, 0.67, 0.66, 1.0, 0.85, 0.25, 0.75, 0.77, 0.39, 0.64, 0.25, 0.25, 0.25, 0.84, 0.75, 0.31, 0.75, 0.76, 0.75, 0.76, 0.88, 0.76, 0.75, 0.82, 0.34, 0.55, 0.25, 0.34, 0.51, 0.75, 0.79, 0.1, 0.68, 0.44, 0.86, 0.11, 0.0, 0.43, 0.44, 0.69, 0.25, 0.64, 0.32, 0.76, 0.65, 0.78, 0.25, 0.73, 0.3, 0.75, 0.41, 0.63]"
708,597054,0.234,0.222,705,2025-02-23 07:23:25.119488,"['32217', '32221', '32230', '32240', '32242', '32243', '32247', '32251', '32261', '32263', '32270', '32274', '32275', '32283', '32286']","[1316, 5692, 5256, 2498, 3084, 4396, 3593, 3474, 4184, 4547, 1098, 5460, 2761, 5065, 3063, 295, 3255, 712, 4000, 3263, 2664, 2640, 3310, 4322, 342, 1932, 3406, 1164, 4757, 1242, 1611, 2367, 1293, 2943, 114, 4161]","[0.38, 0.78, 0.76, 0.0, 0.81, 0.75, 0.34, 1.0, 0.29, 0.22, 0.61, 0.62, 0.37, 0.88, 0.61, 0.73, 0.0, 0.7, 0.76, 0.68, 0.6, 0.87, 0.26, 0.78, 0.7, 0.69, 0.75, 0.86, 1.0, 0.75, 0.8, 0.34, 0.7, 0.0, 0.63, 0.21, 0.84, 1.0, 0.29, 0.76, 0.79, 0.81, 0.79, 0.9, 0.78, 0.79, 0.85, 0.0, 0.62, 0.25, 0.3, 0.57, 0.65, 0.79, 0.08, 0.74, 0.75, 0.88, 0.09, 0.19, 1.0, 0.17, 0.72, 0.22, 0.66, 0.29, 0.79, 0.67, 0.8, 0.25, 0.75, 0.27, 0.5, 0.4, 0.66]"
709,1007265,0.379,0.278,705,2025-02-23 07:23:25.237423,"['32215', '32222', '32229', '32230', '32232', '32233', '32248', '32254', '32259', '32260', '32270', '32271', '32274', '32277', '32283']","[2499, 2744, 3649, 5782, 2839, 1020, 3383, 3703, 882, 5385, 1760, 5237, 915, 1071, 2740, 5884, 1761, 1791, 4535, 3885, 3035, 5236, 1048, 2570, 1178, 4643, 2821, 557, 1497, 122, 2879, 2338, 2011, 3484, 104, 4554]","[0.29, 0.0, 0.77, 0.29, 0.3, 0.41, 0.17, 0.25, 0.0, 0.71, 0.28, 0.37, 0.64, 0.65, 0.08, 0.25, 1.0, 0.17, 0.0, 0.25, 0.11, 0.51, 0.69, 0.65, 0.29, 0.35, 0.43, 0.64, 0.57, 0.59, 0.38, 0.84, 0.14, 0.78, 0.0, 0.78, 0.73, 0.28, 0.54, 0.29, 0.0, 0.34, 0.41, 0.56, 0.56, 0.0, 0.75, 0.87, 0.08, 0.66, 0.74, 0.14, 0.15, 0.72, 0.62, 0.16, 0.0, 0.25, 0.59, 0.82, 1.0, 0.64, 0.37, 0.17, 0.54, 0.61, 0.39, 0.45, 0.64, 1.0, 0.58, 0.55, 0.6, 0.56, 0.32]"
710,930641,0.373,0.333,710,2025-02-23 07:23:25.487816,"['32219', '32222', '32224', '32236', '32239', '32244', '32249', '32253', '32255', '32261', '32265', '32269', '32274', '32281', '32288']","[3052, 4953, 4226, 2968, 4368, 4003, 4120, 3720, 5647, 2058, 3665, 4600, 5242, 2664, 5195, 3500, 1822, 1932, 2316, 4412, 4825, 3694, 1553, 4455, 4757, 4033, 1176, 1174, 4539, 5844, 4954, 1359, 2281, 3285, 5760, 331]","[0.67, 0.44, 0.7, 0.7, 0.6, 0.0, 0.24, 0.34, 0.75, 0.32, 0.75, 0.44, 0.54, 0.74, 0.37, 0.7, 0.38, 0.44, 0.74, 0.71, 0.37, 0.87, 0.0, 0.78, 0.35, 0.25, 0.29, 0.7, 0.76, 0.8, 0.0, 0.63, 0.41, 0.71, 0.71, 0.0, 0.73, 0.47, 0.43, 1.0, 0.58, 0.75, 0.58, 0.71, 0.86, 0.73, 0.69, 0.75, 0.36, 0.56, 0.54, 1.0, 0.76, 0.68, 0.09, 0.75, 0.76, 0.65, 0.1, 0.19, 1.0, 0.74, 0.44, 0.25, 0.78, 0.39, 0.58, 0.5, 0.69, 0.39, 0.6, 0.39, 0.54, 0.55, 0.25]"
711,1240635,0.453,0.083,710,2025-02-23 07:23:25.606735,"['32214', '32215', '32218', '32222', '32230', '32236', '32239', '32244', '32252', '32253', '32255', '32261', '32274', '32276', '32281']","[3052, 5195, 2050, 4600, 3500, 4033, 2058, 1359, 1176, 4622, 4539, 1553, 3285, 2664, 539, 4808, 712, 216, 4062, 5541, 4455, 4003, 4757, 3720, 2465, 4322, 5888, 576, 2847, 2943, 3665, 2112, 4953, 4226, 5844, 1932]","[1.0, 0.0, 0.73, 0.51, 1.0, 0.51, 0.26, 0.39, 0.0, 0.34, 0.49, 0.5, 0.49, 0.78, 0.39, 0.68, 0.0, 0.48, 0.72, 0.67, 0.39, 0.83, 0.0, 0.77, 0.47, 0.0, 0.46, 0.78, 0.64, 0.69, 0.0, 0.56, 0.46, 0.61, 0.62, 0.41, 0.78, 0.49, 0.0, 1.0, 0.64, 1.0, 0.66, 0.77, 0.79, 0.7, 0.75, 1.0, 0.37, 0.55, 0.48, 0.57, 0.62, 0.72, 0.12, 0.63, 0.61, 0.75, 0.14, 0.27, 0.0, 0.63, 1.0, 0.28, 0.73, 0.36, 0.66, 0.5, 0.73, 0.44, 0.64, 0.37, 0.53, 0.5, 0.53]"
712,930760,0.277,0.472,710,2025-02-23 07:23:25.724498,"['32214', '32225', '32234', '32236', '32238', '32239', '32244', '32246', '32251', '32264', '32265', '32270', '32276', '32283', '32288']","[2664, 3052, 5647, 2058, 3706, 2112, 1176, 712, 4322, 5460, 4520, 4757, 3500, 3665, 2498, 114, 1932, 5238, 5844, 3285, 2281, 4412, 2843, 1666, 981, 5594, 2943, 5195, 3151, 2761, 5003, 4033, 863, 2494, 1316, 1612]","[1.0, 0.63, 0.73, 0.59, 0.76, 0.56, 0.3, 0.44, 0.41, 0.23, 0.56, 0.25, 0.43, 0.82, 0.54, 0.75, 0.25, 0.62, 0.78, 0.72, 0.75, 0.89, 0.0, 0.8, 0.75, 0.75, 0.49, 0.82, 0.64, 0.7, 0.75, 0.44, 0.75, 0.54, 0.7, 0.27, 0.8, 0.75, 0.34, 0.7, 0.71, 0.72, 0.72, 0.83, 0.85, 0.8, 0.81, 0.3, 0.55, 0.51, 1.0, 1.0, 0.77, 0.73, 0.06, 0.78, 0.75, 0.82, 0.07, 0.14, 0.47, 0.6, 0.83, 0.2, 0.75, 0.3, 0.72, 0.58, 0.75, 0.25, 0.69, 0.33, 0.5, 0.46, 0.5]"
713,735743,0.267,0.306,710,2025-02-23 07:23:25.841094,"['32214', '32215', '32219', '32224', '32239', '32240', '32245', '32247', '32251', '32255', '32263', '32265', '32269', '32281', '32286']","[3052, 712, 1176, 4033, 4322, 1359, 2761, 3285, 2664, 506, 2943, 990, 3500, 1553, 2058, 4003, 539, 5614, 5195, 1098, 2498, 2050, 576, 1273, 3406, 2505, 4539, 449, 5692, 3106, 5541, 1316, 5758, 3729, 3029, 786]","[1.0, 1.0, 0.74, 0.47, 0.72, 1.0, 0.28, 0.43, 0.37, 0.3, 0.25, 0.53, 0.46, 0.81, 0.45, 0.7, 0.32, 0.55, 0.73, 0.68, 0.45, 0.85, 0.4, 0.77, 0.55, 0.25, 1.0, 0.82, 0.6, 0.65, 0.64, 1.0, 0.54, 0.75, 0.62, 0.34, 0.8, 1.0, 0.37, 0.64, 0.69, 0.75, 0.7, 0.81, 0.79, 0.73, 0.79, 0.4, 0.44, 0.25, 0.42, 0.75, 0.64, 0.74, 0.1, 1.0, 0.57, 0.8, 0.12, 0.23, 0.45, 0.57, 0.58, 0.26, 0.72, 0.33, 0.7, 0.5, 0.75, 0.44, 0.67, 0.34, 0.5, 0.47, 0.57]"
714,1061322,0.411,0.028,710,2025-02-23 07:23:25.958515,"['32214', '32222', '32223', '32224', '32225', '32239', '32244', '32246', '32253', '32261', '32264', '32274', '32276', '32280', '32281']","[3052, 2058, 4226, 3720, 4455, 4003, 2664, 1359, 3500, 3285, 1176, 4953, 4033, 2948, 712, 5647, 4520, 4539, 3665, 990, 1822, 5098, 4757, 5195, 5899, 4412, 5760, 5567, 2316, 5844, 4062, 4846, 2112, 4942, 1932, 5264]","[1.0, 0.5, 0.71, 0.64, 0.64, 0.42, 0.25, 0.37, 0.75, 0.25, 1.0, 0.25, 0.51, 0.77, 0.41, 0.7, 0.35, 0.48, 0.74, 0.7, 0.4, 0.87, 0.47, 0.78, 0.41, 0.0, 0.36, 0.74, 0.71, 0.76, 1.0, 0.58, 0.25, 0.66, 0.69, 0.41, 0.75, 0.49, 0.4, 1.0, 0.62, 0.61, 0.62, 0.74, 0.84, 0.73, 0.73, 0.0, 0.39, 0.55, 1.0, 0.69, 0.73, 0.7, 0.09, 0.7, 0.7, 0.7, 0.11, 0.2, 1.0, 0.7, 0.67, 0.25, 0.76, 0.37, 1.0, 0.5, 0.71, 0.4, 0.62, 0.38, 0.53, 0.53, 0.51]"
715,208224,0.387,0.083,715,2025-02-23 07:23:26.207607,"['32215', '32219', '32222', '32230', '32244', '32252', '32253', '32255', '32261', '32266', '32269', '32271', '32274', '32279', '32281']","[3052, 4226, 4003, 5195, 4119, 3720, 5888, 1553, 4033, 2586, 3326, 4600, 252, 3158, 930, 4846, 5918, 4825, 1331, 4954, 4062, 2948, 5385, 4953, 5760, 637, 253, 5098, 5899, 4319, 3694, 1359, 539, 5758, 3703, 4325]","[0.61, 0.0, 0.71, 0.58, 0.47, 0.0, 0.2, 0.31, 0.25, 0.44, 0.43, 0.4, 0.59, 0.71, 0.23, 0.64, 1.0, 0.35, 0.7, 0.65, 0.26, 0.82, 0.61, 0.73, 0.3, 0.37, 0.27, 0.63, 0.71, 0.78, 0.75, 0.69, 0.27, 0.76, 0.65, 0.58, 0.71, 0.39, 0.0, 1.0, 0.54, 0.0, 0.5, 0.66, 0.83, 0.63, 0.61, 1.0, 0.23, 0.61, 0.62, 0.59, 1.0, 0.7, 0.18, 0.75, 0.71, 1.0, 0.22, 0.38, 0.83, 0.74, 0.37, 0.34, 0.72, 0.17, 0.5, 0.0, 0.69, 0.41, 0.59, 0.43, 0.54, 0.6, 0.43]"
716,275914,0.389,0.111,715,2025-02-23 07:23:26.326410,"['32217', '32219', '32225', '32226', '32236', '32238', '32239', '32242', '32245', '32264', '32265', '32270', '32273', '32286', '32288']","[3052, 539, 712, 5195, 4003, 4033, 3720, 5098, 2050, 449, 1176, 4455, 506, 5758, 4825, 2664, 2761, 4600, 5614, 3703, 1359, 3266, 3500, 2505, 3285, 4622, 4322, 5888, 2943, 2948, 3729, 4226, 1553, 786, 3094, 2840]","[0.5, 0.6, 0.73, 0.0, 0.6, 0.75, 0.24, 0.37, 0.43, 0.38, 0.48, 0.25, 0.25, 0.78, 0.34, 0.66, 0.41, 0.47, 0.71, 0.65, 0.36, 0.83, 0.25, 0.74, 0.25, 0.25, 0.43, 0.74, 0.75, 0.69, 0.59, 0.75, 0.41, 0.65, 0.61, 0.45, 0.77, 0.45, 0.41, 0.58, 0.64, 0.63, 0.62, 0.77, 0.8, 0.67, 0.71, 0.51, 0.34, 0.57, 1.0, 1.0, 0.58, 0.74, 0.15, 0.58, 0.25, 0.74, 0.18, 0.0, 0.47, 0.62, 0.5, 0.31, 0.7, 0.4, 0.62, 0.53, 0.72, 0.44, 0.65, 0.38, 0.75, 0.53, 0.75]"
717,450891,0.454,0.056,715,2025-02-23 07:23:26.445080,"['32219', '32223', '32252', '32254', '32259', '32260', '32266', '32269', '32271', '32273', '32274', '32279', '32280', '32284', '32285']","[3052, 3720, 4226, 4033, 5195, 4953, 4324, 3703, 4030, 3694, 3266, 5760, 4003, 4557, 4119, 2948, 2586, 4954, 5647, 1553, 4062, 5555, 4319, 5567, 5918, 5655, 2776, 4412, 4825, 4611, 4338, 4600, 4846, 1374, 3139, 4942]","[0.61, 0.48, 0.71, 0.59, 0.5, 0.0, 0.21, 0.32, 0.54, 1.0, 0.44, 0.41, 0.58, 0.72, 0.26, 0.65, 0.5, 0.38, 0.71, 0.66, 0.28, 0.83, 0.59, 0.74, 0.31, 0.38, 0.28, 0.64, 0.71, 0.78, 0.47, 0.67, 0.3, 0.75, 0.66, 0.56, 0.72, 0.41, 0.0, 0.51, 1.0, 0.52, 0.52, 0.68, 0.83, 1.0, 1.0, 0.58, 0.26, 0.6, 0.61, 0.61, 1.0, 0.71, 0.16, 0.0, 0.7, 0.0, 0.19, 0.0, 1.0, 0.73, 0.39, 0.32, 0.73, 1.0, 1.0, 0.45, 0.7, 0.41, 1.0, 0.25, 0.54, 0.59, 0.44]"
718,749157,0.368,0.194,715,2025-02-23 07:23:26.567199,"['32214', '32218', '32219', '32221', '32224', '32238', '32242', '32247', '32251', '32263', '32265', '32270', '32283', '32286', '32288']","[1316, 5460, 5065, 2761, 3706, 2498, 2664, 4184, 5692, 4322, 2640, 4757, 4547, 2112, 1932, 1098, 576, 3474, 3500, 295, 4000, 2281, 1293, 3406, 981, 3151, 2494, 2843, 342, 5256, 5647, 712, 114, 4412, 2058, 3084]","[0.25, 0.74, 0.74, 0.47, 0.75, 0.25, 0.32, 0.75, 0.35, 0.21, 1.0, 0.58, 0.4, 0.86, 0.6, 0.76, 0.22, 0.7, 0.79, 0.73, 0.6, 0.91, 0.3, 0.78, 1.0, 0.63, 0.58, 0.84, 1.0, 0.64, 0.75, 0.35, 0.69, 0.0, 0.7, 0.23, 0.82, 1.0, 0.3, 0.75, 0.77, 0.79, 0.76, 0.88, 0.84, 0.81, 0.84, 0.26, 0.63, 0.0, 0.35, 1.0, 0.75, 0.77, 0.06, 0.78, 0.75, 0.87, 0.07, 0.14, 0.44, 0.52, 0.65, 0.2, 0.73, 0.28, 0.76, 0.65, 0.79, 0.25, 0.73, 0.3, 0.75, 0.43, 1.0]"
719,695789,0.433,0.056,715,2025-02-23 07:23:26.687850,"['32214', '32219', '32222', '32224', '32236', '32240', '32242', '32251', '32266', '32270', '32274', '32276', '32281', '32286', '32288']","[2050, 539, 5541, 2840, 3052, 5195, 4322, 712, 506, 2943, 889, 216, 4065, 4033, 835, 3406, 4003, 3883, 3951, 117, 3263, 3285, 4161, 5758, 5614, 2640, 637, 5700, 5692, 1787, 4600, 2620, 1553, 4796, 2664, 3703]","[0.0, 0.71, 0.76, 0.3, 0.69, 0.75, 0.28, 0.43, 0.0, 0.36, 1.0, 0.54, 0.45, 0.84, 0.42, 0.66, 0.35, 0.55, 0.71, 0.63, 0.42, 0.81, 1.0, 0.74, 0.61, 0.6, 1.0, 0.82, 0.0, 0.54, 0.71, 0.46, 0.51, 0.54, 0.52, 0.36, 0.83, 0.0, 0.36, 0.64, 0.72, 0.71, 0.71, 0.85, 0.74, 0.66, 0.78, 0.47, 0.41, 0.53, 0.43, 0.41, 1.0, 0.78, 0.16, 0.57, 1.0, 0.84, 0.19, 0.37, 0.33, 0.48, 0.83, 0.31, 0.66, 0.35, 0.71, 0.5, 0.75, 0.49, 0.7, 0.35, 0.5, 0.46, 0.5]"
720,1350167,0.433,0.139,720,2025-02-23 07:23:26.929818,"['32215', '32219', '32225', '32230', '32236', '32238', '32247', '32248', '32249', '32253', '32264', '32273', '32283', '32286', '32287']","[3703, 539, 4723, 2612, 882, 3052, 835, 506, 5782, 2840, 557, 117, 4701, 4033, 5614, 637, 216, 4442, 2948, 3682, 4226, 4003, 2378, 4732, 3561, 5658, 5195, 3689, 2744, 5888, 3094, 3951, 5855, 4038, 823, 4838]","[0.28, 1.0, 0.75, 0.24, 0.56, 1.0, 0.23, 0.39, 0.29, 0.56, 0.38, 1.0, 0.5, 0.79, 0.26, 0.57, 0.0, 0.34, 0.58, 0.53, 0.26, 0.66, 0.0, 0.69, 0.0, 0.55, 0.62, 0.78, 0.48, 0.52, 0.58, 0.61, 0.31, 1.0, 0.0, 1.0, 0.81, 0.39, 0.43, 1.0, 0.64, 0.6, 0.63, 0.76, 0.62, 0.5, 0.68, 0.71, 0.18, 0.58, 1.0, 0.23, 0.27, 0.77, 0.34, 0.34, 0.42, 0.69, 0.36, 1.0, 0.42, 0.52, 0.54, 0.45, 0.59, 0.44, 0.65, 0.52, 0.71, 0.75, 0.66, 0.41, 0.25, 1.0, 0.43]"
721,152238,0.297,0.444,720,2025-02-23 07:23:27.047730,"['32222', '32241', '32252', '32253', '32254', '32256', '32257', '32259', '32260', '32265', '32266', '32274', '32283', '32284', '32285']","[2586, 4319, 5385, 4119, 5760, 2547, 3383, 1761, 2338, 4554, 5918, 3998, 5326, 5915, 5562, 4226, 2910, 4804, 3052, 277, 3885, 1868, 2879, 2744, 1204, 4988, 1020, 525, 5771, 882, 374, 1596, 2609, 3484, 1788, 2011]","[0.62, 0.28, 0.7, 0.62, 0.29, 0.23, 0.16, 0.24, 0.75, 0.61, 0.33, 0.33, 0.66, 0.61, 0.15, 0.55, 0.68, 0.18, 0.58, 0.6, 0.15, 0.71, 0.77, 0.7, 0.18, 0.27, 0.2, 0.25, 0.76, 0.81, 0.29, 0.83, 0.15, 0.83, 0.57, 0.78, 0.66, 0.29, 1.0, 0.0, 0.25, 0.35, 0.25, 0.75, 0.78, 0.25, 0.75, 0.8, 0.1, 0.66, 0.74, 0.25, 0.75, 0.68, 0.35, 0.35, 0.74, 0.36, 0.36, 0.58, 0.67, 0.81, 0.26, 0.44, 0.73, 0.57, 0.4, 0.33, 0.64, 0.25, 0.5, 0.5, 0.6, 0.69, 0.29]"
722,1244028,0.26,0.472,720,2025-02-23 07:23:27.164825,"['32215', '32226', '32242', '32245', '32246', '32247', '32248', '32253', '32264', '32266', '32269', '32273', '32283', '32287', '32288']","[506, 712, 539, 2840, 5195, 216, 835, 2943, 4322, 2050, 637, 3052, 2664, 3951, 5541, 5614, 889, 3263, 4003, 4033, 3406, 4600, 5758, 2640, 117, 4814, 5700, 2060, 2761, 3883, 576, 2612, 2753, 1359, 2620, 1786]","[0.35, 0.75, 0.75, 0.31, 0.71, 0.7, 0.28, 0.45, 0.29, 0.39, 0.49, 0.54, 0.25, 0.85, 0.44, 0.68, 0.34, 0.52, 0.67, 0.61, 0.43, 0.79, 0.4, 0.74, 0.59, 0.62, 0.65, 0.83, 0.25, 0.54, 0.69, 0.25, 0.25, 0.75, 0.75, 0.37, 0.82, 0.48, 0.35, 0.25, 0.73, 0.72, 0.72, 0.83, 0.71, 0.67, 0.77, 0.48, 0.37, 0.53, 0.25, 0.39, 0.25, 0.78, 0.15, 0.75, 0.45, 0.79, 0.17, 0.25, 0.43, 0.49, 0.63, 0.33, 0.64, 0.34, 0.72, 0.59, 0.75, 0.75, 0.7, 0.35, 0.51, 0.25, 0.75]"
723,957775,0.359,0.278,720,2025-02-23 07:23:27.282671,"['32224', '32234', '32238', '32242', '32245', '32247', '32248', '32251', '32253', '32262', '32263', '32270', '32275', '32283', '32286']","[506, 2840, 5541, 3052, 2664, 4322, 3406, 3951, 4000, 2050, 5460, 2761, 2847, 712, 2943, 3263, 835, 576, 990, 5256, 539, 5195, 2620, 4033, 216, 1268, 4003, 1316, 2640, 5123, 5614, 3285, 391, 1273, 1553, 4161]","[0.41, 0.68, 0.75, 0.37, 0.72, 0.67, 0.28, 0.44, 0.32, 0.35, 0.75, 0.55, 0.42, 0.85, 0.47, 0.7, 0.32, 0.54, 0.69, 0.63, 0.0, 0.82, 0.39, 0.75, 1.0, 0.61, 0.61, 0.83, 0.25, 0.58, 0.69, 0.0, 0.54, 0.25, 1.0, 0.35, 0.82, 1.0, 0.35, 1.0, 0.73, 0.73, 0.72, 0.84, 0.75, 0.7, 0.77, 0.44, 0.0, 0.75, 0.41, 0.47, 0.54, 0.77, 0.12, 0.62, 1.0, 0.79, 0.14, 0.31, 0.44, 0.67, 0.62, 0.3, 0.67, 0.33, 0.72, 0.59, 0.75, 0.5, 0.7, 0.34, 0.5, 0.47, 0.53]"
724,313399,0.364,0.194,720,2025-02-23 07:23:27.405432,"['32229', '32241', '32248', '32253', '32256', '32257', '32259', '32260', '32266', '32273', '32274', '32277', '32283', '32284', '32285']","[2586, 4319, 4119, 4338, 374, 5385, 2910, 3998, 5760, 4988, 2547, 1533, 1868, 4226, 2609, 3052, 3720, 3885, 2106, 3244, 930, 1770, 1929, 5323, 5771, 3089, 3158, 1769, 4953, 2482, 292, 3139, 5918, 525, 5562, 4954]","[0.71, 0.31, 0.69, 0.72, 0.36, 0.23, 0.18, 0.25, 0.61, 0.5, 0.39, 0.36, 0.62, 0.65, 0.21, 0.0, 0.6, 0.24, 0.65, 0.66, 0.22, 0.8, 0.72, 0.73, 0.2, 0.28, 0.18, 0.0, 0.78, 0.84, 0.33, 0.79, 0.21, 0.82, 1.0, 0.7, 0.66, 0.33, 0.53, 0.0, 0.46, 0.41, 0.0, 1.0, 0.84, 0.0, 1.0, 0.7, 0.16, 0.63, 0.7, 0.61, 1.0, 0.67, 0.2, 0.51, 0.79, 0.41, 0.22, 0.0, 1.0, 0.83, 0.28, 0.0, 0.78, 0.51, 0.43, 0.35, 0.66, 0.5, 0.5, 1.0, 0.6, 0.68, 0.33]"
725,1237948,0.366,0.333,725,2025-02-23 07:23:27.651003,"['32215', '32219', '32222', '32244', '32249', '32252', '32253', '32254', '32255', '32256', '32260', '32265', '32269', '32271', '32279']","[3052, 4226, 5195, 4953, 4033, 4003, 5760, 3720, 990, 3694, 506, 4455, 4119, 4600, 4846, 786, 3326, 1359, 2378, 1822, 2664, 4942, 1077, 3158, 637, 4723, 1553, 5242, 2316, 557, 4120, 2586, 3500, 4539, 2505, 4062]","[0.61, 0.0, 0.71, 0.65, 0.53, 0.25, 0.23, 0.33, 1.0, 0.39, 0.46, 0.44, 0.53, 0.74, 0.32, 0.66, 0.47, 0.41, 0.7, 0.66, 0.3, 0.84, 0.58, 0.74, 0.34, 0.4, 0.28, 0.65, 0.72, 0.76, 0.75, 0.69, 0.35, 0.71, 0.67, 1.0, 0.72, 0.4, 0.75, 0.75, 1.0, 0.75, 0.25, 0.69, 0.81, 0.64, 0.75, 0.56, 0.29, 0.6, 0.6, 0.75, 0.63, 0.7, 0.15, 0.75, 0.71, 1.0, 0.17, 0.28, 0.52, 0.73, 0.44, 0.3, 0.74, 0.67, 0.52, 0.42, 0.73, 0.41, 0.59, 0.41, 0.57, 0.55, 0.43]"
726,734698,0.257,0.25,725,2025-02-23 07:23:27.765599,"['32219', '32221', '32224', '32228', '32234', '32243', '32248', '32251', '32261', '32262', '32263', '32266', '32275', '32283', '32286']","[5541, 5692, 4322, 2943, 5614, 835, 712, 3406, 5256, 1164, 391, 2640, 5402, 2761, 216, 2050, 4033, 5700, 1316, 2664, 2620, 734, 3263, 506, 3052, 1786, 3951, 2840, 786, 2060, 3310, 3063, 3561, 4000, 668, 539]","[0.33, 0.77, 0.75, 0.31, 0.78, 1.0, 0.32, 0.25, 0.27, 0.29, 0.75, 0.63, 0.39, 0.86, 0.25, 0.7, 0.27, 0.65, 0.73, 0.63, 0.75, 0.83, 0.32, 0.76, 0.7, 0.66, 0.72, 0.85, 0.44, 0.25, 0.77, 0.39, 0.62, 0.41, 0.75, 0.26, 0.85, 0.75, 0.3, 0.7, 0.78, 0.77, 0.76, 0.88, 0.71, 0.71, 0.81, 0.25, 0.25, 0.25, 0.35, 0.42, 0.75, 0.79, 0.12, 0.64, 0.41, 0.86, 0.14, 0.27, 0.43, 0.0, 0.7, 0.28, 0.64, 0.31, 0.75, 0.65, 0.8, 0.5, 0.72, 0.31, 0.5, 0.39, 0.62]"
727,1648492,0.334,0.444,725,2025-02-23 07:23:27.880642,"['32214', '32215', '32219', '32222', '32223', '32230', '32241', '32252', '32254', '32265', '32271', '32274', '32279', '32280', '32285']","[4319, 930, 4119, 2586, 2547, 2910, 4988, 2609, 1868, 525, 3998, 374, 2338, 1770, 3052, 1533, 4226, 3158, 5760, 4780, 5385, 4338, 3720, 1769, 3244, 5323, 4312, 1012, 715, 5771, 2879, 2693, 5562, 3089, 4953, 5918]","[1.0, 0.25, 0.68, 0.78, 0.33, 0.25, 0.18, 0.25, 0.25, 0.0, 0.4, 0.33, 0.63, 0.62, 0.19, 0.61, 0.75, 0.26, 0.65, 0.66, 0.18, 0.82, 0.73, 0.72, 0.17, 0.26, 0.12, 0.25, 0.83, 0.85, 0.28, 0.84, 0.18, 0.85, 0.7, 0.75, 0.63, 0.31, 0.75, 0.37, 0.25, 0.36, 0.36, 0.51, 0.84, 0.56, 0.44, 0.71, 0.16, 0.66, 0.74, 1.0, 0.64, 0.64, 0.21, 0.48, 0.83, 0.0, 0.24, 0.36, 0.83, 0.85, 0.28, 0.35, 0.77, 0.17, 0.17, 0.28, 0.68, 0.38, 0.49, 0.5, 0.62, 0.65, 0.31]"
728,1621517,0.366,0.139,725,2025-02-23 07:23:28.007333,"['32215', '32219', '32222', '32225', '32226', '32239', '32246', '32256', '32265', '32271', '32274', '32276', '32281', '32287', '32288']","[3052, 4033, 3500, 506, 2664, 1359, 5195, 857, 2948, 1077, 712, 4757, 4003, 5918, 4226, 2058, 2943, 4455, 1553, 1176, 4539, 2112, 2050, 4412, 539, 4120, 3706, 5760, 2761, 5844, 5758, 4942, 1612, 5238, 786, 4062]","[0.57, 0.75, 0.72, 0.6, 0.62, 0.0, 0.26, 0.38, 1.0, 0.34, 0.5, 1.0, 0.0, 0.78, 0.4, 0.69, 0.39, 0.5, 0.72, 0.67, 0.38, 0.85, 0.49, 0.75, 0.45, 0.0, 0.38, 0.71, 0.67, 0.71, 0.57, 0.6, 0.0, 0.63, 0.67, 0.45, 0.76, 0.44, 0.39, 0.58, 0.65, 0.62, 0.75, 0.76, 0.8, 0.69, 0.68, 0.48, 0.37, 0.56, 0.52, 1.0, 0.65, 0.72, 0.12, 0.63, 0.66, 1.0, 0.14, 0.25, 0.17, 0.66, 1.0, 0.28, 0.73, 0.41, 0.59, 0.25, 0.76, 0.42, 0.63, 0.38, 0.55, 0.0, 0.75]"
729,1050922,0.356,0.028,725,2025-02-23 07:23:28.126024,"['32218', '32219', '32225', '32226', '32230', '32238', '32240', '32244', '32248', '32273', '32276', '32281', '32283', '32287', '32288']","[3052, 539, 5195, 506, 4003, 835, 3703, 4033, 637, 2847, 117, 5541, 2612, 2378, 2505, 2840, 216, 5045, 712, 4600, 1786, 5614, 3094, 2664, 3285, 2943, 2620, 2050, 3720, 3951, 1268, 5658, 1331, 4723, 4322, 4701]","[0.39, 0.65, 0.74, 0.38, 1.0, 0.75, 0.27, 0.4, 0.34, 0.4, 0.47, 0.0, 0.75, 0.8, 0.37, 0.64, 0.75, 0.49, 0.68, 0.6, 0.35, 0.78, 0.46, 0.73, 0.0, 0.54, 1.0, 0.77, 0.53, 0.57, 1.0, 0.56, 0.44, 0.57, 0.25, 0.43, 0.81, 0.45, 0.37, 0.57, 0.68, 0.65, 0.65, 0.81, 0.71, 0.61, 0.72, 0.53, 0.32, 0.56, 0.49, 0.39, 0.45, 0.76, 0.2, 0.51, 0.5, 0.76, 0.21, 0.0, 0.46, 0.53, 0.67, 0.33, 0.65, 0.4, 0.64, 0.5, 0.77, 0.0, 0.65, 0.37, 0.54, 0.5, 0.5]"
730,940748,0.371,0.25,730,2025-02-23 07:23:28.367091,"['32214', '32217', '32229', '32233', '32252', '32253', '32254', '32256', '32260', '32271', '32274', '32277', '32279', '32284', '32285']","[5385, 2879, 4319, 5237, 2839, 3383, 2744, 2586, 3484, 1204, 5915, 1964, 882, 5326, 4643, 3885, 1020, 5562, 4012, 1761, 3035, 3703, 4554, 3755, 1071, 2011, 2408, 557, 4861, 2499, 1569, 2547, 1788, 2910, 5782, 1596]","[0.25, 0.37, 0.74, 0.0, 0.31, 0.34, 0.17, 0.25, 0.49, 0.66, 0.31, 0.34, 0.63, 0.63, 0.12, 0.0, 0.74, 0.19, 0.55, 0.75, 0.11, 0.62, 0.76, 0.66, 0.22, 0.32, 0.31, 0.59, 0.7, 0.72, 0.34, 0.83, 0.13, 0.81, 0.45, 0.78, 0.7, 0.3, 1.0, 0.0, 0.0, 0.34, 0.0, 0.52, 0.67, 0.39, 1.0, 0.86, 0.09, 0.65, 0.76, 0.26, 0.27, 0.69, 0.46, 0.22, 0.61, 0.0, 0.47, 0.69, 0.17, 0.73, 0.28, 0.0, 0.63, 0.83, 0.37, 0.39, 0.68, 0.45, 1.0, 1.0, 0.59, 0.66, 0.37]"
731,1040933,0.39,0.194,730,2025-02-23 07:23:28.490033,"['32218', '32222', '32224', '32226', '32230', '32238', '32244', '32245', '32248', '32253', '32269', '32273', '32276', '32280', '32288']","[539, 712, 5541, 4033, 835, 5195, 3052, 5216, 4003, 216, 2840, 3263, 4322, 4723, 117, 506, 3703, 2050, 2943, 1098, 3406, 4065, 5614, 3908, 1553, 2664, 2620, 2612, 4520, 1786, 637, 5465, 3090, 1268, 2640, 2761]","[0.39, 0.66, 0.76, 0.35, 1.0, 0.63, 0.27, 0.4, 0.0, 0.38, 1.0, 0.52, 1.0, 0.81, 0.38, 0.64, 1.0, 0.49, 0.68, 0.61, 0.36, 0.8, 0.46, 0.73, 1.0, 0.56, 0.58, 0.79, 0.55, 0.59, 1.0, 1.0, 0.45, 0.55, 1.0, 0.41, 0.81, 0.47, 0.37, 0.25, 0.69, 0.67, 0.67, 0.79, 0.73, 0.63, 0.74, 0.54, 0.35, 0.54, 0.49, 0.4, 0.46, 0.76, 0.17, 0.25, 0.5, 0.79, 0.18, 0.0, 0.45, 0.54, 1.0, 0.32, 0.64, 0.39, 0.17, 0.58, 0.78, 0.45, 0.68, 0.38, 0.52, 0.5, 0.75]"
732,1044361,0.234,0.5,730,2025-02-23 07:23:28.610033,"['32221', '32224', '32228', '32234', '32243', '32248', '32251', '32253', '32262', '32263', '32264', '32266', '32275', '32283', '32286']","[5692, 1164, 5541, 3406, 4322, 5256, 1316, 391, 3310, 4547, 712, 4396, 5402, 3255, 2943, 2339, 3029, 3063, 2640, 3084, 5123, 5700, 2367, 2664, 1787, 3263, 3474, 214, 5460, 1942, 4184, 4000, 3593, 5110, 2761, 889]","[0.35, 0.79, 0.77, 0.32, 0.82, 0.78, 0.34, 0.75, 0.26, 0.24, 0.75, 0.63, 0.35, 0.87, 0.25, 0.73, 0.23, 0.69, 0.75, 0.67, 0.75, 0.86, 0.28, 0.77, 0.72, 0.69, 0.73, 0.87, 0.45, 0.0, 0.8, 0.35, 0.68, 0.38, 0.75, 0.21, 0.85, 0.75, 0.28, 1.0, 0.8, 0.81, 0.79, 0.89, 0.77, 0.75, 0.85, 0.31, 0.25, 0.25, 0.0, 0.5, 1.0, 0.8, 0.08, 0.71, 0.42, 0.9, 0.08, 0.2, 0.41, 0.17, 0.72, 0.23, 0.64, 0.29, 0.76, 0.68, 0.82, 0.25, 0.75, 0.3, 0.75, 0.4, 0.66]"
733,258140,0.32,0.139,730,2025-02-23 07:23:28.729325,"['32228', '32234', '32245', '32246', '32247', '32251', '32253', '32262', '32263', '32264', '32265', '32269', '32270', '32286', '32287']","[3052, 506, 2664, 5541, 2761, 4322, 2840, 2943, 576, 3406, 2847, 5195, 5692, 990, 3285, 5460, 3500, 2756, 4003, 4000, 2620, 3951, 1553, 835, 4033, 4757, 4846, 3263, 712, 1098, 2050, 5614, 539, 2112, 216, 4412]","[0.45, 0.67, 0.75, 0.43, 0.7, 0.62, 0.28, 0.41, 0.37, 0.31, 0.53, 0.54, 0.43, 0.82, 0.25, 0.69, 0.34, 0.55, 0.73, 0.66, 0.0, 0.84, 0.42, 0.75, 0.55, 0.56, 0.55, 0.79, 0.58, 0.63, 0.67, 0.0, 0.75, 0.25, 0.62, 0.34, 0.81, 0.75, 0.35, 0.75, 0.71, 0.7, 0.69, 0.81, 0.79, 0.69, 0.76, 0.44, 0.25, 0.75, 0.25, 0.75, 0.59, 0.75, 0.11, 0.75, 0.75, 0.8, 0.12, 0.25, 0.46, 0.57, 0.58, 0.27, 0.67, 0.36, 0.65, 0.58, 0.78, 0.42, 0.69, 0.36, 0.75, 0.5, 0.57]"
734,1409181,0.283,0.583,730,2025-02-23 07:23:28.848852,"['32222', '32229', '32232', '32233', '32253', '32257', '32268', '32270', '32271', '32273', '32274', '32277', '32280', '32283', '32284']","[2744, 2499, 1020, 882, 3703, 3035, 1761, 3484, 915, 122, 2740, 2821, 5237, 5782, 5884, 5371, 2839, 2408, 2338, 1071, 2586, 277, 3383, 1760, 557, 174, 2570, 1596, 2879, 5236, 1178, 905, 825, 5385, 5730, 3649]","[0.33, 0.4, 0.76, 0.27, 0.29, 0.44, 0.17, 0.25, 0.25, 0.73, 0.27, 0.34, 0.63, 0.64, 0.09, 0.25, 0.78, 0.16, 0.0, 0.0, 0.08, 0.52, 0.76, 0.63, 0.25, 0.35, 0.42, 0.63, 0.62, 0.62, 0.36, 0.84, 0.11, 0.79, 0.33, 0.81, 0.73, 0.28, 0.55, 0.25, 0.43, 0.33, 0.4, 0.75, 0.55, 0.3, 0.48, 0.9, 0.06, 0.67, 0.76, 0.13, 0.14, 0.71, 0.75, 0.13, 0.25, 0.25, 0.61, 1.0, 0.33, 0.66, 0.3, 0.83, 0.55, 0.6, 0.17, 0.42, 0.69, 0.25, 0.25, 0.55, 0.6, 0.65, 0.39]"
735,106910,0.319,0.444,735,2025-02-23 07:23:29.097246,"['32219', '32221', '32242', '32243', '32247', '32248', '32251', '32262', '32263', '32264', '32265', '32270', '32274', '32283', '32286']","[1164, 3063, 4396, 3084, 5256, 2072, 1316, 5402, 3029, 3255, 3474, 4184, 3310, 5065, 342, 3406, 214, 5692, 3330, 1117, 5460, 2498, 2367, 4547, 4257, 4725, 668, 5290, 2640, 4322, 1611, 295, 1196, 3932, 1787, 5027]","[0.36, 0.83, 0.76, 0.33, 0.87, 1.0, 0.33, 0.75, 0.25, 0.21, 0.63, 0.66, 0.34, 0.9, 0.69, 0.76, 0.17, 0.76, 0.79, 0.69, 0.67, 0.9, 0.24, 0.78, 0.78, 0.72, 0.75, 0.89, 0.75, 0.25, 0.84, 0.28, 0.76, 0.25, 1.0, 0.16, 0.87, 1.0, 0.24, 0.8, 0.84, 0.83, 0.84, 0.92, 0.8, 0.82, 0.88, 0.23, 0.75, 0.25, 0.0, 1.0, 0.68, 0.8, 0.05, 0.8, 0.0, 0.92, 0.05, 0.14, 0.17, 0.37, 0.76, 0.19, 0.67, 0.24, 0.82, 0.7, 0.81, 0.25, 0.76, 0.28, 0.5, 0.35, 0.72]"
736,1563630,0.339,0.361,735,2025-02-23 07:23:29.214062,"['32219', '32225', '32226', '32231', '32236', '32239', '32242', '32247', '32248', '32264', '32266', '32269', '32275', '32276', '32283']","[3052, 3703, 539, 4003, 506, 2840, 712, 2050, 5614, 4033, 557, 4723, 3951, 5195, 823, 5658, 238, 1359, 637, 835, 4226, 5782, 2612, 5888, 264, 882, 1553, 5760, 449, 2943, 2753, 3720, 1331, 4732, 5758, 4622]","[0.39, 0.59, 0.75, 0.35, 0.57, 1.0, 0.21, 0.36, 0.35, 0.48, 0.42, 0.0, 0.0, 0.78, 0.28, 0.59, 0.48, 0.25, 0.63, 0.59, 0.27, 0.75, 0.25, 0.72, 0.48, 0.25, 0.53, 0.75, 0.25, 0.6, 0.58, 0.63, 0.33, 1.0, 0.75, 0.5, 0.8, 0.41, 0.43, 0.5, 0.65, 0.55, 0.62, 0.75, 0.7, 0.54, 0.7, 0.64, 0.23, 0.58, 0.75, 0.34, 0.0, 0.75, 0.25, 0.75, 0.51, 0.73, 0.26, 0.49, 0.45, 0.83, 0.83, 0.38, 0.63, 0.43, 0.58, 0.51, 0.72, 0.5, 0.65, 0.42, 0.54, 0.49, 0.49]"
737,790651,0.31,0.083,735,2025-02-23 07:23:29.339601,"['32219', '32225', '32226', '32230', '32231', '32236', '32240', '32264', '32266', '32270', '32276', '32280', '32281', '32287', '32288']","[5195, 835, 216, 2943, 5541, 117, 2620, 4033, 506, 4600, 786, 1268, 3052, 576, 539, 1786, 2840, 391, 2664, 5614, 5692, 3406, 2761, 4322, 1359, 5045, 637, 2378, 734, 3263, 3951, 211, 4539, 2753, 3255, 1098]","[0.37, 0.72, 0.76, 0.33, 0.73, 0.25, 0.26, 0.44, 0.3, 0.35, 0.51, 0.75, 0.75, 0.84, 0.46, 0.67, 0.25, 1.0, 0.7, 0.63, 0.44, 0.82, 0.25, 0.75, 0.63, 0.6, 0.25, 0.83, 0.48, 0.54, 0.72, 0.46, 0.53, 0.48, 0.52, 0.32, 0.83, 0.5, 0.34, 0.64, 0.75, 0.69, 0.73, 0.85, 0.73, 0.67, 0.8, 0.45, 0.42, 0.52, 0.25, 0.43, 0.25, 0.78, 0.14, 0.61, 0.25, 0.84, 0.15, 0.33, 0.43, 0.46, 0.83, 0.29, 0.64, 0.34, 1.0, 0.5, 0.76, 0.47, 0.71, 0.35, 0.51, 0.25, 0.5]"
738,867487,0.328,0.222,735,2025-02-23 07:23:29.457192,"['32217', '32219', '32226', '32228', '32234', '32245', '32246', '32249', '32251', '32263', '32266', '32270', '32280', '32286', '32287']","[576, 3406, 3052, 4000, 5541, 4322, 5614, 2761, 786, 5692, 4033, 506, 5195, 2943, 3263, 2281, 2050, 1273, 5123, 2498, 2756, 4757, 2058, 3285, 2236, 2843, 1786, 4299, 628, 1098, 5597, 4600, 712, 5647, 2847, 4539]","[0.46, 0.69, 0.74, 0.25, 0.74, 0.25, 0.27, 0.43, 0.36, 0.3, 0.54, 0.56, 1.0, 0.84, 0.0, 0.71, 0.29, 0.59, 0.74, 0.67, 0.25, 0.87, 0.39, 0.76, 0.6, 0.57, 0.56, 0.81, 0.55, 0.62, 0.7, 0.0, 1.0, 0.49, 0.61, 0.0, 0.81, 0.75, 0.33, 0.67, 0.74, 0.7, 0.72, 0.84, 0.81, 0.74, 0.8, 0.39, 0.48, 0.0, 0.4, 0.57, 1.0, 0.76, 0.09, 0.7, 0.75, 0.83, 0.1, 0.22, 0.45, 0.52, 0.62, 0.25, 0.69, 0.33, 1.0, 0.58, 0.76, 0.43, 0.69, 0.35, 0.75, 0.0, 0.6]"
739,473011,0.382,0.25,735,2025-02-23 07:23:29.575854,"['32215', '32219', '32224', '32225', '32226', '32231', '32236', '32242', '32245', '32247', '32249', '32255', '32259', '32287', '32288']","[2664, 3052, 5195, 835, 4322, 5460, 3500, 2050, 4033, 4600, 712, 3951, 2840, 2943, 5647, 5654, 2112, 506, 3406, 990, 5758, 216, 4455, 4757, 2640, 3285, 4520, 4539, 3706, 2620, 2761, 4412, 5541, 1612, 3134, 981]","[0.46, 0.75, 0.74, 0.44, 0.71, 0.75, 0.25, 0.42, 0.37, 0.33, 1.0, 0.0, 0.0, 0.83, 0.46, 0.69, 0.32, 0.75, 0.72, 0.66, 0.44, 0.85, 0.25, 0.76, 0.57, 0.55, 0.55, 0.79, 1.0, 0.63, 0.68, 0.25, 0.52, 0.75, 0.6, 0.25, 0.81, 0.49, 0.35, 0.64, 0.72, 0.25, 0.7, 0.83, 0.79, 1.0, 0.78, 0.44, 0.43, 0.53, 0.43, 0.54, 0.59, 0.76, 0.12, 0.66, 0.55, 0.81, 0.12, 0.27, 0.45, 0.54, 0.59, 0.27, 0.68, 0.35, 0.67, 0.56, 0.75, 0.43, 0.68, 0.37, 0.52, 0.25, 0.0]"
740,1309475,0.27,0.444,740,2025-02-23 07:23:29.822115,"['32219', '32224', '32225', '32231', '32242', '32248', '32251', '32261', '32264', '32266', '32269', '32270', '32275', '32286', '32287']","[216, 2943, 539, 506, 3052, 4033, 5195, 4003, 4322, 5541, 1359, 2664, 835, 2761, 712, 2620, 2050, 4600, 5614, 3951, 211, 5692, 889, 2378, 117, 637, 5700, 2753, 3703, 2840, 3406, 4000, 576, 4701, 1553, 990]","[0.4, 0.7, 0.75, 0.35, 0.71, 0.75, 0.26, 0.43, 0.32, 0.35, 0.25, 1.0, 0.44, 0.82, 0.44, 0.67, 0.33, 0.25, 0.69, 0.63, 0.43, 0.82, 0.42, 0.75, 0.58, 0.59, 0.61, 0.81, 0.75, 0.57, 0.69, 0.48, 0.52, 0.5, 1.0, 0.35, 0.83, 0.25, 0.36, 0.64, 0.71, 0.72, 0.7, 0.84, 0.75, 0.66, 0.77, 0.25, 0.4, 0.54, 0.25, 0.44, 0.25, 0.75, 0.14, 1.0, 0.25, 0.8, 0.13, 0.32, 0.43, 0.33, 0.62, 0.29, 0.69, 0.32, 0.71, 0.58, 0.77, 0.47, 0.7, 0.36, 0.5, 0.5, 0.59]"
741,12028,0.275,0.111,740,2025-02-23 07:23:29.946103,"['32214', '32219', '32221', '32225', '32228', '32242', '32243', '32251', '32263', '32264', '32265', '32270', '32274', '32275', '32286']","[2498, 1316, 5065, 4396, 3084, 4547, 5692, 1611, 5460, 342, 5256, 2664, 2367, 1932, 4322, 4184, 1164, 114, 4757, 981, 4257, 3406, 3310, 1098, 5402, 1176, 2465, 3593, 2761, 3474, 3029, 5594, 2112, 2281, 2843, 49]","[0.75, 0.8, 0.75, 0.43, 0.85, 1.0, 0.33, 1.0, 0.3, 0.19, 0.63, 1.0, 0.35, 0.88, 0.75, 0.77, 0.18, 0.74, 0.78, 0.72, 0.65, 0.91, 0.26, 0.79, 0.71, 0.69, 0.68, 0.87, 1.0, 0.25, 0.8, 0.29, 0.75, 0.38, 0.68, 0.18, 0.86, 1.0, 0.26, 0.78, 0.8, 0.84, 0.8, 0.9, 0.83, 0.82, 0.86, 0.23, 0.69, 0.0, 0.0, 1.0, 0.73, 0.76, 0.04, 0.81, 0.75, 0.89, 0.04, 0.11, 0.67, 0.17, 0.71, 0.18, 0.74, 0.23, 0.8, 0.66, 0.82, 0.42, 0.76, 0.28, 0.5, 0.39, 0.68]"
742,605598,0.352,0.194,740,2025-02-23 07:23:30.064152,"['32219', '32225', '32226', '32236', '32242', '32249', '32253', '32261', '32264', '32265', '32269', '32274', '32276', '32281', '32288']","[3052, 4003, 5195, 4226, 4600, 5758, 3720, 3285, 506, 449, 4033, 2316, 3094, 3900, 5760, 2050, 2664, 1176, 4455, 2761, 539, 3703, 3500, 3326, 5264, 4825, 4846, 712, 1359, 990, 1331, 814, 2943, 4322, 5675, 1553]","[0.58, 0.54, 0.72, 0.55, 0.58, 1.0, 0.22, 0.35, 0.46, 0.38, 0.48, 0.25, 0.75, 0.75, 0.33, 0.66, 0.44, 0.39, 0.69, 0.66, 0.33, 0.83, 1.0, 0.74, 0.38, 0.45, 0.37, 0.7, 1.0, 0.74, 0.54, 0.63, 0.38, 0.66, 0.63, 0.0, 0.76, 0.43, 0.42, 0.75, 0.61, 0.58, 0.58, 0.73, 0.82, 0.65, 0.67, 1.0, 0.31, 0.58, 1.0, 1.0, 0.61, 0.69, 0.13, 1.0, 0.65, 0.66, 0.13, 0.29, 0.0, 0.69, 0.17, 0.3, 0.75, 0.39, 0.6, 0.75, 0.72, 0.42, 0.62, 0.41, 0.55, 0.56, 0.5]"
743,233143,0.301,0.056,740,2025-02-23 07:23:30.178966,"['32219', '32221', '32225', '32236', '32242', '32243', '32246', '32248', '32263', '32265', '32266', '32270', '32281', '32283', '32286']","[1164, 2498, 3406, 4396, 5541, 5692, 3063, 3084, 1316, 4322, 3310, 5256, 3593, 4547, 216, 391, 5460, 2640, 2420, 3029, 5402, 2668, 214, 3474, 4000, 1611, 1117, 2367, 835, 3255, 1242, 5065, 1293, 2620, 1196, 5208]","[0.38, 0.81, 0.77, 0.31, 0.84, 1.0, 0.32, 1.0, 0.25, 0.24, 0.6, 0.25, 0.35, 0.88, 0.63, 0.74, 0.2, 0.72, 0.75, 0.67, 0.61, 0.88, 0.0, 0.78, 0.73, 0.7, 0.75, 0.88, 1.0, 0.0, 0.8, 0.31, 1.0, 0.36, 1.0, 0.2, 0.87, 0.58, 0.28, 0.76, 0.8, 0.84, 0.8, 0.9, 0.77, 0.76, 0.86, 0.28, 0.62, 0.25, 0.3, 0.25, 1.0, 0.78, 0.07, 0.73, 0.25, 0.89, 0.07, 0.19, 0.42, 0.4, 0.73, 0.22, 0.69, 0.24, 0.8, 0.75, 0.82, 0.25, 0.76, 0.29, 0.75, 0.38, 0.68]"
744,494053,0.303,0.056,740,2025-02-23 07:23:30.293681,"['32219', '32221', '32228', '32242', '32243', '32246', '32248', '32251', '32263', '32265', '32266', '32270', '32275', '32283', '32286']","[2664, 712, 2943, 5541, 4322, 3500, 3052, 2050, 1098, 835, 2640, 3255, 2498, 3406, 2840, 5460, 3285, 2761, 576, 5256, 2843, 1176, 5692, 216, 4000, 2112, 3263, 4412, 4161, 3474, 5654, 4757, 2058, 5594, 5614, 5195]","[0.46, 0.74, 0.75, 0.4, 0.78, 1.0, 0.29, 0.25, 0.32, 0.26, 0.57, 0.58, 0.4, 0.85, 0.75, 0.73, 0.25, 0.64, 0.74, 0.68, 0.54, 0.87, 0.34, 0.77, 0.64, 0.63, 0.63, 0.84, 0.25, 1.0, 0.74, 0.39, 0.75, 0.45, 1.0, 0.26, 0.84, 0.75, 0.31, 0.71, 0.76, 0.78, 0.75, 0.87, 0.8, 0.75, 0.81, 0.34, 0.55, 0.25, 0.37, 0.75, 0.25, 0.75, 0.08, 0.72, 0.75, 0.84, 0.08, 0.2, 0.45, 0.33, 0.66, 0.23, 0.72, 0.28, 0.75, 0.61, 0.79, 0.25, 0.72, 0.32, 0.25, 0.43, 0.63]"
745,1087557,0.314,0.056,745,2025-02-23 07:23:30.541443,"['32221', '32242', '32243', '32246', '32248', '32253', '32263', '32264', '32265', '32266', '32270', '32274', '32275', '32283', '32286']","[5692, 1164, 5459, 4396, 4000, 3406, 2668, 5402, 4547, 5256, 1893, 2943, 1316, 2498, 214, 3255, 3228, 3263, 3273, 2339, 3330, 391, 3063, 1293, 3310, 5801, 1268, 2270, 2640, 3572, 2072, 342, 1942, 5744, 4459, 3084]","[0.34, 0.82, 0.77, 0.32, 0.85, 0.81, 0.35, 1.0, 0.24, 0.2, 0.62, 0.65, 0.33, 0.88, 0.64, 0.75, 0.19, 0.74, 0.76, 0.68, 0.63, 0.88, 0.23, 0.78, 0.78, 0.74, 0.75, 0.89, 0.0, 0.75, 0.85, 0.27, 1.0, 0.35, 1.0, 0.17, 0.87, 0.6, 0.26, 1.0, 0.82, 0.85, 0.81, 0.92, 0.79, 0.8, 0.88, 0.27, 0.65, 0.0, 0.25, 1.0, 0.25, 0.79, 0.07, 0.78, 0.0, 0.92, 0.07, 0.18, 1.0, 0.0, 0.75, 0.2, 0.69, 0.25, 0.83, 0.7, 0.81, 0.5, 0.76, 0.28, 0.5, 0.35, 0.68]"
746,71297,0.481,0.389,745,2025-02-23 07:23:30.666137,"['32227', '32229', '32232', '32233', '32235', '32241', '32248', '32253', '32254', '32256', '32266', '32268', '32274', '32283', '32284']","[1585, 1569, 5915, 5326, 3128, 4554, 1596, 4927, 905, 1178, 2707, 1964, 4438, 5562, 3349, 2011, 308, 2839, 2260, 4643, 5884, 3898, 5114, 3484, 1204, 2273, 3025, 5297, 2338, 5192, 3974, 1994, 4156, 5385, 1497, 2879]","[0.56, 0.18, 0.71, 0.54, 0.14, 0.17, 0.12, 0.18, 0.58, 0.8, 0.22, 0.28, 0.73, 0.0, 0.04, 0.0, 0.87, 0.07, 0.0, 1.0, 0.05, 0.25, 0.85, 0.63, 0.09, 0.18, 0.14, 0.0, 0.79, 0.8, 0.17, 0.94, 0.06, 0.91, 1.0, 0.9, 0.62, 0.21, 0.67, 0.0, 0.0, 0.19, 0.25, 0.32, 0.71, 0.24, 0.29, 0.94, 0.03, 0.72, 0.87, 0.24, 0.0, 0.64, 1.0, 0.14, 0.71, 0.21, 0.68, 0.85, 0.0, 0.86, 0.19, 0.58, 0.66, 0.66, 0.23, 0.24, 0.56, 1.0, 0.0, 0.63, 0.63, 0.72, 0.23]"
747,817317,0.363,0.111,745,2025-02-23 07:23:30.787052,"['32222', '32232', '32233', '32248', '32253', '32256', '32257', '32260', '32268', '32272', '32274', '32277', '32279', '32280', '32283']","[5915, 5326, 905, 5385, 1204, 4861, 5562, 2338, 1569, 1596, 3128, 4319, 1585, 308, 4554, 2707, 5114, 3349, 2011, 1007, 2910, 4927, 1156, 846, 1502, 3115, 1788, 1178, 2879, 3974, 1497, 277, 1964, 2334, 3898, 2273]","[0.54, 0.23, 0.72, 0.52, 0.2, 0.22, 0.13, 0.21, 0.0, 0.74, 0.26, 0.32, 0.69, 0.55, 0.06, 0.44, 0.81, 0.11, 0.75, 0.75, 0.07, 0.58, 0.8, 0.65, 0.13, 0.22, 0.18, 0.46, 0.76, 0.78, 0.23, 0.91, 0.09, 0.88, 0.75, 0.86, 0.66, 0.25, 0.62, 0.0, 0.33, 0.25, 0.0, 0.0, 0.72, 0.3, 0.0, 0.91, 0.04, 0.69, 0.83, 0.27, 0.26, 0.66, 1.0, 0.19, 0.68, 0.29, 1.0, 0.78, 0.0, 0.82, 0.23, 0.0, 0.66, 0.67, 0.17, 0.28, 0.6, 0.5, 0.47, 0.59, 0.61, 0.69, 0.27]"
748,1319279,0.286,0.278,745,2025-02-23 07:23:30.900944,"['32214', '32217', '32218', '32221', '32228', '32240', '32244', '32246', '32248', '32253', '32263', '32274', '32275', '32276', '32286']","[4322, 2664, 2058, 2498, 1316, 5594, 1932, 5003, 1176, 5692, 4412, 2943, 3961, 5844, 5647, 4757, 3500, 1098, 5541, 2281, 5065, 981, 5248, 712, 4539, 2112, 2843, 5460, 342, 2465, 49, 1822, 3706, 114, 145, 4184]","[1.0, 0.69, 0.73, 0.75, 1.0, 0.62, 0.3, 0.0, 0.39, 0.21, 0.61, 0.57, 0.41, 0.85, 1.0, 0.76, 0.23, 0.66, 0.77, 0.73, 0.55, 0.9, 0.33, 0.78, 0.61, 0.61, 1.0, 0.82, 0.59, 0.7, 0.75, 0.4, 1.0, 0.5, 1.0, 0.24, 0.81, 0.55, 0.32, 0.25, 0.74, 0.78, 0.73, 0.87, 0.87, 0.81, 0.81, 0.29, 0.6, 0.0, 0.37, 0.72, 0.77, 0.73, 0.06, 0.8, 0.62, 0.85, 0.06, 0.14, 1.0, 1.0, 1.0, 0.18, 0.76, 0.28, 0.74, 0.59, 0.77, 0.41, 0.69, 0.33, 0.5, 0.45, 0.62]"
749,444276,0.246,0.083,745,2025-02-23 07:23:31.019080,"['32217', '32221', '32242', '32243', '32247', '32248', '32251', '32253', '32263', '32265', '32266', '32270', '32274', '32283', '32286']","[1164, 3029, 3255, 4396, 3063, 5402, 3310, 3330, 2044, 5256, 1196, 1316, 3474, 3084, 1183, 214, 3273, 5747, 4444, 1117, 5609, 2980, 5692, 3786, 4547, 3376, 3932, 3406, 5208, 756, 5134, 216, 535, 2367, 2298, 2253]","[0.32, 0.84, 0.77, 0.0, 0.87, 0.84, 0.37, 0.75, 0.22, 0.19, 0.64, 0.67, 0.31, 0.89, 0.68, 0.76, 0.17, 0.76, 0.77, 0.69, 0.66, 0.88, 0.2, 0.78, 0.81, 0.76, 0.78, 0.9, 0.75, 0.0, 0.87, 0.24, 0.78, 0.0, 0.75, 0.15, 0.87, 0.75, 0.25, 1.0, 0.83, 0.86, 0.83, 0.93, 0.79, 0.82, 0.89, 0.24, 0.69, 0.0, 0.25, 0.75, 1.0, 0.8, 0.06, 0.8, 0.25, 0.93, 0.06, 0.17, 0.0, 0.35, 0.77, 0.19, 0.69, 0.23, 0.84, 0.72, 0.81, 0.25, 0.77, 0.27, 0.25, 0.33, 0.7]"
750,135110,0.398,0.25,750,2025-02-23 07:23:31.261583,"['32217', '32218', '32223', '32228', '32230', '32231', '32248', '32251', '32254', '32259', '32264', '32265', '32276', '32286', '32287']","[5460, 342, 2761, 4322, 2664, 3255, 1316, 5065, 4184, 2843, 5692, 295, 216, 5402, 5594, 3084, 981, 1164, 4520, 1787, 712, 3151, 3706, 5256, 4757, 2498, 114, 1666, 3310, 3248, 1098, 3474, 2943, 835, 4951, 1611]","[0.44, 0.75, 0.76, 0.0, 0.0, 0.72, 0.3, 0.46, 0.3, 0.25, 0.59, 0.62, 0.39, 0.87, 1.0, 0.73, 0.75, 1.0, 0.76, 0.69, 0.55, 0.89, 0.31, 0.78, 0.67, 0.65, 0.65, 0.84, 0.52, 0.55, 0.75, 0.37, 0.66, 0.44, 1.0, 0.25, 0.83, 1.0, 0.33, 0.72, 1.0, 0.8, 0.77, 0.86, 0.8, 1.0, 0.83, 0.31, 0.55, 0.48, 0.0, 1.0, 0.66, 0.76, 0.06, 0.74, 0.5, 0.87, 0.07, 0.16, 0.45, 0.47, 0.83, 0.21, 0.69, 0.28, 0.75, 0.61, 0.77, 0.43, 0.75, 0.32, 0.75, 0.25, 0.6]"
751,652471,0.193,0.194,750,2025-02-23 07:23:31.380682,"['32221', '32224', '32228', '32230', '32231', '32248', '32251', '32262', '32263', '32264', '32265', '32266', '32278', '32283', '32286']","[1164, 3255, 734, 3063, 2072, 5157, 206, 4725, 3572, 4459, 1787, 2715, 5609, 3829, 5402, 2668, 4500, 806, 756, 2253, 4396, 4696, 1268, 535, 5801, 2420, 5459, 1480, 5256, 3310, 668, 2980, 3188, 4807, 391, 3593]","[0.18, 0.88, 0.81, 0.16, 0.89, 0.9, 0.36, 0.75, 0.14, 0.22, 0.75, 0.72, 0.3, 0.92, 1.0, 0.73, 0.0, 1.0, 0.74, 0.61, 0.64, 0.85, 0.2, 0.77, 0.84, 0.8, 0.87, 0.92, 0.3, 0.31, 0.88, 0.23, 0.78, 0.25, 0.75, 0.15, 0.89, 0.75, 0.27, 0.79, 0.86, 0.88, 0.87, 0.92, 0.67, 0.75, 0.89, 0.28, 0.75, 0.25, 0.0, 0.0, 0.0, 0.82, 0.08, 0.7, 0.26, 0.94, 0.08, 0.25, 0.37, 0.25, 0.82, 0.23, 0.83, 0.23, 0.86, 0.75, 0.81, 0.75, 0.83, 0.25, 0.0, 0.32, 0.72]"
752,839256,0.323,0.389,750,2025-02-23 07:23:31.495742,"['32214', '32217', '32221', '32230', '32234', '32242', '32243', '32246', '32247', '32251', '32263', '32266', '32270', '32274', '32286']","[2498, 5256, 4184, 1316, 5692, 2761, 3084, 2664, 1164, 712, 342, 3255, 3474, 981, 3310, 5065, 114, 3406, 4322, 5460, 2943, 3593, 1098, 1176, 2640, 4396, 1787, 5402, 5594, 3263, 3029, 4000, 3248, 1538, 295, 1932]","[0.25, 0.79, 0.76, 0.0, 0.83, 0.75, 0.32, 1.0, 0.28, 0.2, 0.61, 0.65, 0.37, 0.88, 0.64, 0.74, 0.0, 0.71, 0.78, 0.7, 1.0, 0.9, 0.27, 0.79, 0.71, 0.69, 0.68, 0.86, 0.75, 0.75, 0.78, 0.33, 0.75, 0.25, 0.65, 0.21, 0.84, 0.75, 0.31, 0.75, 0.8, 0.83, 0.8, 0.88, 0.81, 0.8, 0.85, 0.27, 0.61, 0.0, 0.32, 0.64, 1.0, 0.77, 0.05, 0.77, 1.0, 0.89, 0.06, 0.14, 0.67, 0.44, 0.71, 0.19, 0.69, 0.26, 0.78, 0.64, 0.78, 0.42, 0.76, 0.3, 0.5, 0.4, 0.63]"
753,471894,0.318,0.194,750,2025-02-23 07:23:31.609994,"['32214', '32218', '32225', '32226', '32230', '32244', '32249', '32252', '32255', '32259', '32266', '32273', '32274', '32276', '32287']","[3052, 4003, 4226, 5195, 506, 3720, 4033, 2943, 5899, 1359, 539, 1553, 4846, 3094, 712, 480, 4723, 2664, 1176, 2058, 2948, 1249, 5760, 2840, 2378, 3285, 2761, 576, 1786, 637, 5675, 3326, 4600, 814, 5541, 4954]","[0.75, 0.56, 0.73, 0.52, 1.0, 0.49, 0.22, 0.34, 0.42, 0.37, 0.48, 0.75, 0.75, 0.78, 0.35, 0.65, 1.0, 0.43, 0.7, 0.65, 0.33, 0.84, 0.51, 0.75, 0.44, 0.47, 0.42, 0.72, 0.65, 0.67, 1.0, 0.6, 0.4, 0.64, 0.62, 0.75, 0.76, 0.44, 0.75, 0.54, 0.64, 0.75, 0.62, 0.73, 0.79, 0.75, 0.69, 0.53, 0.3, 0.56, 0.54, 0.56, 0.75, 0.71, 0.14, 0.59, 0.62, 0.69, 0.15, 0.25, 0.83, 0.64, 0.83, 0.3, 0.7, 0.39, 0.6, 0.48, 0.7, 0.41, 0.65, 0.4, 0.54, 1.0, 0.46]"
754,1028009,0.335,0.111,750,2025-02-23 07:23:31.726820,"['32224', '32225', '32228', '32230', '32240', '32243', '32245', '32246', '32251', '32261', '32263', '32264', '32266', '32283', '32286']","[835, 3951, 2840, 539, 2612, 2420, 117, 5045, 391, 734, 216, 3574, 1268, 3052, 5614, 5541, 506, 4322, 2753, 4065, 2050, 3406, 3703, 889, 3593, 5195, 3561, 5535, 5658, 712, 4723, 5465, 545, 4000, 2847, 1838]","[0.19, 0.76, 0.8, 0.17, 0.73, 0.8, 0.26, 0.43, 0.19, 0.42, 1.0, 0.25, 0.43, 0.85, 0.25, 0.61, 0.0, 0.49, 0.64, 0.51, 0.36, 0.72, 0.39, 0.72, 0.67, 0.65, 1.0, 0.84, 0.39, 0.0, 0.74, 0.0, 1.0, 0.43, 0.37, 0.38, 0.85, 0.0, 0.38, 0.6, 0.74, 0.74, 0.75, 0.82, 0.6, 0.56, 0.78, 1.0, 0.29, 0.75, 0.75, 0.21, 0.0, 0.79, 0.25, 0.46, 0.32, 0.84, 0.24, 0.53, 0.4, 0.38, 0.68, 0.38, 0.58, 0.35, 0.74, 0.64, 0.75, 1.0, 0.76, 0.33, 1.0, 0.42, 0.58]"
755,1372423,0.41,0.167,755,2025-02-23 07:23:31.976025,"['32215', '32225', '32226', '32231', '32236', '32240', '32253', '32259', '32264', '32275', '32279', '32281', '32283', '32287', '32288']","[3703, 539, 557, 5658, 882, 4723, 2612, 2744, 5782, 2840, 3052, 2740, 506, 3741, 117, 4535, 4732, 5236, 2586, 637, 835, 823, 4065, 2378, 3035, 4003, 2499, 5888, 2289, 825, 5855, 4226, 4701, 5195, 2096, 3951]","[0.32, 1.0, 0.74, 0.28, 0.49, 0.54, 0.19, 0.33, 0.33, 0.55, 0.39, 0.25, 0.0, 0.76, 0.19, 0.54, 0.56, 0.0, 0.57, 0.54, 0.2, 0.66, 1.0, 0.68, 0.44, 0.45, 1.0, 0.72, 0.53, 0.57, 0.53, 0.71, 0.26, 0.65, 0.42, 0.61, 0.8, 0.38, 0.44, 0.0, 0.56, 0.51, 0.58, 0.7, 0.61, 0.0, 0.63, 0.73, 0.17, 0.63, 1.0, 0.23, 0.25, 0.75, 0.42, 0.29, 0.48, 0.63, 0.41, 0.64, 0.43, 0.67, 0.48, 0.44, 0.63, 0.0, 0.56, 0.75, 0.68, 0.5, 0.62, 0.47, 0.55, 0.75, 0.75]"
756,1503708,0.331,0.167,755,2025-02-23 07:23:32.094479,"['32214', '32215', '32217', '32219', '32225', '32230', '32236', '32238', '32249', '32253', '32269', '32274', '32276', '32281', '32288']","[539, 3703, 3052, 5195, 506, 882, 4723, 4033, 2840, 4226, 637, 4003, 216, 823, 5658, 2612, 5782, 4065, 2744, 117, 3285, 2586, 2948, 835, 4600, 5760, 1553, 2378, 4701, 889, 2050, 557, 1359, 2379, 712, 5758]","[1.0, 1.0, 0.72, 0.0, 0.56, 0.75, 0.21, 0.35, 0.37, 0.46, 0.43, 0.75, 0.52, 0.77, 0.26, 0.59, 0.0, 0.39, 0.64, 0.6, 0.27, 0.75, 1.0, 0.72, 0.0, 0.47, 0.48, 0.74, 0.58, 0.64, 0.57, 0.65, 0.34, 0.63, 0.52, 0.75, 0.79, 0.42, 0.41, 0.75, 0.6, 0.57, 0.61, 0.74, 0.7, 0.56, 0.67, 0.63, 0.24, 0.6, 0.56, 0.37, 0.39, 0.74, 0.27, 0.25, 0.54, 0.67, 0.26, 0.47, 0.0, 0.6, 0.17, 0.36, 0.67, 0.44, 0.59, 0.75, 0.7, 0.48, 0.62, 0.44, 0.54, 0.5, 0.5]"
757,985646,0.283,0.139,755,2025-02-23 07:23:32.211287,"['32214', '32221', '32225', '32226', '32242', '32245', '32251', '32262', '32263', '32264', '32265', '32269', '32275', '32286', '32288']","[2761, 4184, 5065, 5692, 2664, 1098, 795, 2112, 4757, 5460, 3151, 342, 4161, 2281, 3500, 2943, 4322, 981, 712, 1932, 3263, 3406, 3474, 5594, 2494, 2843, 2189, 4412, 3593, 2498, 4257, 5238, 1176, 1316, 2620, 576]","[0.25, 0.72, 0.71, 0.47, 0.81, 0.67, 0.31, 0.75, 0.35, 0.22, 0.59, 1.0, 0.75, 0.85, 0.59, 0.74, 0.21, 0.68, 0.78, 0.73, 0.58, 0.89, 0.28, 0.79, 0.66, 0.64, 0.59, 0.84, 1.0, 0.63, 0.76, 0.75, 0.68, 0.44, 0.68, 0.24, 0.83, 0.75, 0.3, 0.74, 0.76, 0.79, 0.77, 0.87, 0.82, 0.8, 0.83, 0.28, 1.0, 0.25, 0.0, 1.0, 0.72, 0.77, 0.06, 1.0, 0.56, 0.85, 0.06, 0.13, 0.47, 0.5, 0.67, 0.2, 0.72, 0.29, 0.75, 0.62, 0.76, 0.42, 0.71, 0.32, 0.5, 0.42, 0.75]"
758,475769,0.357,0.111,755,2025-02-23 07:23:32.329226,"['32214', '32215', '32218', '32225', '32230', '32244', '32253', '32254', '32255', '32256', '32265', '32274', '32279', '32280', '32288']","[3052, 4226, 3720, 4003, 5760, 3326, 5195, 2586, 4062, 4954, 4120, 4953, 3158, 4846, 3266, 5758, 5899, 1553, 4119, 1822, 930, 4600, 814, 2776, 5555, 4455, 2316, 5918, 2378, 637, 3703, 1331, 2948, 4557, 2111, 1359]","[0.75, 0.25, 0.68, 0.64, 0.75, 0.33, 0.2, 0.3, 0.54, 0.41, 0.43, 0.25, 0.55, 0.7, 0.26, 0.63, 0.75, 0.37, 0.69, 0.68, 0.27, 0.82, 0.58, 0.74, 0.32, 0.37, 0.26, 0.64, 0.73, 0.8, 0.25, 0.7, 0.31, 0.72, 0.66, 0.6, 0.73, 0.41, 0.46, 0.25, 1.0, 0.25, 0.75, 0.66, 0.82, 0.64, 0.61, 0.6, 0.25, 0.6, 0.63, 1.0, 0.61, 0.69, 0.17, 0.55, 0.73, 0.55, 0.17, 0.31, 0.83, 0.74, 0.38, 0.3, 0.74, 0.17, 0.67, 0.4, 0.67, 0.41, 0.56, 0.47, 0.57, 0.59, 0.5]"
759,20276,0.229,0.472,755,2025-02-23 07:23:32.446130,"['32220', '32221', '32242', '32243', '32247', '32248', '32251', '32263', '32265', '32269', '32270', '32274', '32283', '32286', '32288']","[1164, 5402, 5256, 214, 3063, 3273, 3786, 2298, 3330, 2019, 4547, 67, 4396, 3255, 2044, 5290, 535, 3095, 756, 1293, 3932, 5134, 2253, 1893, 4444, 3376, 5127, 3608, 1898, 3113, 3188, 3161, 3572, 1183, 3214, 4504]","[0.3, 0.86, 0.75, 0.25, 0.92, 0.88, 1.0, 1.0, 0.19, 0.16, 0.66, 0.74, 0.29, 0.92, 0.75, 0.77, 0.12, 0.81, 0.8, 0.71, 0.73, 0.9, 0.15, 0.8, 0.85, 0.8, 0.84, 0.92, 0.0, 0.25, 0.89, 0.2, 0.84, 0.0, 0.75, 0.11, 0.89, 0.75, 0.21, 0.84, 0.86, 0.89, 0.88, 0.94, 0.76, 0.84, 0.91, 0.18, 0.76, 0.0, 0.19, 1.0, 0.67, 0.82, 0.05, 1.0, 0.25, 0.94, 0.04, 0.12, 0.17, 0.29, 0.83, 0.19, 0.67, 0.2, 0.86, 0.76, 0.81, 0.75, 0.79, 0.24, 0.25, 0.29, 1.0]"
760,1309791,0.336,0.389,760,2025-02-23 07:23:32.693111,"['32214', '32217', '32221', '32225', '32228', '32240', '32247', '32251', '32253', '32261', '32263', '32274', '32275', '32281', '32286']","[5692, 1316, 4757, 4547, 5065, 2664, 795, 2498, 2756, 981, 1932, 3706, 342, 2281, 1538, 4396, 4412, 1098, 5460, 5003, 2112, 4184, 3500, 1919, 5121, 2494, 114, 3406, 4322, 2058, 1242, 5594, 5208, 3749, 3285, 2640]","[1.0, 0.76, 0.73, 1.0, 0.83, 0.69, 0.33, 0.75, 0.35, 0.18, 0.63, 0.75, 0.38, 0.88, 0.75, 0.79, 0.19, 0.73, 0.8, 0.74, 0.66, 0.92, 0.26, 0.81, 0.67, 0.66, 1.0, 0.84, 0.56, 0.64, 0.78, 0.35, 0.71, 0.0, 0.73, 0.2, 0.81, 1.0, 0.29, 1.0, 0.79, 0.82, 0.77, 0.89, 0.87, 0.83, 0.82, 0.0, 0.68, 0.0, 0.3, 0.76, 0.79, 0.76, 0.04, 0.83, 0.59, 0.87, 0.05, 0.09, 0.83, 0.83, 0.69, 0.19, 0.75, 0.27, 0.77, 0.5, 0.81, 0.37, 0.72, 0.29, 0.75, 0.42, 0.67]"
761,472964,0.181,0.25,760,2025-02-23 07:23:32.811990,"['32221', '32234', '32242', '32243', '32248', '32251', '32263', '32264', '32265', '32266', '32270', '32274', '32281', '32283', '32286']","[1164, 5256, 3063, 5402, 3273, 3310, 214, 3255, 1117, 1787, 4396, 668, 3376, 3029, 2072, 2044, 3330, 5747, 5290, 4444, 5134, 4725, 535, 4807, 1183, 5609, 3932, 4504, 2253, 342, 1926, 3084, 3113, 4459, 2019, 133]","[0.32, 0.87, 0.77, 0.28, 0.89, 0.86, 0.38, 0.75, 0.2, 0.17, 0.66, 0.69, 0.31, 0.91, 0.73, 0.78, 0.15, 0.8, 0.78, 0.69, 1.0, 0.9, 0.18, 0.8, 0.82, 0.78, 0.83, 0.91, 0.25, 0.0, 0.87, 0.24, 0.79, 0.26, 0.75, 0.13, 0.87, 0.75, 0.24, 0.82, 0.86, 0.88, 0.85, 0.93, 0.78, 0.82, 0.89, 0.19, 0.74, 0.25, 0.0, 0.75, 1.0, 0.82, 0.04, 0.8, 0.25, 0.93, 0.06, 0.13, 0.17, 0.32, 0.8, 0.21, 0.66, 0.23, 0.85, 1.0, 0.84, 0.5, 0.79, 0.25, 0.5, 0.33, 0.73]"
762,999065,0.321,0.389,760,2025-02-23 07:23:32.929921,"['32214', '32218', '32222', '32226', '32230', '32244', '32249', '32253', '32256', '32264', '32269', '32274', '32280', '32281', '32288']","[3052, 4226, 5195, 3720, 5760, 4119, 3326, 4846, 4600, 4954, 4953, 4723, 5899, 2378, 1359, 1331, 637, 4003, 4338, 539, 4033, 4062, 2050, 3703, 3266, 506, 5918, 4319, 3863, 3285, 480, 1553, 3053, 449, 2948, 616]","[0.75, 0.44, 0.71, 0.58, 1.0, 0.39, 0.21, 0.32, 0.25, 0.43, 0.44, 0.41, 1.0, 0.73, 0.25, 0.63, 0.25, 0.37, 0.66, 0.66, 0.29, 0.81, 0.59, 0.75, 0.33, 0.4, 0.31, 0.64, 0.7, 0.75, 0.25, 0.69, 0.31, 0.72, 0.63, 0.75, 0.72, 0.4, 0.45, 0.25, 0.56, 0.54, 0.25, 0.69, 0.81, 0.61, 0.58, 0.61, 0.23, 0.59, 0.75, 0.57, 0.58, 0.7, 0.18, 0.75, 0.69, 0.59, 0.19, 0.36, 1.0, 0.72, 0.41, 0.35, 0.73, 0.45, 0.83, 0.25, 0.72, 0.38, 0.59, 0.44, 0.58, 0.59, 0.75]"
763,136444,0.378,0.194,760,2025-02-23 07:23:33.045201,"['32224', '32225', '32226', '32231', '32243', '32246', '32248', '32251', '32253', '32263', '32264', '32265', '32281', '32286', '32287']","[539, 835, 216, 5535, 2753, 506, 2840, 391, 3052, 3951, 3474, 2761, 4000, 188, 3263, 117, 5541, 5614, 734, 2943, 1273, 4322, 3063, 5906, 3255, 5313, 668, 1164, 5692, 5460, 4161, 576, 2072, 5402, 1553, 4520]","[0.29, 0.75, 0.77, 0.25, 0.75, 0.77, 0.29, 0.47, 0.24, 0.33, 0.25, 1.0, 0.0, 0.85, 0.45, 0.66, 0.31, 0.0, 0.68, 0.61, 0.46, 0.8, 0.34, 0.75, 0.68, 0.66, 0.73, 0.85, 0.43, 0.25, 0.75, 0.44, 1.0, 0.43, 1.0, 0.32, 0.84, 1.0, 0.33, 1.0, 0.76, 0.77, 0.74, 0.86, 0.68, 0.64, 0.8, 0.46, 0.43, 1.0, 0.0, 0.0, 0.42, 0.8, 0.15, 0.55, 0.38, 0.85, 0.17, 0.37, 0.41, 0.41, 0.67, 0.34, 0.61, 0.34, 0.74, 0.75, 0.8, 0.49, 0.73, 0.33, 1.0, 0.75, 0.61]"
764,1193455,0.325,0.222,760,2025-02-23 07:23:33.161889,"['32214', '32221', '32226', '32231', '32242', '32243', '32263', '32265', '32266', '32270', '32274', '32275', '32281', '32283', '32286']","[5692, 2498, 4547, 981, 214, 3406, 67, 1942, 1316, 1164, 3330, 5402, 1293, 5256, 3255, 4396, 2668, 342, 4000, 114, 1893, 3029, 5110, 2943, 2465, 2664, 5801, 1098, 49, 5460, 3084, 5594, 5065, 5248, 1919, 5121]","[1.0, 0.81, 0.75, 0.44, 0.86, 0.77, 0.35, 1.0, 0.29, 0.17, 0.65, 0.64, 0.0, 0.89, 0.69, 0.79, 0.17, 1.0, 0.8, 0.72, 0.69, 0.92, 0.23, 0.81, 0.74, 0.71, 0.7, 0.87, 0.0, 1.0, 0.82, 0.3, 0.75, 0.35, 0.69, 0.17, 0.84, 0.61, 0.26, 0.79, 0.82, 0.85, 0.81, 0.91, 0.84, 0.83, 0.85, 0.2, 0.71, 0.0, 0.26, 1.0, 1.0, 0.79, 0.04, 0.83, 0.0, 0.9, 0.05, 0.1, 0.83, 0.0, 0.73, 0.19, 0.72, 0.25, 0.81, 0.75, 0.82, 0.0, 0.75, 0.27, 0.5, 0.39, 0.7]"
765,1166934,0.317,0.5,765,2025-02-23 07:23:33.416823,"['32233', '32236', '32244', '32248', '32253', '32264', '32266', '32271', '32272', '32274', '32277', '32280', '32283', '32287', '32288']","[3703, 882, 5385, 3383, 2839, 2740, 2499, 122, 2744, 557, 5782, 2338, 3035, 5237, 1761, 1760, 1596, 174, 4554, 5915, 1020, 3054, 4723, 2821, 3885, 1007, 2011, 2586, 5326, 4226, 2879, 825, 5884, 3484, 915, 1072]","[0.4, 0.39, 0.74, 0.36, 0.3, 0.36, 0.16, 0.26, 0.47, 0.68, 0.33, 0.37, 0.62, 0.62, 0.1, 0.48, 0.69, 0.17, 0.54, 0.75, 0.1, 0.59, 0.25, 0.66, 0.26, 0.33, 0.35, 0.57, 0.66, 0.69, 0.25, 0.81, 0.14, 0.8, 0.25, 0.8, 0.71, 0.29, 0.55, 0.75, 0.47, 0.37, 0.42, 0.55, 0.65, 0.36, 0.49, 0.85, 0.08, 0.65, 1.0, 0.23, 0.0, 0.7, 0.5, 0.2, 0.56, 0.25, 0.75, 0.74, 0.83, 0.68, 0.32, 0.83, 0.65, 0.57, 0.33, 0.38, 0.65, 0.75, 0.58, 0.48, 0.58, 0.75, 0.25]"
766,1445920,0.266,0.056,765,2025-02-23 07:23:33.533925,"['32221', '32234', '32247', '32248', '32251', '32253', '32261', '32262', '32263', '32266', '32274', '32275', '32278', '32283', '32286']","[3255, 3063, 216, 3572, 2668, 3450, 1164, 4459, 391, 2980, 5609, 3932, 756, 3593, 4725, 2072, 5256, 5245, 4444, 3330, 5157, 668, 133, 5692, 214, 4696, 535, 2253, 734, 3273, 206, 1196, 3029, 5402, 5801, 4396]","[0.27, 0.86, 0.79, 0.21, 0.87, 0.86, 0.36, 0.75, 0.22, 0.24, 0.61, 0.68, 0.32, 0.9, 0.64, 0.73, 0.2, 0.73, 0.75, 0.63, 0.75, 0.85, 0.23, 0.75, 0.79, 0.76, 0.82, 0.89, 0.36, 0.39, 0.84, 0.27, 0.74, 0.0, 1.0, 0.18, 0.89, 0.0, 0.26, 1.0, 0.85, 0.86, 0.83, 0.91, 0.7, 0.76, 0.89, 0.25, 1.0, 0.25, 0.26, 0.4, 0.0, 0.81, 0.07, 0.67, 0.31, 0.91, 0.09, 0.22, 0.0, 0.0, 0.78, 0.25, 1.0, 0.24, 0.82, 0.72, 0.83, 0.25, 0.79, 0.26, 0.0, 0.34, 0.72]"
767,552146,0.439,0.139,765,2025-02-23 07:23:33.655780,"['32214', '32230', '32244', '32252', '32253', '32254', '32255', '32256', '32260', '32269', '32273', '32274', '32279', '32280', '32288']","[3052, 3720, 4226, 5760, 4033, 5758, 4953, 5195, 4003, 4119, 3158, 2586, 4954, 1553, 4883, 4319, 814, 4600, 5555, 4846, 2378, 4338, 3326, 4062, 5899, 1822, 1331, 1929, 637, 4324, 3703, 4455, 930, 1359, 4120, 3694]","[0.75, 0.45, 0.7, 0.61, 0.5, 0.33, 0.21, 0.31, 0.55, 0.39, 0.46, 0.44, 0.55, 0.69, 0.27, 0.65, 0.25, 0.35, 0.68, 0.65, 0.27, 0.83, 0.59, 0.74, 0.32, 0.4, 0.29, 0.63, 0.73, 0.78, 0.25, 0.67, 0.33, 0.74, 0.68, 0.59, 0.73, 0.41, 0.0, 0.0, 1.0, 0.0, 1.0, 0.67, 0.82, 0.65, 1.0, 0.59, 0.27, 0.58, 0.61, 0.61, 0.65, 0.68, 0.16, 0.75, 0.71, 0.57, 0.17, 0.0, 1.0, 0.73, 0.41, 0.33, 0.76, 1.0, 0.17, 0.41, 0.71, 0.4, 0.62, 0.43, 0.56, 0.62, 0.25]"
768,560318,0.267,0.444,765,2025-02-23 07:23:33.770863,"['32222', '32223', '32229', '32232', '32235', '32241', '32252', '32253', '32254', '32268', '32270', '32274', '32277', '32283', '32285']","[1178, 1020, 905, 2839, 5884, 3484, 2338, 4643, 1964, 4438, 4554, 122, 2744, 4927, 1071, 3035, 4138, 174, 2499, 2011, 1791, 1585, 5114, 5326, 3054, 5237, 3020, 3898, 915, 2707, 2408, 1502, 1761, 4156, 5730, 5385]","[0.38, 0.28, 0.74, 0.34, 0.17, 0.26, 0.12, 0.21, 0.0, 1.0, 0.26, 0.3, 0.69, 0.52, 0.04, 0.25, 0.81, 0.08, 0.0, 0.43, 0.05, 0.0, 0.83, 0.63, 0.17, 0.24, 0.27, 0.25, 0.7, 0.73, 0.24, 0.89, 0.07, 0.87, 0.35, 0.9, 0.66, 0.22, 0.75, 0.25, 0.25, 0.23, 0.31, 0.41, 0.59, 0.24, 0.35, 0.93, 0.03, 0.7, 0.82, 0.14, 0.15, 0.67, 1.0, 0.1, 0.75, 0.28, 0.72, 0.88, 0.83, 0.73, 0.22, 0.83, 0.64, 0.67, 0.3, 0.3, 0.59, 0.75, 0.52, 1.0, 0.61, 0.74, 0.29]"
769,1041807,0.33,0.361,765,2025-02-23 07:23:33.888599,"['32215', '32218', '32219', '32223', '32230', '32236', '32252', '32253', '32255', '32256', '32269', '32274', '32279', '32280', '32288']","[3052, 4226, 5760, 4119, 4319, 5385, 2586, 4003, 557, 2338, 2547, 930, 3326, 3720, 5195, 1868, 4953, 1769, 3158, 3703, 277, 4033, 4846, 1553, 3885, 882, 4723, 2609, 4338, 2263, 2910, 506, 4600, 3998, 4954, 1533]","[0.63, 0.0, 0.7, 0.62, 0.25, 0.25, 0.18, 0.26, 0.59, 0.25, 0.4, 0.38, 0.6, 0.62, 0.17, 0.59, 1.0, 0.24, 0.64, 0.62, 0.17, 0.78, 0.75, 0.72, 0.23, 0.32, 0.22, 0.55, 0.77, 0.81, 0.35, 0.77, 0.22, 0.81, 0.64, 0.72, 0.68, 0.35, 1.0, 0.75, 0.48, 0.75, 0.25, 0.57, 0.8, 0.56, 0.53, 0.71, 0.17, 0.62, 0.7, 0.55, 0.57, 0.66, 0.25, 0.75, 0.73, 0.45, 0.26, 0.42, 0.83, 0.78, 0.32, 0.4, 0.75, 0.67, 0.67, 0.35, 0.67, 0.41, 0.57, 0.48, 0.58, 0.68, 0.25]"
770,1550038,0.222,0.278,770,2025-02-23 07:23:34.172290,"['32221', '32224', '32236', '32240', '32242', '32243', '32246', '32253', '32263', '32265', '32270', '32274', '32275', '32286', '32287']","[5692, 5460, 1098, 5065, 3406, 2664, 3474, 5216, 4184, 342, 3255, 1316, 4322, 3263, 4520, 2943, 5541, 2498, 5256, 1268, 2640, 2761, 835, 1932, 49, 391, 1164, 712, 216, 3310, 2620, 3951, 4396, 3500, 2668, 4757]","[0.4, 0.76, 0.76, 0.39, 0.79, 0.72, 0.32, 1.0, 0.3, 0.26, 0.75, 0.59, 0.38, 0.88, 0.6, 0.75, 0.23, 0.67, 0.75, 0.7, 0.57, 0.86, 0.25, 0.77, 0.68, 0.65, 1.0, 0.86, 1.0, 0.75, 0.77, 0.37, 1.0, 0.41, 0.61, 0.26, 0.85, 0.57, 0.3, 0.75, 0.78, 0.8, 0.77, 0.87, 0.8, 0.76, 0.85, 0.35, 0.59, 0.75, 0.34, 0.75, 0.64, 0.81, 0.09, 0.72, 0.25, 0.88, 0.1, 0.2, 0.5, 0.5, 0.68, 0.23, 0.68, 0.28, 0.77, 0.64, 0.75, 0.42, 0.75, 0.32, 0.5, 0.25, 0.66]"
771,1322996,0.23,0.528,770,2025-02-23 07:23:34.294294,"['32217', '32219', '32224', '32226', '32230', '32236', '32239', '32247', '32249', '32253', '32261', '32266', '32274', '32281', '32287']","[2761, 506, 2943, 5692, 3052, 5195, 5541, 786, 4003, 3406, 576, 4600, 2840, 1273, 4322, 1098, 1176, 3263, 216, 712, 4000, 2753, 211, 5758, 4033, 1786, 3029, 5906, 3094, 4184, 2236, 117, 2664, 5123, 3285, 2050]","[0.43, 0.72, 0.75, 0.25, 0.74, 0.75, 0.3, 0.45, 0.33, 0.29, 0.25, 0.56, 0.75, 0.86, 0.54, 0.73, 0.25, 0.61, 0.74, 0.69, 0.51, 0.85, 0.75, 0.76, 0.62, 0.25, 0.6, 0.83, 0.5, 0.59, 0.72, 0.43, 0.56, 0.25, 0.6, 0.0, 0.83, 0.54, 0.33, 0.75, 0.75, 0.76, 0.73, 0.85, 0.8, 0.74, 0.82, 0.25, 0.52, 0.51, 0.39, 0.54, 1.0, 0.79, 0.1, 0.69, 0.49, 0.84, 0.12, 0.23, 1.0, 0.52, 0.63, 0.24, 0.68, 0.31, 0.73, 0.75, 0.74, 0.42, 0.72, 0.34, 0.51, 0.0, 0.62]"
772,686872,0.318,0.389,770,2025-02-23 07:23:34.407812,"['32218', '32225', '32231', '32236', '32238', '32240', '32242', '32249', '32253', '32261', '32264', '32269', '32273', '32275', '32287']","[2840, 3052, 5195, 506, 539, 4003, 835, 3703, 216, 4600, 576, 4033, 712, 2943, 2050, 1553, 990, 4723, 4846, 637, 4322, 5541, 2664, 3326, 117, 2378, 3951, 2753, 3406, 2761, 2505, 5614, 3263, 786, 5758, 1273]","[0.39, 0.66, 0.76, 0.37, 0.75, 0.6, 0.26, 0.4, 0.34, 0.41, 0.47, 0.0, 0.46, 0.82, 0.39, 0.66, 0.4, 0.0, 0.68, 0.64, 0.36, 0.78, 0.25, 0.73, 0.75, 0.55, 0.75, 0.79, 0.25, 0.58, 0.64, 0.56, 0.4, 0.57, 0.52, 1.0, 0.81, 0.47, 0.39, 0.75, 0.68, 0.68, 0.66, 0.79, 0.74, 0.63, 0.75, 0.75, 0.34, 0.56, 0.25, 0.4, 0.47, 0.78, 0.19, 0.75, 0.48, 0.76, 0.22, 0.25, 0.46, 0.83, 0.56, 0.33, 0.66, 0.38, 0.65, 0.56, 0.7, 0.45, 0.69, 0.38, 0.53, 0.25, 0.55]"
773,1539421,0.318,0.222,770,2025-02-23 07:23:34.526266,"['32214', '32222', '32226', '32231', '32236', '32242', '32244', '32249', '32253', '32265', '32269', '32274', '32276', '32281', '32288']","[3052, 5195, 4003, 4226, 4033, 3720, 1359, 4846, 1553, 506, 3326, 4600, 2378, 4953, 1176, 2664, 2948, 2058, 576, 4954, 3285, 539, 2840, 2943, 5098, 4062, 712, 5899, 5567, 4723, 3703, 990, 5888, 4455, 4322, 4325]","[0.75, 0.57, 0.73, 0.55, 0.58, 0.46, 0.24, 0.36, 0.25, 0.37, 0.47, 0.46, 0.75, 0.79, 0.39, 0.68, 0.41, 0.0, 0.7, 0.68, 0.36, 0.82, 0.0, 0.75, 0.43, 0.46, 0.41, 0.72, 0.75, 0.71, 0.75, 0.61, 0.38, 0.65, 0.62, 0.75, 0.77, 0.46, 0.41, 0.75, 0.63, 0.62, 0.59, 0.74, 0.82, 0.67, 0.71, 0.55, 0.35, 0.57, 0.53, 0.75, 0.61, 0.75, 0.15, 0.75, 0.62, 0.69, 0.17, 0.31, 0.67, 0.68, 0.83, 0.29, 0.71, 0.39, 0.59, 0.5, 0.69, 0.39, 0.65, 0.41, 0.55, 0.55, 0.25]"
774,1449499,0.26,0.333,770,2025-02-23 07:23:34.648781,"['32221', '32231', '32234', '32236', '32242', '32246', '32247', '32253', '32263', '32265', '32270', '32274', '32275', '32286', '32287']","[2664, 4322, 2761, 5460, 2943, 2498, 5692, 1316, 4520, 5541, 3500, 3052, 4757, 342, 2281, 2112, 5647, 3706, 4412, 216, 2843, 5654, 1098, 4184, 5065, 5195, 981, 1932, 5594, 5003, 5238, 857, 5216, 3255, 3406, 835]","[0.46, 0.74, 0.75, 0.45, 0.79, 0.67, 0.31, 0.25, 0.34, 0.24, 0.57, 0.58, 0.4, 0.88, 0.6, 0.76, 0.23, 1.0, 0.76, 0.71, 0.75, 0.88, 0.25, 0.78, 0.65, 0.62, 0.61, 0.84, 1.0, 0.6, 0.75, 0.39, 1.0, 0.0, 0.64, 0.26, 0.84, 0.57, 0.31, 0.75, 0.77, 0.79, 0.76, 0.87, 0.83, 0.78, 0.84, 0.33, 0.6, 0.75, 0.35, 0.75, 0.69, 0.8, 0.07, 0.75, 0.25, 0.87, 0.09, 0.18, 0.67, 0.67, 0.66, 0.21, 0.7, 0.28, 0.76, 0.62, 0.75, 0.4, 0.74, 0.33, 0.5, 0.5, 0.65]"
775,1217012,0.342,0.306,775,2025-02-23 07:23:34.896872,"['32215', '32218', '32219', '32238', '32239', '32244', '32248', '32249', '32253', '32254', '32270', '32279', '32280', '32281', '32287']","[3703, 2744, 2586, 3383, 882, 5385, 3484, 3035, 2839, 3052, 1204, 5782, 557, 4723, 2338, 5371, 838, 823, 277, 1071, 5760, 4226, 1020, 1761, 670, 1596, 4554, 2011, 4319, 5915, 2612, 2499, 5658, 3885, 2879, 5562]","[0.46, 1.0, 0.74, 0.42, 0.75, 0.75, 0.18, 0.27, 0.43, 0.6, 0.33, 0.35, 0.61, 0.63, 0.12, 0.51, 0.7, 0.21, 0.56, 0.53, 0.14, 0.63, 0.71, 0.69, 0.0, 0.0, 0.34, 0.62, 0.67, 0.7, 0.0, 0.8, 0.17, 0.77, 0.0, 1.0, 0.72, 0.32, 0.56, 0.0, 0.25, 0.38, 0.47, 0.55, 0.7, 0.42, 0.51, 0.81, 0.1, 0.63, 0.72, 0.3, 0.3, 0.7, 0.45, 0.3, 0.75, 0.47, 0.46, 0.65, 0.47, 0.72, 0.33, 0.47, 0.65, 0.67, 0.0, 0.75, 0.66, 0.51, 0.58, 0.5, 0.6, 0.5, 0.34]"
776,826591,0.28,0.444,775,2025-02-23 07:23:35.011295,"['32217', '32219', '32227', '32229', '32241', '32248', '32257', '32259', '32260', '32272', '32274', '32277', '32280', '32284', '32285']","[5915, 1596, 3128, 2338, 1585, 4319, 1204, 1569, 2011, 5385, 4554, 2910, 2586, 4804, 5326, 4927, 905, 3349, 525, 5114, 5562, 1007, 5771, 3998, 308, 2547, 2273, 3484, 2707, 2762, 3898, 4991, 2879, 2260, 1964, 1156]","[0.69, 0.18, 0.69, 0.75, 0.18, 0.0, 0.13, 0.19, 0.64, 0.66, 0.28, 0.23, 0.71, 0.0, 0.07, 0.25, 0.82, 0.11, 0.55, 0.56, 0.08, 0.64, 0.84, 0.68, 0.1, 0.19, 0.11, 0.0, 0.84, 0.86, 0.19, 0.91, 0.08, 0.9, 1.0, 0.88, 0.59, 0.25, 0.66, 0.23, 0.34, 0.23, 0.3, 0.0, 0.79, 0.25, 0.25, 0.88, 0.05, 0.68, 0.84, 0.45, 0.38, 0.61, 0.47, 0.27, 0.8, 0.22, 0.25, 0.66, 0.0, 0.87, 0.17, 1.0, 0.73, 0.64, 0.17, 0.27, 0.6, 0.44, 0.5, 0.5, 0.64, 0.74, 0.23]"
777,591198,0.423,0.167,775,2025-02-23 07:23:35.126222,"['32215', '32219', '32244', '32248', '32249', '32252', '32255', '32256', '32270', '32273', '32275', '32279', '32280', '32281', '32283']","[3703, 882, 2744, 3052, 557, 4003, 4723, 539, 2586, 637, 4226, 277, 5385, 5782, 823, 5658, 3035, 2499, 2740, 174, 3383, 3326, 122, 5237, 838, 2338, 1788, 2612, 835, 1072, 4846, 1020, 5315, 506, 4701, 2840]","[0.41, 0.0, 0.75, 0.37, 0.41, 1.0, 0.2, 0.3, 0.38, 0.56, 0.35, 0.39, 0.58, 0.68, 0.15, 0.53, 0.65, 0.25, 0.57, 0.53, 0.17, 0.65, 0.66, 0.69, 0.33, 0.4, 0.41, 0.67, 0.63, 0.65, 1.0, 0.75, 0.21, 0.72, 0.25, 1.0, 0.75, 0.35, 0.25, 0.39, 0.54, 0.0, 1.0, 0.61, 0.69, 0.44, 0.57, 0.77, 0.12, 0.61, 0.67, 0.28, 0.29, 0.71, 0.41, 0.32, 1.0, 0.55, 0.43, 1.0, 0.45, 1.0, 0.39, 0.45, 0.64, 0.17, 0.33, 0.25, 0.68, 0.5, 0.61, 0.46, 0.58, 0.57, 0.38]"
778,1151588,0.277,0.222,775,2025-02-23 07:23:35.244373,"['32219', '32224', '32238', '32242', '32246', '32247', '32248', '32251', '32261', '32263', '32266', '32269', '32275', '32283', '32286']","[216, 2761, 4322, 506, 3052, 2943, 539, 5195, 835, 5541, 3951, 2840, 2753, 2664, 4033, 4003, 5460, 211, 712, 4600, 391, 117, 5692, 3474, 5535, 3406, 4520, 2620, 5614, 5216, 2060, 1359, 2640, 3263, 1268, 5700]","[0.36, 0.71, 0.76, 0.3, 0.73, 0.75, 0.29, 0.45, 0.27, 0.32, 0.0, 0.55, 0.43, 0.84, 0.44, 0.69, 0.34, 0.55, 0.7, 0.62, 0.45, 0.81, 0.38, 0.75, 1.0, 0.63, 0.67, 0.83, 0.75, 0.52, 0.73, 0.44, 0.75, 0.25, 0.75, 0.33, 0.83, 0.25, 0.36, 0.66, 0.74, 0.72, 0.73, 0.84, 0.73, 0.66, 0.79, 0.25, 0.41, 1.0, 0.42, 0.43, 0.25, 0.77, 0.15, 0.75, 0.45, 0.83, 0.18, 0.32, 0.41, 0.5, 0.64, 0.29, 0.65, 0.33, 0.72, 0.63, 0.76, 0.75, 0.74, 0.33, 0.5, 0.41, 0.58]"
779,985882,0.316,0.417,775,2025-02-23 07:23:35.359263,"['32218', '32219', '32222', '32224', '32230', '32244', '32252', '32253', '32255', '32256', '32271', '32273', '32274', '32280', '32281']","[4226, 3052, 4953, 4003, 3720, 3326, 4033, 5899, 4846, 1553, 1822, 5760, 3158, 2316, 5195, 5918, 4062, 4954, 4539, 3500, 5758, 4120, 2664, 3348, 4119, 4600, 1359, 930, 2968, 4808, 3665, 4455, 4622, 4412, 2586, 4663]","[0.67, 0.43, 0.7, 0.64, 1.0, 0.25, 0.22, 0.32, 1.0, 0.35, 0.75, 0.39, 0.55, 0.73, 0.31, 0.69, 1.0, 0.38, 0.71, 0.67, 0.3, 0.84, 0.58, 0.74, 0.32, 0.38, 0.27, 0.63, 0.74, 0.79, 0.25, 0.67, 0.34, 0.72, 0.69, 0.56, 0.71, 0.42, 0.0, 0.75, 0.58, 0.25, 0.75, 0.67, 0.85, 0.67, 0.62, 0.56, 0.28, 0.57, 0.61, 0.69, 0.67, 0.68, 0.14, 0.62, 0.74, 0.75, 0.17, 0.0, 0.83, 0.75, 0.39, 0.28, 0.76, 0.43, 0.17, 0.25, 0.7, 0.4, 0.61, 0.43, 0.57, 0.59, 0.44]"
780,213959,0.422,0.056,780,2025-02-23 07:23:35.606536,"['32218', '32221', '32224', '32228', '32231', '32234', '32243', '32248', '32251', '32262', '32263', '32266', '32269', '32283', '32286']","[734, 1268, 1164, 216, 3255, 3063, 3406, 5402, 835, 4459, 3310, 1316, 2072, 1787, 5541, 391, 5256, 4322, 5045, 2420, 2246, 4396, 4547, 3593, 2943, 3273, 1942, 2640, 668, 5290, 4807, 1117, 1098, 535, 4500, 2668]","[0.29, 0.81, 0.77, 0.24, 1.0, 0.82, 0.33, 0.25, 0.23, 0.26, 1.0, 0.66, 0.35, 0.88, 1.0, 0.71, 0.23, 1.0, 0.74, 0.64, 0.0, 0.85, 0.24, 0.75, 0.76, 0.72, 0.78, 0.88, 0.38, 0.25, 0.83, 0.3, 0.71, 0.33, 0.25, 0.22, 0.86, 0.75, 0.27, 0.74, 0.81, 0.83, 0.83, 0.92, 0.72, 0.74, 0.86, 0.3, 0.75, 0.25, 0.3, 0.41, 0.25, 0.79, 0.09, 1.0, 0.36, 0.91, 0.11, 0.26, 0.4, 0.36, 0.73, 0.26, 0.64, 0.25, 0.79, 0.68, 0.81, 0.5, 0.75, 0.3, 0.5, 0.36, 0.7]"
781,591730,0.44,0.0,780,2025-02-23 07:23:35.722956,"['32218', '32224', '32226', '32231', '32234', '32236', '32238', '32239', '32240', '32245', '32246', '32266', '32276', '32281', '32287']","[3052, 506, 539, 216, 3729, 5541, 712, 3703, 117, 1553, 4003, 2943, 5195, 2840, 4033, 5279, 2761, 4442, 5888, 1273, 1359, 576, 2612, 238, 835, 2753, 1176, 4701, 5216, 2050, 3263, 3266, 4322, 3561, 4455, 5758]","[0.39, 0.65, 0.75, 0.33, 1.0, 0.64, 0.25, 0.42, 0.34, 0.4, 0.0, 0.54, 0.0, 0.8, 0.33, 0.62, 0.43, 0.0, 0.67, 0.6, 0.0, 0.78, 0.0, 0.72, 1.0, 0.0, 1.0, 0.78, 0.53, 0.56, 0.66, 1.0, 0.0, 0.54, 0.51, 0.44, 0.81, 0.46, 0.39, 0.57, 0.68, 0.66, 0.7, 0.81, 0.73, 0.6, 0.74, 0.52, 0.31, 0.56, 0.49, 0.37, 1.0, 0.75, 0.19, 0.51, 0.5, 0.77, 0.21, 0.43, 0.45, 0.55, 0.83, 0.34, 0.67, 0.37, 0.65, 0.75, 0.75, 0.49, 0.66, 0.4, 0.53, 0.0, 0.56]"
782,1637990,0.21,0.556,780,2025-02-23 07:23:35.839861,"['32218', '32221', '32224', '32228', '32233', '32246', '32248', '32251', '32262', '32263', '32266', '32273', '32278', '32283', '32286']","[1164, 734, 3063, 2072, 4459, 391, 3255, 3310, 1787, 1268, 206, 5256, 4500, 806, 3593, 5290, 1117, 2668, 1316, 182, 4396, 2980, 4807, 5402, 2177, 5801, 4725, 2246, 2715, 3273, 3084, 214, 2172, 3829, 4696, 835]","[0.23, 0.85, 0.79, 0.18, 1.0, 0.87, 0.35, 0.75, 0.18, 0.24, 0.75, 0.7, 0.32, 0.9, 1.0, 0.72, 0.2, 0.77, 0.74, 0.75, 0.64, 0.84, 0.2, 0.75, 0.82, 0.77, 0.85, 0.91, 0.31, 0.34, 0.87, 0.24, 1.0, 0.26, 0.25, 0.17, 0.89, 0.75, 0.24, 0.78, 0.84, 0.87, 0.87, 0.94, 0.69, 0.75, 0.89, 0.26, 0.75, 0.25, 0.25, 0.35, 0.0, 0.81, 0.09, 0.69, 0.29, 0.94, 0.1, 0.25, 0.37, 0.28, 0.79, 0.25, 0.5, 0.22, 0.83, 0.73, 0.83, 0.5, 0.78, 0.28, 0.5, 0.32, 0.74]"
783,1263427,0.283,0.222,780,2025-02-23 07:23:35.968911,"['32218', '32221', '32242', '32243', '32245', '32248', '32251', '32263', '32265', '32266', '32270', '32274', '32275', '32283', '32286']","[1164, 5256, 4396, 3310, 3029, 214, 3406, 3063, 5127, 1117, 5692, 2072, 1316, 342, 1196, 2367, 5402, 3786, 5747, 3330, 4547, 4184, 3084, 3273, 2298, 1611, 4371, 3255, 3932, 5208, 3474, 3376, 806, 1268, 2498, 5027]","[0.34, 0.84, 0.77, 0.3, 1.0, 0.84, 0.37, 1.0, 0.23, 0.17, 0.67, 0.69, 0.31, 0.91, 0.72, 0.78, 0.16, 0.8, 0.79, 0.69, 0.71, 0.9, 0.19, 0.78, 0.8, 0.75, 0.79, 0.9, 0.75, 0.0, 0.86, 0.0, 0.81, 0.28, 0.75, 0.15, 0.87, 1.0, 0.24, 0.81, 0.85, 0.87, 0.86, 0.94, 0.79, 0.84, 0.89, 0.19, 0.73, 0.25, 0.23, 1.0, 1.0, 0.8, 0.05, 0.81, 0.0, 0.93, 0.05, 0.13, 0.0, 0.17, 0.77, 0.18, 0.69, 0.2, 0.83, 0.71, 0.83, 0.5, 0.78, 0.26, 0.5, 0.32, 0.75]"
784,1445310,0.215,0.111,780,2025-02-23 07:23:36.086789,"['32218', '32220', '32221', '32242', '32243', '32245', '32248', '32263', '32265', '32266', '32270', '32274', '32275', '32283', '32286']","[1164, 5256, 214, 3932, 3330, 5402, 3786, 2019, 535, 1196, 2253, 3273, 1893, 67, 3063, 2044, 3029, 5127, 3095, 4504, 3450, 4547, 3255, 217, 4444, 2980, 3188, 3608, 1293, 4396, 4696, 5609, 5027, 1898, 4651, 3310]","[0.32, 0.87, 0.77, 0.27, 1.0, 0.87, 1.0, 1.0, 0.2, 0.16, 0.7, 0.72, 0.29, 0.92, 0.76, 0.79, 0.13, 0.83, 0.8, 0.7, 0.75, 0.91, 0.16, 0.79, 0.84, 0.79, 0.83, 0.91, 0.25, 0.25, 0.89, 0.0, 0.85, 0.24, 1.0, 0.12, 0.88, 0.66, 0.22, 0.84, 0.87, 0.9, 0.88, 0.95, 0.79, 0.85, 0.91, 0.16, 0.77, 0.0, 0.2, 1.0, 1.0, 0.81, 0.04, 0.83, 0.25, 0.95, 0.05, 0.12, 0.0, 0.0, 0.8, 0.17, 0.68, 0.18, 0.85, 0.73, 0.84, 0.75, 0.8, 0.24, 0.25, 0.3, 0.77]"
785,1494200,0.315,0.0,785,2025-02-23 07:23:36.331701,"['32214', '32221', '32242', '32243', '32253', '32261', '32263', '32265', '32266', '32270', '32274', '32275', '32283', '32286', '32287']","[5692, 4547, 3310, 981, 5065, 5460, 4184, 1932, 2281, 2498, 1382, 4000, 3406, 3474, 2664, 4757, 214, 2943, 1164, 1316, 342, 5110, 114, 211, 2640, 3500, 795, 1611, 5700, 2761, 1098, 4396, 1942, 4322, 2236, 3029]","[0.0, 0.77, 0.74, 0.43, 0.82, 0.73, 0.33, 1.0, 0.31, 0.21, 0.6, 0.63, 0.38, 0.87, 0.64, 0.75, 0.21, 0.71, 0.8, 0.71, 0.63, 0.9, 0.27, 0.79, 0.68, 0.66, 0.66, 0.85, 1.0, 1.0, 0.77, 0.33, 0.73, 0.41, 0.67, 0.21, 0.85, 0.6, 0.3, 1.0, 0.79, 0.82, 0.8, 0.9, 0.83, 0.82, 0.85, 0.0, 0.64, 0.25, 0.31, 1.0, 1.0, 0.77, 0.05, 0.79, 0.0, 0.88, 0.06, 0.13, 1.0, 0.17, 0.71, 0.18, 0.71, 0.27, 0.76, 0.65, 0.78, 0.25, 0.77, 0.31, 0.75, 0.25, 0.66]"
786,890220,0.457,0.111,785,2025-02-23 07:23:36.446943,"['32224', '32225', '32238', '32242', '32243', '32245', '32246', '32247', '32251', '32253', '32262', '32265', '32270', '32286', '32287']","[3052, 1553, 5195, 4033, 576, 2664, 506, 539, 2761, 4062, 4600, 5614, 3720, 1359, 5098, 3500, 2948, 4003, 1176, 2112, 3134, 4322, 1612, 1786, 786, 2058, 3094, 5460, 2943, 5541, 3285, 2281, 814, 4975, 990, 4520]","[0.53, 0.62, 0.72, 0.49, 0.65, 0.55, 0.25, 0.4, 0.41, 0.35, 0.0, 1.0, 0.49, 0.78, 0.41, 0.67, 0.39, 0.49, 0.73, 0.66, 0.41, 0.85, 0.46, 0.75, 1.0, 0.5, 0.47, 0.75, 1.0, 1.0, 0.59, 1.0, 1.0, 1.0, 0.63, 0.41, 0.8, 1.0, 0.4, 1.0, 0.67, 0.66, 0.66, 0.79, 0.81, 0.7, 0.74, 0.49, 0.0, 0.55, 0.49, 1.0, 0.62, 0.72, 0.12, 0.63, 0.0, 0.75, 0.14, 0.26, 0.44, 0.61, 0.55, 0.26, 0.7, 0.38, 0.62, 0.52, 0.72, 0.42, 0.68, 0.38, 0.0, 1.0, 0.52]"
787,568965,0.293,0.222,785,2025-02-23 07:23:36.565862,"['32224', '32231', '32239', '32243', '32246', '32248', '32251', '32253', '32261', '32263', '32269', '32273', '32275', '32283', '32286']","[835, 539, 117, 2840, 506, 1268, 216, 391, 5045, 734, 3951, 3052, 2420, 3703, 4065, 3561, 2847, 5614, 2620, 2753, 2612, 5541, 3406, 5256, 2072, 5195, 4723, 2640, 3263, 5216, 5692, 4000, 1838, 712, 5700, 1942]","[0.25, 0.76, 0.77, 0.2, 0.71, 0.77, 0.28, 0.48, 0.24, 0.42, 1.0, 0.58, 0.44, 0.83, 0.4, 0.62, 0.39, 0.0, 0.65, 0.57, 0.4, 0.74, 0.37, 0.72, 0.65, 1.0, 0.76, 0.85, 0.42, 0.25, 0.72, 0.45, 0.75, 0.44, 0.25, 0.38, 0.86, 0.75, 0.37, 0.75, 0.72, 0.75, 0.74, 0.85, 0.62, 0.6, 0.79, 0.75, 0.34, 0.75, 0.41, 0.23, 0.31, 0.79, 0.22, 0.25, 0.36, 0.85, 0.24, 0.25, 0.37, 0.0, 0.65, 0.35, 0.58, 0.37, 0.71, 0.65, 0.75, 0.5, 0.73, 0.35, 0.5, 0.44, 0.59]"
788,313815,0.277,0.472,785,2025-02-23 07:23:36.681698,"['32222', '32223', '32229', '32232', '32233', '32235', '32253', '32254', '32256', '32257', '32260', '32277', '32283', '32284', '32285']","[3484, 1020, 2744, 1178, 1071, 915, 2499, 5884, 3035, 2408, 905, 2338, 2839, 1791, 5730, 2570, 1761, 882, 5237, 174, 4138, 2879, 1906, 5782, 122, 2740, 1596, 2011, 1585, 5114, 4643, 4438, 3054, 1964, 2821, 5371]","[0.34, 0.38, 0.72, 0.29, 0.23, 0.35, 0.14, 0.25, 0.0, 1.0, 0.26, 0.33, 0.69, 0.57, 0.07, 0.25, 0.83, 0.11, 0.25, 0.0, 0.07, 0.0, 0.79, 0.62, 0.21, 0.3, 0.37, 0.56, 0.65, 0.61, 0.29, 0.86, 0.11, 0.82, 0.3, 0.86, 0.74, 0.27, 0.62, 0.25, 0.0, 0.29, 0.0, 0.75, 0.52, 0.26, 0.25, 0.93, 0.03, 0.69, 0.79, 0.1, 0.11, 0.69, 0.69, 0.11, 0.55, 0.4, 0.7, 0.87, 0.41, 0.72, 0.27, 1.0, 0.55, 0.64, 0.36, 0.37, 0.61, 0.75, 0.25, 0.75, 0.62, 0.67, 0.28]"
789,1399283,0.236,0.139,785,2025-02-23 07:23:36.799754,"['32221', '32224', '32228', '32238', '32242', '32243', '32248', '32253', '32263', '32266', '32270', '32275', '32283', '32286', '32287']","[835, 216, 391, 1268, 1316, 5256, 5692, 3255, 1164, 734, 2420, 539, 3310, 668, 3063, 1942, 2072, 4322, 5460, 4396, 2668, 5522, 3474, 4520, 3593, 1787, 2640, 3951, 5045, 4459, 2753, 117, 342, 1117, 5541, 4725]","[0.28, 0.81, 0.77, 0.23, 0.8, 0.81, 0.32, 0.75, 0.23, 0.3, 0.75, 0.64, 0.38, 0.87, 1.0, 0.69, 0.27, 0.66, 0.72, 0.63, 0.55, 0.83, 0.27, 0.75, 1.0, 0.7, 0.79, 0.88, 1.0, 0.25, 0.79, 0.34, 0.68, 0.37, 0.75, 0.26, 0.88, 0.57, 0.31, 1.0, 0.78, 0.82, 0.8, 0.9, 0.7, 0.72, 0.85, 0.38, 0.52, 1.0, 0.31, 0.38, 0.25, 0.8, 0.12, 0.62, 0.25, 0.9, 0.13, 0.29, 0.37, 0.0, 0.72, 0.26, 0.63, 0.3, 0.77, 0.7, 0.78, 0.5, 0.77, 0.31, 0.5, 0.5, 0.66]"
790,1563348,0.255,0.0,790,2025-02-23 07:23:37.046882,"['32221', '32226', '32228', '32234', '32238', '32243', '32248', '32263', '32265', '32266', '32270', '32274', '32275', '32283', '32286']","[3255, 5256, 1164, 668, 2072, 1942, 2668, 5692, 5742, 4725, 3310, 114, 5245, 342, 3063, 214, 1268, 5801, 1316, 734, 4184, 5744, 3474, 981, 3084, 5459, 558, 1242, 5075, 5460, 2943, 2640, 3406, 3572, 1117, 5313]","[0.32, 0.82, 0.77, 0.28, 0.85, 0.83, 0.34, 1.0, 0.24, 0.23, 0.64, 0.66, 0.0, 0.89, 1.0, 0.74, 0.19, 0.74, 0.77, 0.65, 1.0, 0.87, 0.23, 0.78, 1.0, 0.74, 0.79, 0.89, 0.38, 1.0, 0.84, 0.28, 0.73, 0.32, 1.0, 0.19, 0.86, 0.61, 0.3, 0.78, 0.82, 0.84, 0.81, 0.91, 0.79, 0.81, 0.86, 0.26, 0.65, 1.0, 0.28, 0.0, 1.0, 0.81, 0.07, 0.74, 0.0, 0.93, 0.08, 0.18, 1.0, 0.0, 0.76, 0.22, 0.66, 0.25, 0.81, 0.71, 0.8, 0.5, 0.78, 0.28, 0.5, 0.35, 0.68]"
791,9012,0.333,0.306,790,2025-02-23 07:23:37.168803,"['32214', '32217', '32221', '32226', '32238', '32242', '32243', '32246', '32263', '32265', '32266', '32270', '32274', '32275', '32286']","[4547, 1316, 5256, 3406, 4322, 5460, 5065, 2498, 981, 114, 1164, 1942, 214, 1242, 5402, 5692, 342, 2664, 4184, 2761, 1538, 1293, 2367, 3084, 712, 3029, 5541, 2843, 3474, 1932, 1787, 5075, 668, 3248, 295, 2756]","[0.75, 0.79, 0.75, 0.25, 0.84, 0.76, 0.34, 1.0, 0.3, 0.2, 0.65, 0.64, 0.0, 0.88, 0.68, 0.76, 0.18, 0.74, 0.8, 0.7, 0.65, 0.9, 0.25, 0.79, 1.0, 0.7, 0.69, 0.87, 0.0, 0.25, 0.8, 0.29, 1.0, 0.38, 0.67, 0.19, 0.84, 0.61, 0.3, 0.78, 0.81, 0.83, 0.79, 0.89, 0.85, 0.84, 0.85, 0.23, 0.68, 0.25, 0.3, 1.0, 1.0, 0.8, 0.05, 0.8, 1.0, 0.91, 0.06, 0.12, 0.5, 0.5, 0.73, 0.19, 0.73, 0.25, 0.79, 0.67, 0.79, 0.41, 0.75, 0.28, 0.75, 0.38, 0.66]"
792,1589680,0.369,0.222,790,2025-02-23 07:23:37.291677,"['32221', '32226', '32228', '32234', '32238', '32248', '32261', '32262', '32263', '32266', '32269', '32275', '32278', '32283', '32286']","[734, 5742, 2072, 5763, 3063, 5256, 182, 4459, 3255, 5313, 668, 806, 639, 391, 4543, 1117, 2668, 672, 1067, 1164, 5801, 1787, 1268, 206, 4371, 3310, 3113, 4500, 1942, 5486, 5301, 1750, 1183, 2246, 214, 2172]","[0.18, 0.86, 0.79, 0.14, 0.86, 0.89, 0.35, 1.0, 0.17, 0.3, 0.6, 0.68, 0.0, 0.89, 1.0, 0.68, 0.22, 0.73, 0.71, 0.57, 1.0, 0.79, 0.23, 0.75, 1.0, 0.77, 0.87, 0.92, 0.26, 0.3, 0.87, 0.27, 0.71, 0.26, 0.0, 0.19, 0.89, 0.61, 0.3, 0.77, 0.84, 0.84, 0.84, 0.92, 0.64, 0.72, 0.88, 0.0, 0.0, 1.0, 0.27, 0.27, 0.0, 0.84, 0.14, 1.0, 0.26, 0.94, 0.13, 0.36, 0.35, 0.0, 0.79, 0.28, 0.33, 0.26, 0.83, 0.75, 0.79, 0.75, 0.81, 0.29, 0.75, 0.32, 0.71]"
793,117911,0.254,0.167,790,2025-02-23 07:23:37.405981,"['32219', '32224', '32225', '32226', '32236', '32239', '32240', '32244', '32246', '32247', '32261', '32269', '32276', '32281', '32287']","[3052, 2943, 2664, 2761, 4322, 712, 5195, 835, 216, 506, 576, 3406, 5541, 5614, 4520, 2050, 1359, 3500, 3951, 786, 2753, 4455, 2840, 2060, 2640, 4600, 211, 3029, 2505, 5460, 2620, 4033, 2498, 4000, 1176, 4003]","[0.43, 0.7, 0.75, 0.4, 0.74, 0.75, 0.28, 0.46, 0.34, 0.31, 0.25, 0.25, 0.25, 0.83, 0.5, 0.69, 0.29, 0.6, 0.74, 0.64, 0.48, 0.84, 0.25, 0.76, 0.62, 0.25, 0.25, 0.82, 0.51, 0.59, 0.75, 0.43, 0.75, 0.25, 0.59, 0.31, 0.82, 0.54, 0.36, 0.68, 0.73, 0.74, 0.72, 0.84, 0.8, 0.75, 0.78, 0.25, 0.49, 0.52, 0.41, 0.54, 0.6, 0.78, 0.11, 0.75, 0.52, 0.85, 0.12, 0.25, 0.43, 0.53, 0.83, 0.25, 0.69, 0.32, 0.71, 0.5, 0.76, 0.42, 0.7, 0.35, 0.52, 0.25, 0.57]"
794,573220,0.244,0.111,790,2025-02-23 07:23:37.527440,"['32214', '32221', '32226', '32238', '32242', '32243', '32248', '32262', '32263', '32265', '32270', '32274', '32275', '32283', '32286']","[5256, 3255, 3474, 5460, 5692, 1942, 668, 2943, 342, 4184, 295, 2640, 5065, 1164, 1117, 5801, 4547, 5459, 2761, 114, 3063, 4000, 3932, 1316, 5402, 3310, 5700, 4725, 2668, 2620, 4757, 5744, 5742, 3084, 3273, 1098]","[0.0, 0.81, 0.76, 0.32, 0.85, 0.8, 0.34, 0.75, 0.26, 0.23, 0.64, 0.65, 0.0, 0.88, 0.66, 0.74, 0.19, 0.74, 0.78, 0.67, 0.63, 0.88, 0.24, 0.78, 1.0, 0.72, 0.76, 0.88, 0.25, 0.75, 0.82, 0.29, 0.72, 0.35, 1.0, 0.19, 0.85, 0.61, 0.3, 0.78, 0.82, 0.83, 0.8, 0.9, 0.81, 0.82, 0.86, 0.26, 1.0, 1.0, 0.29, 1.0, 0.66, 0.81, 0.07, 0.75, 0.25, 0.92, 0.08, 0.17, 0.83, 0.17, 0.75, 0.21, 0.68, 0.25, 0.8, 0.69, 0.8, 0.5, 0.77, 0.29, 0.5, 0.36, 0.67]"
795,1586042,0.267,0.25,795,2025-02-23 07:23:37.777480,"['32219', '32221', '32224', '32226', '32234', '32242', '32243', '32247', '32248', '32251', '32253', '32263', '32265', '32286', '32287']","[3406, 5692, 5256, 1164, 5065, 5402, 1098, 342, 3450, 4547, 2640, 4184, 2498, 3255, 214, 605, 5460, 3263, 2668, 4396, 3084, 5744, 4176, 4000, 2339, 1293, 3310, 2761, 1316, 2943, 5459, 756, 5245, 3285, 295, 981]","[0.43, 0.8, 0.75, 0.38, 0.86, 1.0, 0.34, 1.0, 0.29, 0.2, 1.0, 0.64, 1.0, 0.89, 0.67, 0.77, 0.19, 0.74, 0.79, 0.7, 1.0, 0.9, 0.25, 0.8, 0.74, 0.71, 0.71, 0.88, 0.0, 0.75, 0.8, 0.28, 0.74, 0.25, 1.0, 0.17, 0.87, 0.75, 0.28, 0.75, 0.8, 0.85, 0.82, 0.9, 0.84, 0.81, 0.87, 0.24, 0.67, 0.25, 0.28, 1.0, 0.72, 0.8, 0.06, 0.81, 0.48, 0.9, 0.05, 0.13, 0.43, 0.43, 0.74, 0.19, 0.73, 0.24, 0.79, 0.67, 0.79, 0.43, 0.76, 0.28, 0.75, 0.25, 0.7]"
796,839534,0.177,0.361,795,2025-02-23 07:23:37.896961,"['32221', '32224', '32226', '32242', '32243', '32247', '32251', '32253', '32263', '32265', '32266', '32270', '32274', '32283', '32286']","[1316, 4396, 2498, 5065, 4547, 3406, 5692, 5460, 4184, 5208, 981, 3084, 2367, 3029, 5402, 3310, 1932, 1871, 3255, 3608, 214, 1098, 4322, 4000, 5256, 1164, 5541, 3249, 1611, 3593, 2664, 2761, 342, 2640, 2943, 3706]","[0.43, 0.8, 0.75, 0.38, 0.86, 0.77, 0.34, 1.0, 0.29, 0.19, 1.0, 0.65, 0.0, 0.89, 0.68, 0.78, 0.18, 0.74, 0.79, 0.7, 0.66, 0.91, 0.25, 0.8, 0.74, 0.71, 0.7, 0.88, 1.0, 0.0, 0.8, 0.28, 0.74, 0.0, 0.66, 0.18, 0.87, 1.0, 0.28, 0.75, 0.8, 0.85, 0.82, 0.9, 0.85, 0.81, 0.87, 0.23, 0.68, 0.25, 0.28, 1.0, 1.0, 0.79, 0.05, 0.81, 0.25, 0.9, 0.05, 0.12, 0.83, 0.43, 0.74, 0.18, 0.74, 0.24, 0.79, 0.67, 0.79, 0.25, 0.76, 0.28, 0.5, 0.38, 0.71]"
797,795526,0.273,0.556,795,2025-02-23 07:23:38.015617,"['32215', '32219', '32225', '32230', '32239', '32244', '32253', '32255', '32269', '32270', '32273', '32276', '32281', '32286', '32288']","[3052, 5195, 4033, 4226, 506, 539, 5760, 4723, 4003, 3703, 2378, 637, 882, 712, 557, 2840, 1359, 3720, 1553, 2050, 4600, 4322, 823, 4701, 2664, 5758, 4539, 2948, 3326, 5614, 576, 4975, 1331, 480, 5888, 4846]","[0.49, 0.75, 0.72, 0.47, 0.58, 0.25, 0.21, 0.36, 0.43, 0.42, 0.45, 0.25, 0.52, 0.76, 0.31, 0.63, 0.25, 0.39, 0.68, 0.62, 0.31, 0.79, 0.54, 0.74, 0.42, 0.25, 0.42, 0.72, 0.64, 0.68, 0.75, 0.63, 0.36, 0.65, 0.57, 0.51, 0.78, 0.42, 0.46, 0.25, 0.61, 1.0, 0.6, 0.73, 0.79, 0.58, 0.66, 0.59, 0.27, 0.58, 0.56, 0.47, 0.52, 0.73, 0.21, 0.75, 0.75, 0.68, 0.2, 0.75, 0.48, 0.64, 0.17, 0.34, 0.72, 0.41, 0.56, 0.5, 0.71, 0.41, 0.62, 0.43, 0.5, 0.54, 0.75]"
798,1247066,0.275,0.139,795,2025-02-23 07:23:38.134365,"['32214', '32217', '32228', '32238', '32245', '32246', '32251', '32253', '32262', '32263', '32265', '32266', '32274', '32286', '32287']","[4322, 2664, 114, 2498, 4757, 5238, 1176, 981, 1316, 5460, 5541, 2943, 5594, 5110, 2058, 4412, 3406, 3706, 3249, 712, 2281, 4033, 857, 5692, 1932, 4825, 3052, 2465, 2494, 5003, 3500, 5647, 2112, 5844, 2761, 331]","[1.0, 0.69, 0.72, 0.25, 0.78, 0.63, 0.29, 0.45, 0.39, 0.23, 0.58, 0.57, 0.41, 0.85, 1.0, 0.75, 0.26, 0.63, 0.78, 0.7, 0.55, 0.9, 0.35, 0.79, 0.75, 0.6, 0.53, 0.82, 0.59, 0.66, 0.69, 0.0, 0.75, 0.5, 0.69, 0.27, 0.82, 0.0, 0.35, 1.0, 0.73, 0.78, 0.74, 0.85, 0.87, 0.78, 0.8, 0.31, 0.0, 0.0, 0.38, 1.0, 1.0, 0.76, 0.06, 0.78, 0.6, 0.83, 0.06, 0.14, 1.0, 0.57, 0.63, 0.2, 0.76, 0.3, 0.71, 0.57, 0.76, 0.39, 0.7, 0.33, 0.5, 0.5, 0.62]"
799,227183,0.422,0.194,795,2025-02-23 07:23:38.248911,"['32219', '32221', '32226', '32231', '32234', '32242', '32243', '32248', '32251', '32253', '32261', '32263', '32273', '32283', '32286']","[1268, 5045, 835, 117, 506, 216, 539, 5541, 391, 3406, 2840, 3574, 2072, 3951, 2420, 734, 5256, 2753, 4442, 2612, 5614, 5692, 5195, 1098, 3052, 3063, 2620, 1117, 3703, 3263, 3255, 889, 5123, 4161, 3561, 5744]","[0.23, 0.76, 0.77, 0.18, 0.77, 1.0, 0.26, 0.75, 0.23, 0.4, 0.51, 0.6, 1.0, 0.86, 0.42, 0.64, 0.33, 1.0, 0.66, 0.57, 0.0, 0.75, 0.35, 0.74, 0.7, 0.69, 0.77, 0.86, 0.0, 0.0, 0.74, 0.4, 0.55, 0.41, 0.0, 0.32, 0.87, 1.0, 0.35, 0.75, 0.76, 0.75, 0.75, 0.85, 0.66, 0.58, 0.79, 1.0, 0.38, 0.75, 0.39, 0.26, 0.33, 0.8, 0.22, 0.48, 0.33, 0.86, 0.2, 0.0, 0.38, 0.37, 0.66, 0.35, 0.62, 0.32, 0.71, 0.65, 0.76, 0.25, 0.73, 0.34, 0.75, 0.42, 0.63]"
800,559670,0.332,0.389,800,2025-02-23 07:23:38.497176,"['32215', '32217', '32218', '32219', '32230', '32244', '32248', '32256', '32259', '32270', '32271', '32274', '32279', '32283', '32285']","[3703, 3052, 882, 557, 2612, 506, 4723, 5782, 4226, 2740, 2744, 823, 2840, 539, 2586, 5195, 4033, 5760, 4003, 838, 1553, 2378, 3383, 4701, 3308, 5385, 2839, 5918, 3326, 5658, 238, 637, 825, 835, 3720, 1740]","[0.41, 0.75, 0.74, 0.0, 0.75, 0.25, 0.18, 0.32, 0.4, 0.55, 0.39, 0.43, 0.56, 0.72, 0.2, 0.53, 1.0, 0.3, 0.61, 0.59, 0.21, 0.69, 0.62, 0.72, 0.39, 0.43, 0.43, 0.69, 0.62, 0.65, 0.0, 0.71, 0.28, 0.7, 0.25, 0.62, 0.74, 0.38, 0.47, 0.46, 0.56, 0.52, 0.75, 0.68, 0.69, 0.75, 0.62, 0.73, 0.18, 0.6, 0.62, 0.33, 0.34, 0.71, 0.33, 0.38, 0.75, 0.75, 0.33, 0.58, 0.83, 0.63, 0.45, 0.43, 0.66, 0.67, 0.53, 0.44, 0.68, 0.75, 0.59, 0.75, 0.54, 0.55, 0.41]"
801,986383,0.351,0.083,800,2025-02-23 07:23:38.626329,"['32219', '32224', '32225', '32231', '32242', '32246', '32247', '32251', '32264', '32266', '32269', '32270', '32275', '32286', '32288']","[2840, 506, 2664, 3285, 712, 3406, 835, 4322, 2943, 3052, 539, 1290, 2050, 5256, 216, 5541, 2761, 3263, 4033, 3706, 1077, 3500, 2612, 1098, 4161, 5195, 4003, 2620, 637, 5692, 117, 2072, 1316, 1268, 990, 3951]","[0.34, 0.74, 0.75, 0.31, 0.75, 1.0, 0.27, 0.46, 0.27, 0.34, 1.0, 1.0, 0.42, 0.85, 0.46, 0.66, 0.3, 1.0, 0.72, 0.65, 0.46, 0.81, 0.37, 0.76, 0.67, 0.64, 0.68, 0.84, 0.0, 0.52, 0.71, 0.43, 0.25, 1.0, 0.55, 0.31, 0.81, 1.0, 0.34, 0.68, 0.74, 0.76, 0.73, 0.86, 0.72, 0.69, 0.79, 0.43, 0.45, 0.51, 0.25, 0.44, 0.0, 0.77, 0.14, 1.0, 0.75, 0.85, 0.15, 0.32, 0.42, 0.83, 0.66, 0.29, 0.67, 0.33, 0.73, 0.61, 0.75, 0.47, 0.7, 0.36, 0.75, 0.4, 0.75]"
802,1465360,0.375,0.111,800,2025-02-23 07:23:38.745802,"['32219', '32225', '32226', '32242', '32243', '32247', '32248', '32264', '32269', '32270', '32273', '32275', '32283', '32286', '32288']","[539, 3703, 835, 882, 117, 3052, 5195, 506, 823, 4723, 5782, 637, 2840, 216, 4701, 2612, 2753, 5658, 1396, 4065, 2744, 2379, 4600, 4033, 3094, 1553, 889, 3951, 3561, 4003, 2499, 4226, 2740, 557, 1706, 5168]","[0.3, 0.64, 0.76, 0.26, 0.57, 1.0, 0.21, 0.38, 0.29, 0.52, 0.42, 1.0, 0.0, 0.77, 0.25, 0.54, 0.48, 0.37, 0.61, 0.56, 0.26, 0.69, 0.53, 0.72, 0.53, 0.54, 0.61, 0.77, 0.75, 0.75, 0.58, 0.61, 0.36, 1.0, 0.25, 0.51, 0.79, 0.42, 0.42, 0.53, 0.63, 0.61, 0.61, 0.76, 0.63, 0.51, 0.69, 0.68, 0.22, 0.58, 0.0, 0.25, 0.28, 0.75, 0.32, 0.25, 0.25, 0.73, 0.32, 1.0, 0.43, 0.67, 0.54, 0.43, 0.62, 0.44, 0.62, 0.53, 0.71, 0.25, 0.65, 0.43, 0.25, 0.48, 0.5]"
803,799500,0.26,0.444,800,2025-02-23 07:23:38.869532,"['32217', '32219', '32225', '32231', '32240', '32245', '32246', '32247', '32251', '32264', '32269', '32274', '32275', '32286', '32287']","[2664, 3052, 4757, 4412, 2112, 3500, 5647, 3665, 576, 2281, 2189, 4322, 5195, 2761, 4539, 2943, 1822, 5003, 1666, 2505, 990, 1932, 5238, 786, 3367, 5844, 2058, 3706, 981, 1098, 1077, 712, 4003, 4846, 145, 331]","[0.58, 0.61, 0.71, 1.0, 0.69, 0.75, 0.24, 0.39, 0.45, 0.3, 0.56, 0.25, 0.47, 0.82, 0.46, 0.71, 0.31, 0.75, 0.77, 0.73, 0.46, 0.88, 0.44, 0.78, 0.5, 0.52, 0.25, 0.76, 0.65, 0.73, 0.6, 0.75, 0.75, 0.75, 0.72, 0.36, 0.75, 0.75, 0.38, 0.66, 0.68, 0.7, 0.65, 0.82, 0.84, 0.77, 0.75, 0.39, 0.47, 0.52, 0.0, 0.7, 0.72, 0.71, 0.09, 1.0, 0.66, 0.76, 0.09, 0.18, 0.83, 0.67, 0.57, 0.22, 0.76, 0.36, 0.65, 0.51, 0.74, 0.38, 0.63, 0.4, 0.5, 0.25, 0.52]"
804,150076,0.261,0.306,800,2025-02-23 07:23:38.987072,"['32219', '32221', '32225', '32228', '32240', '32242', '32245', '32248', '32251', '32263', '32264', '32270', '32275', '32286', '32287']","[2664, 4322, 1316, 712, 2498, 5460, 5692, 3500, 990, 5594, 2943, 3052, 3406, 2640, 2058, 2761, 4412, 114, 2050, 5065, 835, 3706, 5654, 1098, 2112, 2843, 1176, 4520, 5614, 3084, 5647, 5541, 2465, 4184, 5844, 4033]","[0.45, 0.73, 0.73, 0.43, 0.78, 0.75, 0.28, 0.0, 0.32, 0.27, 0.6, 0.25, 0.4, 0.87, 1.0, 0.72, 0.25, 0.65, 0.77, 0.71, 0.55, 0.87, 0.34, 0.78, 0.66, 0.64, 1.0, 0.84, 0.75, 0.6, 0.73, 0.25, 0.65, 0.46, 1.0, 0.26, 0.8, 0.75, 0.32, 0.73, 0.76, 0.79, 0.74, 0.88, 0.79, 0.77, 0.81, 0.32, 0.56, 0.0, 0.25, 0.62, 0.67, 0.75, 0.09, 0.74, 1.0, 0.85, 0.09, 0.19, 0.45, 0.33, 0.67, 0.22, 0.72, 0.31, 0.74, 0.61, 0.76, 0.42, 0.7, 0.35, 0.5, 0.5, 0.61]"
805,921930,0.228,0.333,805,2025-02-23 07:23:39.240364,"['32221', '32242', '32243', '32244', '32247', '32248', '32251', '32261', '32263', '32265', '32266', '32270', '32274', '32283', '32286']","[5256, 1164, 4322, 3063, 2943, 214, 3406, 3255, 1316, 4547, 5541, 2640, 712, 3084, 3593, 3029, 3474, 1293, 3273, 2668, 4184, 1942, 5402, 2761, 295, 5692, 3330, 4396, 5790, 216, 668, 342, 2072, 3124, 1117, 2044]","[0.4, 0.8, 0.76, 0.37, 0.84, 0.78, 0.33, 0.75, 0.27, 0.22, 0.61, 0.63, 0.37, 0.89, 0.63, 0.75, 0.2, 0.71, 0.78, 0.67, 0.62, 0.89, 0.26, 0.77, 0.73, 0.7, 0.69, 0.87, 0.25, 0.25, 1.0, 0.33, 0.7, 0.0, 0.75, 0.2, 0.85, 0.25, 0.29, 0.76, 0.79, 0.81, 0.79, 0.89, 0.81, 0.8, 0.83, 0.0, 0.64, 0.25, 0.31, 0.75, 0.75, 0.79, 0.07, 0.76, 0.75, 0.89, 0.07, 0.15, 0.17, 0.4, 0.72, 0.21, 0.67, 0.26, 0.78, 0.69, 0.82, 0.25, 0.75, 0.27, 0.5, 0.38, 0.68]"
806,969448,0.317,0.139,805,2025-02-23 07:23:39.356571,"['32214', '32215', '32218', '32222', '32230', '32244', '32249', '32253', '32254', '32256', '32261', '32265', '32274', '32280', '32281']","[3052, 5195, 4226, 3720, 4953, 4003, 4033, 4600, 5760, 4119, 4062, 3158, 3703, 4455, 1553, 4846, 3326, 2586, 1359, 4954, 1822, 990, 1176, 5758, 4622, 539, 5098, 3285, 637, 2948, 2505, 3266, 3500, 2316, 882, 2058]","[1.0, 0.25, 0.72, 0.61, 0.25, 0.4, 0.22, 0.34, 0.25, 0.4, 0.46, 0.44, 0.54, 0.76, 0.29, 0.66, 0.25, 0.39, 0.7, 0.64, 0.3, 0.84, 0.55, 0.73, 0.35, 0.41, 0.31, 0.66, 0.71, 0.75, 0.25, 0.69, 0.34, 0.7, 0.65, 0.75, 0.73, 0.43, 0.45, 0.75, 1.0, 0.55, 0.75, 0.71, 0.84, 0.66, 0.62, 0.75, 0.29, 0.58, 0.59, 1.0, 0.64, 0.71, 0.14, 0.59, 0.69, 0.63, 0.17, 0.3, 0.33, 0.69, 0.42, 0.31, 0.71, 0.43, 0.67, 0.5, 0.74, 0.43, 0.6, 0.4, 0.56, 0.58, 0.47]"
807,494341,0.421,0.056,805,2025-02-23 07:23:39.475533,"['32214', '32230', '32243', '32244', '32247', '32251', '32254', '32261', '32263', '32265', '32266', '32269', '32283', '32286', '32287']","[117, 3951, 734, 216, 506, 2050, 835, 712, 2840, 539, 2943, 5541, 3052, 391, 5614, 3255, 1786, 2761, 5195, 3263, 2640, 2378, 576, 4000, 3406, 2620, 2753, 4322, 2664, 4033, 3285, 2270, 3703, 889, 5692, 3593]","[0.0, 0.73, 0.77, 0.28, 0.72, 0.74, 0.27, 0.46, 0.26, 0.38, 0.5, 0.59, 0.43, 0.85, 0.4, 0.65, 0.0, 0.53, 0.69, 0.58, 0.42, 0.8, 0.39, 0.73, 0.64, 0.64, 0.67, 0.83, 0.47, 1.0, 0.0, 0.48, 0.51, 0.25, 0.47, 0.34, 0.83, 0.75, 0.36, 0.62, 1.0, 0.71, 0.7, 0.84, 0.7, 0.65, 0.76, 0.25, 0.39, 0.25, 0.43, 0.25, 0.0, 0.79, 0.18, 0.75, 0.4, 0.82, 0.19, 0.37, 0.41, 0.43, 0.64, 0.34, 0.62, 0.34, 0.7, 0.64, 0.79, 0.75, 0.71, 0.32, 0.5, 0.0, 0.6]"
808,991044,0.282,0.556,805,2025-02-23 07:23:39.596163,"['32221', '32224', '32231', '32234', '32236', '32243', '32244', '32247', '32248', '32251', '32263', '32269', '32275', '32283', '32286']","[835, 539, 117, 2840, 506, 216, 3951, 1268, 3561, 391, 5045, 5541, 2753, 2612, 734, 3406, 2620, 3052, 5216, 5256, 3263, 2420, 2072, 3255, 712, 3703, 2943, 2640, 4322, 2847, 2761, 3574, 5535, 1942, 5195, 5264]","[0.27, 0.76, 0.78, 0.23, 0.73, 0.78, 0.28, 0.75, 0.23, 0.39, 0.75, 0.61, 0.42, 0.86, 0.4, 0.64, 0.33, 0.75, 0.67, 0.56, 0.0, 0.77, 0.25, 0.73, 0.68, 0.67, 0.73, 0.84, 0.42, 0.25, 1.0, 0.46, 0.51, 0.25, 0.25, 0.32, 0.85, 0.75, 0.35, 0.63, 0.73, 0.72, 0.72, 0.85, 0.65, 0.63, 0.77, 0.49, 0.39, 0.75, 0.41, 0.28, 0.35, 0.8, 0.21, 0.25, 0.34, 0.84, 0.22, 0.42, 0.39, 0.5, 0.67, 0.36, 0.6, 0.33, 0.72, 0.66, 0.79, 0.5, 0.72, 0.32, 0.5, 0.41, 0.61]"
809,905274,0.306,0.444,805,2025-02-23 07:23:39.724192,"['32215', '32219', '32222', '32225', '32226', '32231', '32239', '32244', '32246', '32249', '32256', '32262', '32269', '32279', '32281']","[5647, 2189, 4412, 5238, 4539, 2664, 4757, 2112, 2761, 3706, 3500, 5844, 3151, 5003, 1822, 3367, 2281, 5460, 2843, 1932, 3052, 4322, 111, 145, 1612, 331, 3592, 3665, 3293, 2494, 857, 786, 2316, 5829, 2058, 1666]","[0.66, 0.75, 0.71, 0.65, 0.75, 0.0, 0.28, 0.44, 1.0, 0.22, 0.59, 0.25, 0.75, 0.85, 0.55, 0.76, 0.25, 1.0, 0.79, 0.72, 0.54, 0.92, 0.35, 0.77, 0.51, 0.25, 0.4, 0.77, 0.68, 0.75, 0.75, 0.48, 0.75, 0.57, 0.76, 0.0, 0.77, 0.55, 0.35, 0.7, 0.7, 0.73, 0.75, 0.83, 0.89, 0.82, 0.76, 0.28, 1.0, 0.51, 0.42, 0.79, 0.82, 0.74, 0.05, 1.0, 0.69, 0.79, 0.06, 0.11, 0.52, 0.62, 0.57, 0.19, 0.74, 0.17, 0.67, 0.5, 0.79, 0.38, 0.67, 0.32, 0.52, 0.5, 0.59]"
810,540809,0.388,0.083,810,2025-02-23 07:23:39.986594,"['32215', '32218', '32219', '32229', '32231', '32239', '32240', '32252', '32253', '32254', '32271', '32273', '32279', '32281', '32283']","[2744, 3703, 5385, 3383, 2586, 3484, 2499, 882, 277, 3885, 3035, 2740, 2338, 915, 2879, 1596, 2839, 1020, 4226, 1761, 3052, 4723, 5915, 5782, 557, 122, 4804, 4554, 4319, 2011, 1204, 1788, 823, 3755, 5562, 5237]","[0.42, 0.25, 0.73, 0.44, 0.75, 1.0, 0.15, 0.26, 0.47, 0.67, 0.33, 0.38, 0.62, 0.64, 0.12, 0.0, 0.71, 0.0, 0.54, 0.52, 0.13, 0.61, 0.72, 0.67, 0.24, 0.0, 0.25, 0.59, 0.66, 0.71, 0.35, 0.82, 0.15, 0.78, 0.44, 0.76, 0.7, 0.32, 1.0, 0.25, 0.0, 0.38, 0.46, 0.57, 0.67, 0.38, 0.49, 0.82, 0.09, 0.66, 0.73, 0.28, 0.27, 0.69, 0.45, 0.26, 0.6, 0.25, 0.46, 0.75, 0.47, 0.74, 0.28, 0.48, 0.67, 0.5, 0.41, 0.5, 0.65, 0.5, 0.55, 0.5, 0.6, 0.65, 0.32]"
811,654945,0.278,0.5,810,2025-02-23 07:23:40.103638,"['32214', '32218', '32219', '32222', '32223', '32230', '32252', '32254', '32255', '32256', '32260', '32269', '32271', '32274', '32279']","[2586, 5760, 3052, 4319, 4226, 930, 4119, 3158, 5918, 4003, 3720, 374, 2547, 5385, 4033, 3326, 2338, 2910, 1868, 4954, 4988, 3998, 4846, 5098, 2744, 1533, 5195, 5899, 4663, 1770, 557, 823, 3703, 1553, 4062, 4953]","[1.0, 0.37, 0.69, 0.65, 0.0, 0.25, 0.17, 0.26, 0.75, 0.25, 0.42, 0.4, 0.57, 0.67, 0.21, 0.61, 1.0, 0.31, 0.65, 0.64, 0.22, 0.79, 0.66, 0.72, 0.24, 0.33, 0.23, 0.56, 0.76, 0.81, 0.37, 0.76, 0.25, 0.78, 0.64, 0.65, 0.67, 0.37, 0.75, 0.43, 0.25, 0.25, 0.75, 0.6, 0.82, 0.58, 0.75, 0.66, 0.19, 0.62, 0.69, 0.59, 0.59, 0.67, 0.21, 0.75, 0.74, 0.75, 0.22, 0.38, 0.17, 0.79, 0.31, 0.33, 0.78, 0.33, 0.43, 0.36, 0.66, 0.4, 0.55, 0.47, 0.59, 0.64, 0.37]"
812,470949,0.282,0.333,810,2025-02-23 07:23:40.221809,"['32217', '32218', '32219', '32223', '32229', '32241', '32253', '32257', '32259', '32260', '32269', '32273', '32274', '32279', '32284']","[4319, 2011, 5385, 2879, 1204, 4927, 5114, 5326, 4804, 2586, 3998, 5915, 2910, 3128, 1596, 2547, 525, 1585, 1569, 2338, 3484, 3383, 2273, 1007, 4122, 2609, 905, 4780, 5771, 3349, 5733, 277, 4156, 4988, 3089, 308]","[0.63, 0.23, 0.68, 1.0, 0.75, 0.25, 0.12, 0.19, 0.64, 1.0, 0.31, 0.31, 0.68, 0.54, 0.08, 0.25, 0.77, 0.15, 0.55, 0.57, 0.09, 0.67, 0.81, 0.68, 0.12, 0.21, 0.14, 0.0, 0.81, 0.85, 0.21, 0.88, 0.1, 0.87, 0.57, 0.84, 0.6, 0.27, 0.62, 0.0, 0.31, 0.25, 0.34, 0.0, 0.78, 1.0, 0.0, 0.85, 0.07, 0.69, 0.83, 0.45, 0.42, 0.63, 0.41, 0.25, 0.78, 0.27, 0.42, 0.75, 0.33, 0.86, 0.17, 0.45, 0.75, 1.0, 0.28, 0.26, 0.6, 0.41, 0.5, 0.56, 0.63, 0.74, 0.25]"
813,1585168,0.343,0.417,810,2025-02-23 07:23:40.336208,"['32219', '32222', '32226', '32230', '32236', '32249', '32252', '32254', '32256', '32265', '32269', '32271', '32274', '32279', '32280']","[4319, 4226, 2547, 4119, 3052, 2586, 374, 930, 1769, 1770, 5918, 2609, 525, 4988, 4953, 5655, 5760, 4003, 2656, 1297, 1868, 5385, 3158, 2910, 3694, 2338, 5817, 5195, 2106, 3998, 1533, 3244, 252, 2867, 5323, 4312]","[0.67, 0.35, 0.68, 0.7, 0.41, 0.0, 0.16, 0.26, 0.75, 0.48, 0.43, 0.4, 0.0, 0.66, 0.21, 0.62, 0.75, 0.31, 0.67, 0.66, 0.23, 0.81, 1.0, 0.73, 0.22, 0.31, 0.19, 0.54, 0.79, 0.84, 0.35, 0.76, 0.25, 0.79, 0.68, 1.0, 0.66, 0.37, 0.0, 0.43, 1.0, 0.43, 0.0, 0.59, 0.85, 0.61, 0.54, 0.65, 0.2, 0.62, 0.71, 1.0, 0.66, 0.66, 0.18, 0.75, 0.77, 0.0, 0.19, 0.33, 0.5, 0.81, 0.29, 0.3, 0.8, 0.0, 0.67, 0.34, 0.66, 0.38, 0.54, 0.48, 0.59, 0.65, 0.37]"
814,724245,0.254,0.194,810,2025-02-23 07:23:40.453863,"['32217', '32219', '32221', '32228', '32231', '32242', '32243', '32251', '32263', '32265', '32270', '32274', '32275', '32283', '32286']","[2664, 3706, 4520, 1666, 981, 3500, 342, 2498, 2843, 4757, 1538, 4184, 3255, 2112, 1098, 5460, 3029, 4257, 3367, 4617, 863, 5017, 5647, 5594, 2331, 5844, 2281, 4322, 3151, 114, 3293, 4412, 2494, 5692, 5238, 5065]","[0.5, 0.73, 0.73, 1.0, 0.81, 1.0, 0.3, 0.75, 0.36, 0.23, 0.62, 0.61, 0.36, 0.86, 1.0, 0.78, 0.21, 1.0, 0.78, 0.73, 0.6, 0.91, 0.3, 0.79, 0.66, 0.63, 0.58, 0.81, 0.75, 0.75, 0.75, 0.37, 0.69, 0.46, 0.7, 0.23, 0.81, 1.0, 0.3, 0.74, 0.73, 0.8, 0.77, 0.87, 0.85, 0.81, 0.83, 0.27, 0.61, 0.75, 0.35, 1.0, 0.77, 0.76, 0.05, 0.8, 0.25, 0.84, 0.06, 0.11, 0.0, 0.67, 0.68, 0.18, 0.79, 0.28, 0.74, 0.61, 0.77, 0.0, 0.72, 0.31, 0.25, 0.42, 0.65]"
815,151161,0.283,0.278,815,2025-02-23 07:23:40.703011,"['32214', '32219', '32221', '32234', '32242', '32251', '32262', '32263', '32265', '32266', '32269', '32270', '32274', '32275', '32286']","[2943, 4322, 2761, 2664, 5256, 5402, 5541, 3500, 5654, 3406, 4757, 712, 668, 5238, 2112, 2843, 449, 342, 3106, 5594, 2640, 2465, 4184, 3273, 2050, 2498, 5692, 4455, 5460, 3450, 4412, 3706, 2601, 5204, 1293, 3474]","[0.25, 0.73, 0.74, 0.43, 0.8, 1.0, 0.32, 0.0, 0.35, 0.25, 0.62, 0.59, 0.4, 0.87, 0.61, 0.74, 0.22, 0.68, 0.77, 0.69, 0.75, 0.88, 0.29, 0.78, 0.65, 0.63, 0.64, 0.85, 0.0, 0.6, 0.77, 0.35, 0.68, 0.42, 0.65, 0.24, 0.83, 0.0, 0.31, 0.73, 0.78, 0.79, 0.77, 0.87, 0.82, 0.8, 0.83, 0.28, 1.0, 0.25, 0.34, 1.0, 0.75, 0.77, 0.06, 1.0, 0.75, 0.84, 0.07, 0.14, 0.33, 0.67, 0.68, 0.2, 0.71, 0.29, 0.76, 0.62, 0.79, 0.43, 0.72, 0.33, 0.5, 0.41, 0.64]"
816,1130852,0.365,0.306,815,2025-02-23 07:23:40.822326,"['32219', '32224', '32225', '32226', '32228', '32231', '32242', '32245', '32247', '32263', '32269', '32275', '32286', '32287', '32288']","[3052, 4322, 4455, 5195, 2840, 4033, 835, 5264, 2943, 4520, 990, 2753, 2664, 3406, 5541, 712, 5460, 2761, 1176, 786, 2498, 2505, 1098, 216, 2620, 2050, 3951, 506, 5654, 5692, 2640, 3285, 4846, 539, 5758, 117]","[0.43, 0.67, 0.74, 0.4, 0.71, 1.0, 0.28, 0.45, 0.36, 0.35, 1.0, 0.25, 0.0, 0.83, 0.25, 0.68, 0.32, 1.0, 0.72, 0.64, 0.45, 0.83, 0.39, 0.75, 0.57, 0.57, 0.59, 0.82, 1.0, 0.6, 0.7, 1.0, 0.54, 0.25, 0.58, 0.36, 0.81, 0.48, 0.37, 0.63, 0.71, 0.71, 0.71, 0.82, 0.77, 0.71, 0.77, 0.44, 0.42, 0.0, 0.42, 0.51, 0.56, 0.77, 0.12, 0.75, 0.51, 0.78, 0.13, 0.28, 0.46, 0.67, 0.6, 0.27, 0.68, 0.34, 0.69, 0.57, 0.76, 0.46, 0.68, 0.37, 0.25, 0.0, 0.5]"
817,693621,0.301,0.361,815,2025-02-23 07:23:40.935232,"['32219', '32224', '32228', '32236', '32245', '32247', '32251', '32262', '32263', '32266', '32270', '32275', '32286', '32287', '32288']","[3052, 4322, 5614, 506, 4033, 3406, 576, 2943, 2847, 4455, 5541, 712, 3285, 2664, 2050, 5264, 4000, 2620, 2840, 3263, 4846, 2761, 2640, 5195, 835, 4003, 2498, 786, 5692, 5460, 3500, 1176, 1273, 3951, 5700, 2236]","[0.44, 0.66, 0.74, 0.41, 0.69, 0.75, 0.27, 0.44, 0.37, 0.36, 1.0, 0.53, 0.47, 0.83, 0.0, 0.67, 0.34, 0.54, 0.71, 0.64, 0.43, 0.82, 0.25, 0.75, 0.55, 0.56, 0.58, 0.81, 0.55, 0.61, 0.68, 0.0, 0.52, 0.25, 0.58, 0.38, 0.8, 0.75, 0.38, 0.62, 0.7, 0.69, 0.69, 0.81, 0.77, 0.7, 0.76, 0.46, 0.0, 0.0, 0.44, 0.51, 0.75, 0.76, 0.13, 0.61, 0.75, 0.77, 0.13, 0.29, 0.46, 0.67, 0.58, 0.28, 0.68, 0.35, 0.68, 0.56, 0.76, 0.46, 0.68, 0.37, 0.5, 0.5, 0.5]"
818,958812,0.281,0.333,815,2025-02-23 07:23:41.053558,"['32219', '32221', '32228', '32242', '32246', '32251', '32262', '32263', '32265', '32266', '32269', '32283', '32286', '32287', '32288']","[712, 4322, 5541, 3052, 3406, 5614, 835, 3263, 2943, 539, 2050, 4033, 2664, 506, 2640, 2761, 5195, 2840, 4161, 3951, 216, 1786, 5692, 3285, 1268, 5700, 2060, 786, 5256, 4003, 1164, 4000, 576, 1316, 2753, 406]","[0.36, 0.72, 0.75, 0.32, 0.73, 0.75, 0.29, 0.25, 0.31, 0.35, 0.55, 0.56, 0.43, 0.85, 0.75, 0.67, 0.31, 0.59, 0.71, 0.63, 0.47, 0.82, 0.36, 0.75, 0.63, 0.61, 0.67, 0.84, 0.25, 0.53, 0.74, 0.43, 0.75, 0.45, 0.54, 0.33, 0.83, 0.75, 0.35, 0.65, 0.73, 0.73, 0.73, 0.84, 0.74, 0.7, 0.8, 0.43, 0.0, 0.25, 0.39, 0.25, 0.75, 0.78, 0.12, 0.75, 0.44, 0.81, 0.13, 0.29, 0.44, 0.44, 0.63, 0.28, 0.66, 0.33, 0.71, 0.61, 0.77, 0.5, 0.71, 0.35, 0.5, 0.5, 0.75]"
819,1514926,0.337,0.25,815,2025-02-23 07:23:41.170461,"['32214', '32219', '32221', '32240', '32242', '32245', '32251', '32262', '32263', '32269', '32270', '32274', '32283', '32286', '32287']","[3500, 2112, 2664, 4757, 5594, 5460, 4412, 5238, 2756, 3592, 5647, 990, 41, 2281, 2331, 4539, 145, 2498, 5065, 2494, 342, 331, 3706, 5003, 1612, 2761, 3151, 2843, 4617, 4520, 5844, 3392, 2232, 4164, 4184, 3493]","[1.0, 0.69, 0.72, 0.53, 0.77, 0.75, 0.31, 0.0, 0.41, 0.25, 0.61, 0.56, 0.43, 0.85, 0.59, 0.74, 0.24, 0.66, 0.77, 0.71, 0.57, 0.89, 0.32, 0.78, 0.59, 0.58, 1.0, 0.83, 1.0, 0.67, 0.73, 0.0, 0.65, 0.48, 0.69, 0.27, 0.81, 0.75, 0.34, 0.71, 0.75, 0.76, 0.74, 0.85, 0.85, 0.8, 0.81, 0.29, 1.0, 1.0, 0.37, 0.71, 0.75, 0.76, 0.06, 1.0, 0.75, 0.81, 0.06, 0.13, 0.17, 0.54, 0.64, 0.2, 0.73, 0.31, 0.73, 0.58, 0.78, 0.0, 0.7, 0.34, 0.5, 0.75, 0.62]"
820,509625,0.347,0.389,820,2025-02-23 07:23:41.442014,"['32215', '32217', '32223', '32226', '32230', '32252', '32253', '32254', '32255', '32265', '32269', '32271', '32274', '32279', '32280']","[4226, 3052, 4319, 5760, 2586, 3326, 3720, 2338, 4003, 5385, 4846, 3703, 557, 4119, 882, 823, 930, 4338, 4723, 2744, 5918, 525, 1740, 277, 5195, 637, 3158, 5782, 4033, 2378, 2547, 4954, 1331, 3383, 4883, 5285]","[0.55, 0.25, 0.7, 0.75, 0.38, 0.31, 0.18, 0.28, 0.54, 0.0, 0.39, 0.38, 1.0, 0.67, 0.2, 0.57, 0.75, 0.25, 0.63, 0.6, 0.18, 0.75, 0.67, 0.72, 0.26, 0.32, 0.29, 0.58, 0.72, 0.75, 0.38, 0.78, 0.2, 0.77, 0.58, 0.7, 0.7, 0.35, 0.25, 0.25, 0.25, 0.25, 0.44, 0.59, 0.77, 0.49, 0.54, 0.74, 0.16, 0.62, 0.69, 0.0, 0.47, 0.68, 0.29, 0.75, 0.69, 0.75, 0.28, 0.52, 1.0, 0.74, 0.32, 0.41, 0.69, 0.67, 0.5, 0.38, 0.68, 0.44, 0.58, 0.54, 0.61, 0.65, 0.38]"
821,764465,0.32,0.167,820,2025-02-23 07:23:41.556024,"['32215', '32226', '32230', '32239', '32242', '32246', '32247', '32251', '32259', '32263', '32269', '32280', '32281', '32283', '32287']","[2761, 4322, 2664, 1098, 4033, 835, 712, 3052, 2943, 2281, 5692, 506, 3593, 5195, 3406, 1316, 4539, 4184, 3263, 576, 5541, 211, 2498, 4003, 3285, 188, 5614, 5654, 2112, 5065, 4987, 2843, 4520, 2620, 4757, 5647]","[0.43, 1.0, 0.74, 0.43, 0.74, 0.65, 0.28, 0.45, 0.35, 0.3, 0.56, 0.57, 0.75, 0.84, 0.52, 0.71, 1.0, 0.6, 0.74, 0.66, 0.49, 0.86, 0.36, 0.77, 0.6, 1.0, 0.6, 0.81, 1.0, 0.6, 0.71, 0.45, 1.0, 0.75, 0.62, 0.32, 0.83, 0.75, 0.32, 0.67, 0.73, 0.73, 0.71, 0.83, 0.79, 1.0, 0.79, 0.39, 0.5, 0.25, 0.4, 0.57, 0.63, 0.76, 0.1, 1.0, 0.53, 0.81, 0.09, 0.24, 0.47, 0.52, 0.62, 0.26, 0.68, 0.35, 0.67, 0.75, 0.79, 0.75, 0.72, 0.38, 0.52, 0.0, 0.59]"
822,592169,0.321,0.306,820,2025-02-23 07:23:41.674672,"['32214', '32217', '32218', '32219', '32223', '32230', '32244', '32252', '32254', '32256', '32259', '32269', '32271', '32274', '32279']","[3052, 4033, 4003, 5658, 539, 4226, 3720, 5195, 557, 5782, 3703, 3326, 506, 2948, 5888, 1331, 3094, 4846, 1553, 823, 5315, 4723, 3266, 882, 2840, 2378, 5465, 5760, 1740, 3701, 480, 990, 835, 4557, 4600, 5614]","[0.75, 0.57, 0.73, 0.0, 0.0, 0.25, 0.22, 0.36, 0.4, 0.0, 0.45, 0.47, 0.51, 0.76, 0.3, 0.61, 0.75, 0.38, 0.65, 0.6, 0.28, 0.77, 0.53, 0.74, 0.42, 0.45, 0.48, 0.72, 0.59, 0.64, 1.0, 0.65, 0.33, 0.63, 0.54, 0.55, 0.78, 0.42, 0.25, 0.5, 0.25, 0.58, 1.0, 0.72, 0.73, 1.0, 0.66, 0.64, 0.26, 0.57, 0.56, 0.41, 0.44, 0.73, 0.24, 0.25, 0.56, 1.0, 0.22, 0.47, 1.0, 0.61, 0.46, 0.37, 0.66, 0.67, 0.58, 0.48, 0.74, 0.48, 0.66, 0.47, 0.57, 0.56, 0.48]"
823,1255611,0.366,0.222,820,2025-02-23 07:23:41.789444,"['32224', '32228', '32230', '32234', '32238', '32242', '32243', '32245', '32247', '32248', '32251', '32263', '32265', '32283', '32286']","[4455, 3052, 4322, 576, 4000, 2943, 2761, 5541, 3285, 2050, 4345, 3266, 449, 712, 4062, 480, 5614, 814, 4975, 2058, 4033, 2664, 2840, 5675, 4003, 786, 2236, 650, 4846, 5555, 2640, 4954, 3406, 3263, 5465, 1786]","[0.47, 0.65, 0.73, 0.48, 0.68, 0.57, 0.26, 0.41, 0.39, 0.32, 1.0, 0.53, 0.45, 0.81, 0.0, 0.69, 0.0, 0.54, 0.73, 0.66, 0.25, 0.86, 0.42, 0.77, 1.0, 0.53, 0.52, 0.77, 0.25, 1.0, 0.65, 0.75, 0.51, 0.0, 1.0, 0.38, 0.8, 0.0, 0.35, 0.62, 0.69, 0.68, 0.66, 0.79, 0.8, 0.69, 0.75, 0.44, 0.44, 0.0, 0.45, 1.0, 0.64, 0.74, 0.11, 0.66, 0.58, 0.76, 0.1, 0.26, 0.49, 0.57, 0.56, 0.27, 0.69, 0.39, 0.66, 0.54, 0.77, 0.5, 0.69, 0.41, 0.75, 0.5, 0.55]"
824,1380934,0.348,0.417,820,2025-02-23 07:23:41.904136,"['32217', '32223', '32229', '32230', '32241', '32250', '32257', '32259', '32260', '32265', '32266', '32269', '32273', '32280', '32284']","[2910, 4780, 715, 5753, 4319, 4988, 5521, 1012, 2609, 2769, 525, 4119, 4641, 1770, 5771, 3998, 2693, 2547, 1297, 1868, 3581, 1533, 5267, 1561, 2586, 4312, 3089, 5326, 914, 1596, 5915, 2482, 5385, 5413, 3244, 930]","[0.79, 0.2, 0.66, 0.75, 0.22, 0.09, 0.13, 0.18, 0.77, 0.0, 0.35, 0.26, 0.7, 0.54, 0.13, 1.0, 1.0, 0.16, 0.67, 0.66, 0.11, 0.81, 0.81, 0.72, 0.1, 0.17, 0.08, 0.0, 0.88, 0.91, 0.19, 0.9, 0.12, 0.9, 0.74, 0.83, 0.0, 0.29, 0.58, 0.27, 0.32, 0.28, 0.25, 0.0, 0.88, 0.0, 0.0, 0.8, 0.11, 0.68, 0.82, 1.0, 1.0, 0.59, 0.25, 0.0, 0.89, 0.24, 0.25, 0.0, 0.63, 0.9, 0.16, 0.39, 0.79, 0.64, 0.0, 0.24, 0.61, 0.34, 0.5, 0.62, 0.67, 0.76, 0.25]"
825,217303,0.186,0.278,825,2025-02-23 07:23:42.153962,"['32221', '32230', '32231', '32242', '32243', '32248', '32251', '32262', '32263', '32265', '32270', '32274', '32275', '32283', '32286']","[1164, 3330, 5256, 3255, 5402, 67, 3572, 756, 3786, 3273, 2980, 3063, 214, 5276, 2668, 2044, 5609, 5459, 4444, 342, 5027, 535, 2019, 5692, 2253, 5245, 4725, 3161, 4547, 806, 5134, 3450, 1293, 1893, 2072, 3029]","[0.36, 0.86, 0.77, 0.31, 0.91, 0.85, 0.37, 1.0, 0.23, 0.15, 0.66, 0.72, 0.3, 0.91, 0.75, 0.79, 0.0, 1.0, 0.8, 0.7, 0.73, 0.91, 0.18, 0.8, 0.83, 0.75, 0.8, 0.91, 0.0, 0.75, 0.88, 0.2, 0.82, 0.27, 0.75, 0.11, 0.88, 0.75, 0.24, 0.86, 0.85, 0.89, 0.87, 0.93, 0.81, 0.86, 0.89, 0.17, 1.0, 0.0, 0.2, 1.0, 0.72, 0.81, 0.04, 0.83, 0.0, 0.94, 0.05, 0.1, 0.0, 0.0, 0.79, 0.16, 0.67, 0.2, 0.86, 0.75, 0.8, 0.25, 0.79, 0.25, 0.25, 0.31, 0.75]"
826,450208,0.319,0.333,825,2025-02-23 07:23:42.269430,"['32215', '32219', '32222', '32223', '32225', '32226', '32230', '32231', '32249', '32265', '32269', '32274', '32280', '32281', '32287']","[3052, 4003, 4226, 3720, 814, 1359, 5555, 3094, 4954, 576, 4846, 5899, 1331, 3326, 506, 2948, 1553, 4883, 5195, 5760, 480, 2378, 5675, 4299, 4033, 5567, 2551, 3285, 1822, 2058, 2943, 4600, 5603, 5098, 253, 3665]","[0.59, 1.0, 0.72, 0.59, 0.6, 0.25, 0.21, 0.39, 0.75, 0.0, 0.48, 0.25, 1.0, 0.76, 0.37, 0.68, 0.75, 0.0, 0.71, 0.67, 0.34, 0.85, 0.52, 0.75, 0.42, 0.44, 0.36, 0.69, 0.67, 0.73, 0.54, 0.6, 0.41, 0.65, 0.65, 0.0, 0.76, 0.44, 0.42, 0.58, 0.61, 0.61, 0.6, 0.74, 0.83, 0.68, 0.65, 0.51, 0.34, 0.55, 0.54, 0.75, 0.64, 0.71, 0.14, 0.75, 0.66, 0.68, 0.15, 0.25, 1.0, 0.69, 0.44, 0.27, 0.73, 0.41, 1.0, 0.75, 0.71, 0.4, 0.62, 0.41, 0.55, 0.75, 0.48]"
827,1173865,0.338,0.306,825,2025-02-23 07:23:42.386007,"['32219', '32221', '32223', '32224', '32230', '32242', '32243', '32246', '32263', '32265', '32266', '32269', '32270', '32275', '32286']","[3406, 5692, 4322, 2498, 5541, 4520, 2761, 5256, 2664, 1316, 2640, 5208, 981, 114, 1176, 5460, 3029, 5402, 3249, 5065, 2943, 857, 3706, 1164, 4547, 342, 1932, 5264, 4000, 3500, 1098, 3310, 835, 4757, 5110, 1666]","[0.46, 0.74, 0.75, 0.43, 0.82, 1.0, 0.3, 1.0, 0.34, 0.0, 1.0, 0.63, 0.39, 0.86, 0.6, 0.75, 0.75, 0.68, 0.77, 0.69, 0.58, 0.89, 0.31, 0.78, 0.68, 0.63, 0.62, 0.84, 0.75, 0.25, 0.76, 0.35, 0.75, 0.42, 0.65, 0.23, 0.84, 0.56, 0.31, 0.76, 0.76, 0.8, 0.77, 0.87, 0.83, 0.8, 0.81, 0.29, 0.6, 0.25, 0.33, 1.0, 1.0, 0.77, 0.07, 0.75, 0.25, 0.87, 0.08, 0.14, 0.45, 0.67, 0.66, 0.2, 0.7, 0.28, 0.76, 0.65, 0.76, 0.42, 0.73, 0.31, 0.5, 0.4, 0.65]"
828,1564952,0.354,0.278,825,2025-02-23 07:23:42.508731,"['32214', '32225', '32226', '32230', '32244', '32248', '32249', '32253', '32256', '32266', '32269', '32276', '32281', '32287', '32288']","[3052, 4003, 5195, 4033, 3720, 506, 4846, 4226, 3326, 4600, 3094, 1553, 1331, 3703, 4455, 576, 2943, 2761, 4539, 539, 5614, 2050, 5758, 5760, 5465, 4622, 2378, 2840, 449, 2664, 835, 786, 637, 5888, 4723, 814]","[0.25, 0.56, 0.73, 0.49, 0.61, 0.5, 0.21, 0.4, 0.42, 0.39, 0.47, 0.0, 1.0, 0.77, 0.35, 0.65, 1.0, 0.44, 0.69, 0.64, 0.33, 0.81, 0.5, 0.74, 0.45, 0.46, 0.43, 0.72, 0.62, 0.67, 0.75, 0.59, 0.39, 0.62, 0.75, 0.25, 0.77, 0.44, 0.42, 0.75, 0.62, 0.62, 1.0, 0.75, 0.79, 0.64, 0.67, 0.55, 0.31, 0.56, 0.53, 0.51, 0.75, 0.73, 0.18, 0.75, 0.6, 0.71, 0.19, 0.32, 0.48, 0.64, 0.17, 0.3, 0.69, 0.41, 0.59, 0.5, 0.71, 0.43, 0.64, 0.41, 0.55, 0.5, 0.5]"
829,1421148,0.224,0.361,825,2025-02-23 07:23:42.629380,"['32214', '32221', '32230', '32231', '32234', '32242', '32243', '32251', '32263', '32265', '32270', '32274', '32275', '32283', '32286']","[5692, 1316, 3310, 5256, 2943, 1164, 3084, 2640, 3255, 342, 2498, 4396, 1098, 3593, 5460, 3029, 2664, 598, 981, 4184, 5110, 3406, 712, 2761, 5402, 3063, 4000, 4322, 1942, 3474, 4520, 2620, 5700, 2838, 5801, 5744]","[0.25, 0.78, 0.76, 0.37, 0.84, 0.75, 0.31, 0.75, 0.29, 0.21, 0.6, 0.65, 0.36, 0.88, 0.63, 0.75, 0.0, 1.0, 0.77, 0.69, 1.0, 0.89, 0.27, 0.78, 0.73, 0.66, 0.69, 0.86, 1.0, 0.75, 0.8, 0.31, 0.7, 0.38, 0.62, 0.2, 0.85, 0.75, 0.29, 0.78, 0.79, 0.83, 0.8, 0.89, 0.81, 0.8, 0.84, 0.27, 0.63, 0.25, 0.3, 0.75, 0.67, 0.79, 0.07, 0.76, 0.25, 0.89, 0.08, 0.15, 1.0, 0.17, 0.7, 0.2, 0.68, 0.26, 0.79, 0.68, 0.77, 0.5, 0.75, 0.3, 0.5, 0.37, 0.67]"
830,167747,0.393,0.194,830,2025-02-23 07:23:42.875348,"['32219', '32221', '32224', '32228', '32243', '32247', '32248', '32251', '32262', '32263', '32264', '32265', '32266', '32283', '32286']","[2620, 3263, 3052, 4000, 539, 5541, 2664, 506, 5460, 391, 3951, 2753, 117, 835, 5195, 2050, 3255, 4161, 5692, 3406, 4520, 4033, 712, 2943, 1098, 576, 216, 4322, 2840, 2847, 4600, 2761, 2498, 5256, 3090, 4184]","[0.36, 0.71, 0.76, 0.32, 0.72, 1.0, 0.29, 1.0, 0.29, 0.35, 0.75, 0.59, 0.42, 0.83, 0.25, 0.66, 0.34, 0.55, 0.71, 0.63, 0.42, 0.81, 0.36, 0.75, 0.63, 0.61, 0.67, 0.82, 0.49, 1.0, 0.71, 0.47, 0.55, 0.0, 1.0, 0.34, 0.81, 1.0, 0.35, 0.65, 0.71, 0.73, 0.74, 0.84, 0.74, 0.69, 0.78, 0.45, 0.0, 1.0, 0.0, 0.0, 0.75, 0.78, 0.15, 0.6, 0.44, 0.84, 0.15, 0.33, 0.46, 0.48, 0.64, 0.28, 0.66, 0.34, 0.7, 0.62, 0.77, 0.25, 0.71, 0.34, 0.25, 0.44, 0.56]"
831,446890,0.253,0.167,830,2025-02-23 07:23:42.998027,"['32214', '32219', '32221', '32242', '32243', '32248', '32261', '32262', '32263', '32265', '32270', '32274', '32275', '32283', '32286']","[3593, 5256, 5692, 1316, 2761, 2498, 114, 4184, 5460, 4396, 4322, 1164, 2664, 4547, 3474, 981, 2943, 49, 5065, 3310, 2112, 3084, 4412, 3500, 5402, 3406, 1932, 4757, 342, 5541, 2060, 3596, 211, 2843, 3263, 1176]","[0.0, 0.75, 0.76, 0.4, 0.81, 1.0, 0.33, 1.0, 0.3, 0.23, 0.6, 0.63, 0.37, 0.87, 0.61, 0.75, 0.23, 0.69, 0.78, 0.7, 0.58, 0.89, 0.28, 0.78, 0.7, 0.66, 0.68, 0.85, 1.0, 0.0, 0.78, 0.35, 0.7, 0.44, 0.75, 0.22, 0.83, 0.56, 0.3, 0.74, 0.77, 0.81, 0.8, 0.88, 0.82, 0.8, 0.83, 0.0, 1.0, 0.0, 0.33, 0.75, 0.7, 0.78, 0.06, 0.77, 1.0, 0.89, 0.07, 0.15, 0.83, 0.83, 0.71, 0.19, 0.71, 0.28, 0.77, 0.65, 0.8, 0.5, 0.75, 0.29, 0.5, 0.41, 0.62]"
832,1528397,0.212,0.167,830,2025-02-23 07:23:43.117076,"['32219', '32221', '32234', '32243', '32248', '32251', '32262', '32263', '32264', '32265', '32266', '32274', '32283', '32286', '32287']","[1164, 806, 3063, 3310, 4459, 4500, 734, 2072, 2980, 3255, 5747, 3829, 2446, 2695, 2246, 1575, 4807, 1395, 2341, 5290, 4651, 2253, 1266, 5402, 4965, 5696, 535, 3593, 1240, 1117, 5256, 5313, 4639, 3975, 4504, 3064]","[0.22, 0.87, 0.8, 0.16, 0.89, 0.75, 0.38, 0.75, 0.15, 0.23, 0.63, 0.73, 0.29, 0.91, 0.68, 0.73, 0.18, 0.77, 0.76, 0.63, 1.0, 0.85, 0.18, 0.78, 0.85, 0.8, 0.89, 0.92, 0.29, 0.0, 0.88, 0.22, 0.79, 0.26, 0.0, 0.14, 0.87, 0.75, 0.24, 0.8, 0.85, 0.88, 0.87, 0.93, 0.69, 0.78, 0.9, 0.25, 1.0, 0.0, 0.0, 0.0, 1.0, 0.84, 0.08, 0.73, 0.26, 0.95, 0.09, 0.22, 0.67, 0.26, 0.82, 0.22, 0.61, 0.23, 0.85, 0.77, 0.83, 1.0, 0.8, 0.24, 0.5, 0.0, 0.71]"
833,1433855,0.378,0.139,830,2025-02-23 07:23:43.239928,"['32217', '32219', '32221', '32223', '32226', '32242', '32247', '32251', '32262', '32263', '32264', '32270', '32286', '32287', '32288']","[2843, 2761, 4757, 2058, 5248, 4322, 2112, 2664, 5460, 3500, 2943, 5195, 4412, 786, 1612, 576, 5402, 5647, 3052, 2498, 1098, 4033, 5003, 5692, 835, 5654, 145, 2281, 3706, 3255, 1932, 857, 1359, 5844, 5238, 3474]","[0.48, 0.7, 0.75, 0.25, 0.76, 0.25, 0.31, 0.0, 0.34, 0.0, 0.57, 0.6, 0.0, 0.85, 0.55, 0.73, 0.27, 0.63, 0.76, 0.69, 0.52, 0.88, 0.33, 0.77, 0.63, 0.61, 0.61, 0.82, 1.0, 0.62, 0.73, 0.42, 0.63, 0.25, 0.67, 0.27, 0.81, 0.75, 0.33, 0.7, 0.73, 0.77, 0.76, 0.85, 0.81, 0.77, 0.8, 0.33, 0.75, 0.0, 0.0, 0.63, 0.68, 0.77, 0.08, 0.73, 0.75, 0.86, 0.09, 0.19, 0.49, 0.53, 0.66, 0.21, 0.71, 0.3, 0.73, 0.61, 0.78, 0.44, 0.72, 0.32, 0.25, 0.0, 0.5]"
834,34335,0.337,0.306,830,2025-02-23 07:23:43.358664,"['32218', '32219', '32222', '32223', '32244', '32252', '32253', '32254', '32256', '32261', '32266', '32271', '32279', '32280', '32285']","[5195, 3052, 4226, 4033, 4953, 4003, 3703, 4600, 990, 1553, 4723, 506, 3720, 539, 5760, 3694, 5918, 5888, 4455, 4942, 2664, 4412, 4539, 1359, 2586, 1822, 786, 3500, 2948, 3729, 3285, 2840, 4120, 882, 838, 2316]","[0.57, 0.5, 0.72, 0.55, 0.75, 0.25, 0.23, 0.36, 1.0, 0.75, 0.44, 0.47, 0.52, 0.75, 0.3, 0.64, 0.46, 0.39, 0.69, 0.66, 0.3, 0.82, 0.53, 0.74, 0.38, 0.43, 0.37, 0.68, 0.68, 0.73, 0.75, 0.66, 0.37, 0.7, 0.65, 0.53, 0.75, 0.41, 0.25, 0.75, 1.0, 0.58, 0.25, 0.71, 0.81, 0.65, 0.65, 1.0, 0.27, 0.57, 0.59, 0.57, 1.0, 0.72, 0.17, 0.57, 0.64, 1.0, 0.17, 0.34, 0.53, 0.7, 0.47, 0.29, 0.72, 0.67, 0.33, 0.48, 0.73, 0.43, 0.62, 0.0, 0.54, 0.56, 0.44]"
835,1391331,0.378,0.167,835,2025-02-23 07:23:43.605400,"['32218', '32219', '32226', '32230', '32238', '32239', '32240', '32242', '32248', '32253', '32261', '32264', '32270', '32283', '32287']","[3052, 539, 4033, 4723, 4003, 2840, 5195, 506, 5888, 2612, 3703, 3285, 3720, 3749, 4226, 117, 1176, 2948, 2620, 2050, 5614, 4600, 1553, 4846, 990, 1359, 4065, 3326, 5098, 2761, 5541, 712, 835, 2664, 557, 637]","[0.42, 0.61, 0.74, 0.37, 0.75, 1.0, 0.24, 0.39, 0.38, 0.41, 0.45, 0.5, 1.0, 0.76, 0.32, 0.63, 0.25, 0.46, 0.69, 0.6, 0.34, 0.77, 0.48, 0.72, 0.25, 1.0, 1.0, 0.76, 0.75, 0.63, 0.59, 0.58, 0.42, 0.6, 1.0, 0.47, 0.8, 0.43, 0.41, 1.0, 0.66, 0.62, 0.66, 0.76, 0.75, 0.62, 0.7, 1.0, 0.31, 0.55, 1.0, 0.43, 0.48, 0.74, 0.2, 0.51, 1.0, 0.71, 0.21, 0.39, 0.47, 0.6, 0.54, 0.34, 0.68, 0.4, 0.63, 0.53, 0.75, 1.0, 0.67, 0.39, 0.53, 1.0, 0.5]"
836,356965,0.212,0.25,835,2025-02-23 07:23:43.719406,"['32214', '32219', '32221', '32242', '32243', '32245', '32248', '32262', '32263', '32264', '32265', '32270', '32275', '32283', '32286']","[5256, 4184, 3474, 5460, 342, 5065, 2664, 3255, 295, 114, 5692, 4547, 4757, 3450, 3151, 3500, 2112, 2843, 981, 2761, 2943, 3248, 5594, 1164, 1098, 2498, 4710, 3706, 2668, 5238, 1293, 2640, 1117, 4412, 668, 49]","[0.0, 0.78, 0.75, 0.37, 0.83, 1.0, 0.33, 1.0, 0.3, 0.21, 0.6, 0.63, 0.36, 0.86, 0.61, 0.76, 0.23, 0.72, 0.79, 0.68, 0.63, 0.88, 0.27, 0.77, 0.71, 0.69, 0.69, 0.87, 0.25, 0.75, 0.78, 0.25, 0.71, 0.4, 0.75, 0.2, 0.84, 0.57, 0.28, 0.74, 0.8, 0.81, 0.81, 0.88, 0.82, 0.8, 0.84, 0.27, 1.0, 1.0, 0.25, 1.0, 0.71, 0.78, 0.06, 0.77, 1.0, 0.88, 0.07, 0.15, 0.45, 0.33, 0.73, 0.2, 0.72, 0.25, 0.78, 0.65, 0.81, 0.25, 0.76, 0.29, 0.5, 0.39, 0.67]"
837,812169,0.168,0.361,835,2025-02-23 07:23:43.838630,"['32219', '32221', '32224', '32234', '32242', '32243', '32248', '32263', '32265', '32266', '32270', '32274', '32275', '32283', '32286']","[5256, 1117, 214, 1164, 3255, 668, 3376, 5402, 3330, 3063, 4547, 5245, 1942, 2072, 3029, 3450, 3273, 3406, 4257, 3310, 5065, 3786, 342, 2019, 1316, 2367, 3932, 5027, 2044, 2668, 3474, 2640, 1196, 4725, 2980, 5692]","[0.34, 0.84, 0.77, 0.27, 0.88, 1.0, 0.37, 0.75, 0.23, 0.18, 1.0, 0.68, 0.3, 0.89, 0.69, 0.78, 0.18, 0.79, 0.8, 0.68, 0.75, 0.89, 0.2, 0.78, 0.8, 0.77, 0.79, 0.91, 0.25, 0.25, 0.84, 0.26, 0.79, 0.31, 0.75, 0.14, 0.87, 0.62, 0.24, 0.8, 0.84, 0.86, 0.85, 0.92, 0.8, 0.82, 0.88, 0.21, 0.71, 0.75, 0.24, 1.0, 1.0, 0.81, 0.05, 0.8, 0.25, 0.92, 0.06, 0.13, 0.17, 0.0, 0.79, 0.18, 0.69, 0.21, 0.83, 0.72, 0.83, 0.25, 0.79, 0.25, 0.25, 0.34, 0.73]"
838,1531588,0.358,0.361,835,2025-02-23 07:23:43.963715,"['32219', '32221', '32224', '32238', '32242', '32245', '32247', '32248', '32251', '32263', '32266', '32270', '32275', '32286', '32287']","[2761, 4322, 5541, 712, 2840, 3263, 3052, 2943, 3285, 2664, 4161, 2640, 3406, 5256, 5692, 1316, 4033, 786, 1176, 4000, 2058, 2498, 5614, 576, 4547, 1273, 2050, 5460, 5402, 4455, 1787, 1098, 4003, 4520, 1786, 5216]","[0.42, 0.73, 0.75, 0.36, 0.76, 1.0, 0.3, 0.25, 0.32, 0.28, 0.75, 0.59, 0.4, 0.83, 0.51, 0.71, 0.31, 0.63, 0.75, 0.65, 0.53, 0.84, 0.33, 0.76, 1.0, 0.64, 0.64, 0.84, 0.25, 0.59, 0.72, 0.75, 0.62, 0.0, 0.75, 0.28, 0.83, 0.75, 0.32, 0.68, 0.75, 0.75, 0.76, 0.85, 0.79, 0.74, 0.8, 0.36, 0.51, 0.0, 0.37, 0.55, 0.75, 0.77, 0.11, 0.68, 0.75, 0.83, 0.11, 0.23, 0.45, 0.67, 0.67, 0.25, 0.7, 0.3, 0.73, 0.61, 0.79, 0.46, 0.73, 0.32, 0.75, 0.5, 0.62]"
839,1069633,0.363,0.056,835,2025-02-23 07:23:44.081684,"['32219', '32224', '32228', '32234', '32245', '32247', '32248', '32251', '32261', '32263', '32265', '32266', '32270', '32275', '32286']","[5541, 2943, 5614, 216, 2050, 4000, 4033, 4322, 3052, 2620, 506, 3561, 5195, 3406, 2060, 539, 5700, 2236, 3951, 5692, 2761, 1273, 211, 2640, 406, 835, 3263, 4442, 2840, 391, 1531, 4003, 386, 4345, 3593, 576]","[0.34, 0.73, 0.76, 0.27, 0.73, 1.0, 0.28, 0.46, 0.29, 0.35, 0.25, 0.58, 0.41, 0.82, 0.0, 0.67, 0.36, 0.58, 0.71, 0.61, 0.0, 0.79, 0.36, 0.73, 0.64, 0.64, 0.68, 0.84, 0.46, 0.53, 0.71, 0.0, 0.56, 0.0, 1.0, 0.33, 0.84, 0.25, 0.34, 0.64, 0.74, 0.72, 0.75, 0.83, 0.73, 0.67, 0.78, 0.0, 0.42, 0.25, 0.4, 0.25, 0.75, 0.78, 0.15, 0.57, 0.25, 0.82, 0.16, 0.34, 0.44, 0.5, 0.66, 0.3, 0.65, 0.33, 0.72, 0.61, 0.78, 0.49, 0.73, 0.34, 0.75, 0.43, 0.59]"
840,1020900,0.368,0.306,840,2025-02-23 07:23:44.331070,"['32215', '32229', '32230', '32248', '32252', '32255', '32256', '32259', '32271', '32274', '32277', '32279', '32280', '32283', '32285']","[3703, 3052, 4226, 4723, 882, 557, 5195, 277, 539, 2744, 838, 5760, 5385, 2586, 823, 4033, 5782, 5237, 5918, 4003, 2338, 3383, 3885, 2612, 2879, 2499, 4319, 4119, 2740, 637, 4600, 506, 3326, 5371, 4701, 2096]","[0.45, 0.25, 0.74, 0.4, 0.41, 0.4, 0.18, 0.3, 0.46, 0.58, 0.37, 0.41, 0.6, 0.68, 0.17, 0.75, 1.0, 0.28, 0.6, 0.57, 0.17, 0.69, 0.66, 0.7, 0.31, 0.38, 0.36, 0.6, 0.63, 0.68, 0.42, 0.76, 0.23, 0.74, 0.25, 0.68, 0.73, 0.36, 0.25, 0.39, 0.53, 0.25, 0.25, 0.6, 0.7, 0.75, 0.55, 0.75, 0.14, 0.62, 0.65, 0.34, 0.36, 0.72, 0.38, 0.36, 0.59, 0.75, 0.31, 0.6, 0.33, 0.7, 0.38, 0.67, 0.67, 0.83, 0.67, 0.45, 0.65, 0.5, 0.55, 0.75, 0.59, 0.58, 0.39]"
841,139382,0.318,0.111,840,2025-02-23 07:23:44.446831,"['32221', '32224', '32225', '32230', '32242', '32243', '32248', '32251', '32263', '32265', '32270', '32274', '32275', '32286', '32287']","[2943, 3406, 5541, 2640, 5692, 712, 2664, 5256, 5402, 4000, 3255, 4161, 4322, 216, 2050, 3263, 5700, 1164, 1786, 3500, 2761, 835, 5460, 4520, 3228, 3285, 2048, 2620, 2339, 5614, 5744, 3029, 2465, 1382, 5594, 2058]","[0.41, 0.75, 0.76, 0.34, 0.8, 0.73, 0.31, 0.25, 0.28, 0.25, 0.75, 1.0, 0.37, 0.87, 0.58, 0.72, 0.25, 0.68, 0.76, 0.67, 0.56, 0.87, 0.29, 0.77, 0.67, 0.66, 0.68, 0.83, 0.0, 0.75, 0.75, 0.37, 0.66, 0.41, 1.0, 0.24, 0.84, 0.75, 0.31, 0.73, 0.8, 0.78, 0.78, 0.86, 0.79, 0.78, 0.83, 0.32, 0.57, 0.25, 0.33, 1.0, 0.63, 0.79, 0.09, 0.73, 0.0, 0.86, 0.07, 0.2, 0.0, 0.33, 0.69, 0.24, 0.71, 0.29, 0.76, 0.65, 0.78, 0.44, 0.74, 0.34, 0.5, 0.5, 0.64]"
842,627973,0.257,0.222,840,2025-02-23 07:23:44.562619,"['32217', '32219', '32228', '32230', '32234', '32242', '32247', '32261', '32263', '32265', '32266', '32273', '32274', '32275', '32286']","[3052, 5541, 2943, 2761, 506, 5460, 4003, 5614, 1098, 2620, 4322, 835, 4000, 5692, 3500, 2664, 216, 3263, 4455, 2060, 712, 5195, 4520, 5256, 2840, 2050, 990, 4033, 4846, 3474, 786, 1316, 539, 5264, 2498, 1382]","[0.44, 0.69, 0.75, 0.25, 0.74, 1.0, 0.27, 0.44, 0.33, 0.3, 0.56, 0.56, 0.42, 0.84, 0.25, 0.69, 0.75, 0.6, 0.74, 0.66, 0.25, 0.86, 0.37, 0.76, 0.59, 0.59, 0.59, 0.78, 1.0, 0.58, 0.68, 0.46, 0.57, 0.0, 0.58, 0.32, 0.82, 0.52, 0.35, 0.67, 0.75, 0.72, 0.73, 0.82, 0.79, 0.75, 0.79, 0.0, 0.47, 0.75, 0.4, 0.75, 0.75, 0.77, 0.12, 0.68, 0.52, 0.8, 0.08, 0.0, 0.67, 0.33, 0.62, 0.27, 0.71, 0.34, 0.71, 0.6, 0.75, 0.44, 0.7, 0.37, 0.25, 0.44, 0.59]"
843,387771,0.335,0.028,840,2025-02-23 07:23:44.681212,"['32221', '32224', '32230', '32234', '32242', '32243', '32245', '32248', '32251', '32263', '32265', '32266', '32270', '32283', '32286']","[835, 734, 2072, 216, 3255, 2420, 391, 5157, 5256, 5522, 1164, 5535, 3593, 3481, 4725, 3063, 1268, 5402, 4396, 2840, 1316, 2761, 539, 2620, 3951, 668, 3406, 2753, 2668, 2664, 3474, 4322, 5245, 2715, 3310, 1103]","[0.22, 0.82, 0.79, 0.15, 0.81, 0.84, 0.31, 0.25, 0.18, 0.31, 1.0, 0.64, 0.36, 0.88, 0.53, 0.68, 0.0, 0.67, 0.71, 0.59, 1.0, 0.8, 0.27, 0.75, 0.75, 0.73, 0.81, 0.87, 0.75, 0.25, 0.8, 0.0, 0.66, 0.33, 0.75, 0.24, 0.87, 1.0, 0.3, 0.73, 0.82, 0.8, 0.81, 0.88, 0.64, 0.7, 0.86, 0.38, 0.51, 0.75, 0.3, 0.0, 0.0, 0.83, 0.15, 0.6, 0.25, 0.89, 0.12, 0.35, 0.38, 0.31, 0.75, 0.32, 0.63, 0.3, 0.79, 0.72, 0.78, 1.0, 0.75, 0.32, 0.0, 0.35, 0.67]"
844,1542083,0.289,0.028,840,2025-02-23 07:23:44.798981,"['32224', '32230', '32240', '32242', '32243', '32246', '32247', '32248', '32251', '32263', '32266', '32275', '32283', '32286', '32287']","[835, 539, 216, 5195, 117, 506, 2840, 3951, 5541, 734, 3255, 2753, 3052, 1098, 3593, 889, 4322, 2664, 5535, 391, 1268, 2050, 4065, 4600, 2612, 5045, 5692, 2761, 2420, 3406, 2620, 1942, 4033, 1706, 5614, 2943]","[0.28, 0.74, 0.78, 0.21, 0.74, 0.75, 0.28, 0.47, 0.24, 0.36, 1.0, 0.59, 0.41, 0.84, 0.44, 0.65, 0.25, 0.58, 0.69, 0.59, 0.43, 0.78, 0.35, 0.74, 0.66, 0.65, 1.0, 0.82, 0.75, 0.25, 0.73, 0.44, 0.75, 0.75, 0.75, 0.32, 0.84, 0.25, 0.34, 0.66, 0.77, 0.73, 0.75, 0.84, 0.67, 0.67, 0.8, 0.46, 0.42, 0.75, 0.38, 0.33, 0.0, 0.8, 0.19, 0.55, 0.37, 0.83, 0.15, 0.39, 0.41, 0.17, 0.67, 0.35, 0.64, 0.34, 0.73, 0.65, 0.75, 0.25, 0.71, 0.36, 0.25, 0.0, 0.61]"
845,901629,0.264,0.139,845,2025-02-23 07:23:45.044056,"['32221', '32224', '32226', '32242', '32243', '32251', '32262', '32263', '32265', '32269', '32270', '32274', '32275', '32283', '32286']","[4396, 3255, 1871, 1316, 5256, 5065, 4184, 1942, 4547, 1117, 342, 5692, 5402, 3474, 3310, 981, 1098, 1196, 2367, 3084, 3063, 3029, 841, 295, 214, 3786, 5460, 1164, 3330, 5812, 2072, 3675, 1611, 1026, 4725, 4257]","[0.36, 0.85, 0.76, 0.32, 0.89, 0.83, 0.37, 1.0, 0.23, 0.2, 1.0, 0.67, 0.0, 0.9, 0.72, 0.77, 0.16, 0.79, 0.79, 0.7, 0.7, 0.91, 0.2, 0.8, 0.81, 0.75, 0.79, 0.91, 0.75, 0.0, 0.86, 0.23, 0.81, 0.27, 0.63, 0.13, 0.87, 1.0, 0.25, 0.81, 0.84, 0.87, 0.83, 0.92, 0.79, 0.82, 0.88, 0.18, 1.0, 0.75, 0.22, 1.0, 0.69, 0.82, 0.04, 1.0, 0.0, 0.92, 0.05, 0.11, 0.83, 0.17, 0.79, 0.17, 0.69, 0.23, 0.82, 0.72, 0.84, 0.25, 0.77, 0.28, 0.25, 0.33, 0.72]"
846,1279084,0.315,0.472,845,2025-02-23 07:23:45.165832,"['32214', '32217', '32223', '32224', '32226', '32228', '32230', '32236', '32244', '32246', '32255', '32263', '32264', '32269', '32274']","[2664, 3706, 4322, 4539, 3500, 2112, 4412, 5844, 5647, 4757, 3406, 5692, 2189, 2281, 3749, 1666, 2843, 5654, 5003, 863, 3151, 5238, 1098, 576, 2058, 857, 5195, 4520, 2498, 111, 712, 981, 1932, 1822, 1612, 4083]","[0.75, 0.67, 0.72, 1.0, 0.77, 0.58, 0.29, 0.45, 0.42, 0.0, 0.75, 0.55, 1.0, 0.84, 1.0, 0.75, 0.75, 0.65, 0.79, 0.72, 0.56, 0.91, 0.75, 0.79, 0.58, 0.56, 0.5, 0.81, 0.63, 0.71, 1.0, 0.41, 1.0, 0.5, 0.71, 0.26, 0.8, 0.54, 0.34, 0.71, 0.73, 0.75, 0.7, 0.83, 0.86, 0.8, 0.79, 0.27, 0.59, 0.0, 0.25, 0.75, 0.78, 0.75, 0.05, 1.0, 0.63, 0.82, 0.06, 0.1, 0.17, 0.62, 0.62, 0.19, 0.75, 0.3, 0.68, 0.59, 0.78, 0.38, 0.68, 0.35, 0.51, 0.45, 0.61]"
847,551804,0.307,0.389,845,2025-02-23 07:23:45.285359,"['32214', '32215', '32217', '32222', '32226', '32244', '32248', '32252', '32254', '32256', '32265', '32273', '32274', '32279', '32285']","[3052, 4226, 4003, 3720, 5195, 4033, 5760, 1553, 3703, 3326, 4600, 557, 4723, 4119, 2586, 5758, 4846, 4953, 506, 4954, 2948, 882, 637, 1359, 3266, 5888, 2840, 5385, 4338, 930, 3094, 4319, 823, 2316, 1822, 2776]","[0.75, 0.25, 0.71, 0.25, 0.49, 0.35, 0.19, 0.32, 0.25, 0.48, 0.42, 0.41, 0.75, 0.69, 0.25, 0.61, 0.55, 0.34, 0.68, 0.64, 0.25, 0.81, 0.61, 0.74, 0.32, 0.37, 0.31, 0.64, 0.71, 0.77, 0.0, 0.69, 0.3, 0.72, 0.75, 0.6, 0.72, 0.39, 0.25, 0.46, 0.75, 0.49, 0.75, 0.64, 0.81, 0.6, 0.59, 0.62, 0.24, 0.61, 0.62, 0.75, 0.57, 0.7, 0.2, 0.52, 0.69, 0.57, 0.22, 0.25, 1.0, 0.75, 0.4, 0.34, 0.72, 0.83, 0.49, 0.43, 0.68, 0.4, 0.57, 0.75, 0.57, 0.58, 0.44]"
848,1177461,0.411,0.139,845,2025-02-23 07:23:45.402083,"['32214', '32223', '32225', '32226', '32230', '32238', '32239', '32248', '32249', '32261', '32269', '32270', '32276', '32287', '32288']","[3052, 2050, 539, 506, 2840, 2761, 4003, 576, 5195, 4033, 2943, 3703, 712, 5888, 1553, 3951, 4322, 835, 2058, 4600, 2948, 216, 1359, 4723, 4161, 117, 4796, 637, 5614, 2060, 4975, 4701, 2664, 786, 3883, 2753]","[0.0, 0.65, 0.74, 0.36, 0.66, 0.6, 0.24, 0.42, 0.35, 0.25, 0.46, 0.75, 0.0, 0.79, 0.35, 0.63, 0.0, 0.47, 0.68, 0.61, 0.33, 0.8, 0.46, 0.74, 0.75, 0.0, 0.57, 0.8, 0.53, 0.6, 0.62, 0.54, 0.44, 0.54, 1.0, 0.0, 0.8, 0.46, 0.41, 0.56, 0.67, 0.65, 0.63, 0.78, 0.73, 0.63, 0.72, 1.0, 0.33, 0.56, 0.48, 0.41, 0.46, 0.77, 0.18, 0.25, 0.75, 0.75, 0.2, 0.37, 0.43, 0.57, 0.33, 0.33, 0.66, 0.39, 0.64, 0.54, 0.74, 0.45, 0.66, 0.4, 0.53, 0.5, 0.5]"
849,601746,0.395,0.167,845,2025-02-23 07:23:45.520892,"['32214', '32226', '32248', '32254', '32255', '32256', '32257', '32259', '32266', '32271', '32274', '32279', '32280', '32284', '32285']","[4723, 557, 3703, 882, 3383, 5385, 2586, 539, 3052, 4319, 2338, 2839, 4003, 5658, 838, 3326, 5782, 4226, 2879, 4701, 1331, 2744, 3035, 2740, 253, 5195, 5285, 5918, 277, 1761, 4535, 5562, 823, 5760, 3720, 5326]","[0.0, 0.45, 0.73, 0.42, 0.42, 0.39, 0.17, 0.31, 0.45, 0.61, 0.35, 0.39, 1.0, 0.65, 0.16, 0.52, 0.64, 0.25, 0.59, 0.56, 0.16, 0.7, 0.67, 0.7, 0.31, 0.37, 0.38, 0.65, 0.64, 0.69, 0.4, 0.75, 0.21, 0.73, 0.75, 0.69, 0.73, 0.35, 0.53, 0.37, 0.0, 0.25, 0.0, 1.0, 0.7, 0.75, 0.55, 0.76, 0.14, 0.63, 0.68, 0.32, 0.0, 0.73, 0.37, 0.32, 0.58, 1.0, 0.39, 0.59, 0.83, 0.71, 0.38, 0.45, 0.65, 0.33, 0.17, 0.41, 0.66, 0.45, 0.25, 0.75, 0.58, 0.59, 0.41]"
850,875459,0.324,0.167,850,2025-02-23 07:23:45.781747,"['32219', '32225', '32226', '32230', '32236', '32238', '32240', '32244', '32249', '32253', '32259', '32270', '32281', '32283', '32287']","[539, 2840, 3052, 835, 506, 3703, 5195, 216, 4723, 117, 2753, 557, 3951, 2378, 882, 823, 637, 2612, 4065, 5658, 5614, 712, 4033, 3561, 2943, 4701, 238, 4322, 2050, 4600, 4003, 5782, 4732, 2289, 5758, 990]","[0.32, 0.63, 0.76, 0.27, 0.58, 0.75, 0.23, 0.39, 0.31, 0.5, 0.45, 0.0, 0.25, 0.79, 0.29, 0.59, 0.25, 0.42, 0.63, 0.58, 0.28, 0.7, 1.0, 0.72, 0.75, 0.55, 0.75, 0.79, 0.51, 0.56, 0.75, 0.6, 0.4, 0.57, 0.45, 1.0, 0.82, 0.42, 0.44, 0.0, 0.64, 0.63, 0.63, 0.78, 0.65, 1.0, 0.69, 0.62, 0.27, 0.56, 0.5, 0.28, 0.35, 0.77, 0.27, 0.42, 0.25, 0.74, 0.29, 0.52, 0.42, 0.53, 0.55, 0.42, 0.61, 0.4, 0.6, 0.75, 0.74, 0.5, 0.67, 0.38, 0.51, 0.5, 0.49]"
851,904984,0.385,0.167,850,2025-02-23 07:23:45.897167,"['32217', '32223', '32244', '32248', '32252', '32256', '32259', '32260', '32266', '32269', '32271', '32274', '32279', '32280', '32281']","[557, 5385, 882, 3052, 3383, 5760, 4226, 4723, 3703, 2586, 2879, 3720, 4319, 4119, 2740, 823, 5782, 525, 3326, 2744, 539, 4033, 506, 4003, 4663, 3266, 2338, 5658, 4338, 5236, 5562, 1788, 5195, 5888, 2378, 1761]","[0.5, 0.43, 0.73, 0.25, 0.39, 0.38, 0.18, 0.3, 0.49, 0.0, 0.38, 0.41, 0.59, 0.68, 0.18, 0.55, 0.63, 0.27, 0.61, 0.6, 0.18, 0.7, 0.67, 0.71, 0.31, 0.37, 0.32, 0.65, 0.68, 0.73, 0.25, 0.76, 0.24, 0.74, 1.0, 0.69, 0.75, 0.34, 0.75, 0.41, 0.49, 0.46, 0.0, 0.62, 0.72, 1.0, 1.0, 0.74, 0.15, 0.62, 0.67, 0.36, 0.0, 0.71, 0.32, 0.0, 0.61, 0.75, 0.34, 0.56, 0.83, 0.71, 0.37, 0.44, 0.68, 1.0, 0.0, 0.25, 0.69, 0.46, 0.58, 0.46, 0.55, 0.6, 0.39]"
852,513360,0.278,0.083,850,2025-02-23 07:23:46.011838,"['32214', '32217', '32224', '32225', '32231', '32239', '32242', '32245', '32251', '32262', '32263', '32265', '32275', '32281', '32286']","[1098, 5460, 2761, 5692, 5256, 4520, 216, 342, 1316, 1942, 3706, 5594, 5065, 4322, 5238, 4757, 2664, 2843, 981, 668, 5402, 2465, 712, 2112, 5216, 2668, 4184, 3500, 3084, 3255, 5121, 5204, 2943, 1290, 4951, 3474]","[0.75, 0.75, 0.75, 0.0, 0.81, 0.73, 0.31, 0.5, 0.31, 0.24, 1.0, 1.0, 0.38, 0.86, 0.6, 0.72, 0.24, 1.0, 0.76, 0.7, 0.59, 0.88, 0.3, 0.79, 0.69, 1.0, 0.66, 0.86, 0.75, 0.59, 0.77, 0.75, 0.69, 0.42, 0.62, 0.22, 0.85, 0.25, 0.31, 0.74, 0.78, 0.81, 0.78, 0.89, 0.8, 0.79, 0.83, 0.29, 1.0, 1.0, 0.31, 1.0, 0.68, 0.79, 0.07, 0.75, 0.48, 0.86, 0.08, 0.16, 0.44, 0.17, 0.67, 0.23, 0.7, 0.28, 0.73, 0.75, 0.78, 0.45, 0.74, 0.31, 0.5, 0.39, 0.63]"
853,1507073,0.209,0.25,850,2025-02-23 07:23:46.131029,"['32221', '32225', '32228', '32234', '32242', '32251', '32262', '32263', '32266', '32269', '32270', '32275', '32281', '32286', '32287']","[2943, 712, 2664, 4322, 2761, 3406, 5541, 835, 5256, 3255, 1942, 216, 1786, 5692, 2640, 5402, 3500, 3052, 2838, 668, 3029, 5195, 5614, 3706, 1117, 1098, 4412, 786, 4184, 4757, 3263, 1268, 5594, 1164, 1316, 4520]","[0.4, 0.74, 0.75, 0.36, 0.78, 0.72, 0.3, 0.0, 0.3, 0.28, 0.58, 0.75, 0.39, 0.85, 0.75, 0.71, 0.27, 0.66, 0.74, 0.68, 0.75, 0.86, 0.32, 0.78, 0.68, 0.64, 0.66, 0.85, 0.25, 0.58, 0.75, 0.39, 0.66, 0.43, 0.59, 0.25, 0.84, 0.75, 0.33, 0.71, 0.77, 0.79, 0.77, 0.87, 0.77, 0.76, 0.81, 0.33, 0.25, 0.75, 0.34, 0.55, 1.0, 0.79, 0.08, 1.0, 0.25, 0.85, 0.1, 0.21, 0.43, 0.33, 0.66, 0.25, 0.68, 0.3, 0.72, 0.75, 0.78, 0.46, 0.73, 0.32, 0.5, 0.5, 0.61]"
854,38072,0.283,0.472,850,2025-02-23 07:23:46.252145,"['32215', '32218', '32222', '32230', '32236', '32244', '32253', '32255', '32265', '32269', '32273', '32274', '32279', '32280', '32281']","[2586, 4226, 3052, 5760, 4119, 5385, 3720, 4319, 930, 5918, 3158, 3703, 4003, 4954, 2547, 2609, 4033, 1553, 4953, 4988, 374, 557, 2744, 525, 1868, 882, 2910, 2338, 3885, 292, 4663, 3326, 3383, 2948, 4338, 3139]","[0.66, 0.75, 0.7, 0.65, 0.25, 0.25, 0.17, 0.27, 0.75, 0.52, 0.4, 0.38, 0.61, 0.65, 0.19, 0.58, 0.75, 0.27, 0.65, 0.66, 0.19, 0.78, 0.75, 0.73, 0.24, 0.29, 0.2, 0.58, 0.78, 0.82, 0.0, 0.78, 0.23, 0.79, 0.62, 0.71, 0.71, 0.35, 0.53, 0.75, 0.46, 0.0, 0.44, 0.57, 0.81, 0.57, 0.53, 0.7, 0.17, 0.62, 0.7, 0.75, 0.59, 0.68, 0.23, 0.25, 0.75, 0.46, 0.25, 0.0, 0.83, 0.79, 0.3, 0.38, 0.75, 0.67, 0.5, 0.5, 0.68, 0.41, 0.54, 0.48, 0.57, 0.63, 0.37]"
855,1601857,0.319,0.25,855,2025-02-23 07:23:46.504649,"['32215', '32222', '32226', '32230', '32236', '32239', '32249', '32253', '32265', '32266', '32269', '32274', '32281', '32285', '32288']","[3052, 5760, 5195, 4033, 4003, 4226, 2586, 3703, 3720, 4953, 506, 5899, 5918, 4600, 449, 4954, 2378, 4119, 4539, 4455, 5758, 1359, 4062, 3500, 3285, 1331, 4846, 712, 4975, 990, 1553, 4319, 3326, 882, 823, 4883]","[0.58, 0.75, 0.71, 0.59, 0.52, 0.39, 0.22, 0.35, 0.75, 0.42, 0.47, 0.43, 0.75, 0.73, 0.28, 0.64, 0.25, 0.38, 0.68, 0.65, 0.27, 0.79, 0.25, 0.74, 0.36, 0.25, 0.33, 0.66, 0.71, 0.76, 0.47, 0.66, 0.33, 0.71, 0.64, 1.0, 0.73, 0.42, 0.46, 0.25, 0.57, 0.56, 0.54, 0.69, 0.83, 0.67, 0.62, 0.6, 0.28, 0.58, 0.61, 0.75, 0.75, 0.7, 0.17, 0.75, 0.69, 0.59, 0.19, 0.34, 0.17, 0.71, 0.39, 0.3, 0.73, 0.47, 0.53, 0.5, 0.69, 0.42, 0.59, 0.25, 0.56, 0.56, 0.25]"
856,85609,0.39,0.222,855,2025-02-23 07:23:46.625647,"['32218', '32226', '32231', '32238', '32239', '32243', '32251', '32254', '32264', '32266', '32269', '32279', '32281', '32283', '32287']","[216, 835, 391, 3593, 734, 5541, 117, 1268, 5045, 5195, 5123, 506, 4322, 2072, 4033, 889, 539, 3255, 2840, 5465, 3406, 4176, 3063, 3951, 4396, 2943, 2668, 3574, 1948, 2753, 386, 5535, 3310, 5522, 2078, 1164]","[0.24, 0.78, 0.77, 0.2, 0.0, 0.79, 0.3, 0.49, 0.23, 0.4, 0.5, 0.6, 1.0, 0.85, 0.42, 0.61, 0.34, 1.0, 0.66, 0.58, 0.41, 0.73, 0.33, 0.72, 1.0, 1.0, 0.76, 0.87, 0.39, 0.0, 0.76, 0.41, 0.51, 0.41, 0.43, 0.34, 0.85, 0.0, 0.34, 0.63, 1.0, 0.76, 0.75, 0.85, 0.67, 0.64, 0.8, 0.5, 0.4, 0.51, 0.0, 0.28, 0.0, 0.79, 0.22, 0.75, 0.35, 0.84, 0.21, 0.46, 0.4, 0.38, 0.65, 0.35, 0.58, 0.0, 0.73, 0.5, 0.79, 0.25, 0.74, 0.36, 0.5, 0.25, 0.6]"
857,1322149,0.359,0.167,855,2025-02-23 07:23:46.748325,"['32214', '32222', '32224', '32225', '32226', '32239', '32251', '32253', '32264', '32265', '32269', '32274', '32276', '32287', '32288']","[3052, 2050, 506, 712, 4003, 2840, 1359, 2943, 3720, 5888, 4322, 4455, 5541, 2664, 539, 5614, 5195, 4825, 3883, 3951, 3285, 1176, 3094, 2640, 4033, 5098, 1786, 3266, 786, 835, 4622, 5465, 2058, 576, 4723, 4316]","[0.0, 0.64, 0.74, 0.43, 0.66, 0.59, 0.27, 0.43, 0.0, 0.37, 1.0, 0.25, 0.0, 0.8, 0.39, 0.66, 0.38, 0.51, 0.69, 0.64, 0.38, 0.8, 0.42, 0.75, 0.53, 0.25, 0.53, 0.78, 0.58, 0.64, 0.63, 0.51, 0.46, 0.56, 0.58, 0.41, 0.79, 0.0, 0.39, 0.75, 0.67, 0.68, 0.66, 0.79, 0.79, 0.7, 0.73, 0.5, 0.39, 0.54, 0.75, 0.75, 0.55, 0.75, 0.16, 0.75, 0.55, 0.74, 0.16, 0.33, 1.0, 0.56, 0.67, 0.29, 0.68, 0.39, 0.64, 0.56, 0.75, 0.46, 0.67, 0.41, 0.53, 0.75, 0.75]"
858,1346591,0.369,0.306,855,2025-02-23 07:23:46.865008,"['32222', '32229', '32232', '32233', '32254', '32260', '32268', '32269', '32271', '32272', '32274', '32277', '32279', '32280', '32283']","[4319, 3703, 2879, 3484, 882, 2839, 2744, 5385, 2586, 3383, 5915, 1596, 1788, 5237, 905, 525, 1007, 1204, 4554, 2547, 277, 2338, 1020, 1071, 5371, 1178, 3115, 557, 1761, 5562, 3885, 4861, 5884, 3128, 1964, 5771]","[0.49, 0.36, 0.73, 0.47, 0.29, 0.31, 0.16, 0.25, 0.0, 0.65, 0.32, 0.35, 0.63, 0.61, 0.1, 0.0, 0.71, 0.17, 0.75, 1.0, 0.1, 0.61, 0.73, 0.66, 0.22, 0.33, 0.27, 0.55, 0.71, 0.72, 0.3, 0.82, 0.12, 0.8, 0.47, 0.79, 0.68, 0.31, 0.57, 0.29, 0.0, 0.37, 0.39, 0.52, 0.73, 0.42, 0.25, 0.85, 0.08, 0.66, 0.78, 0.29, 0.3, 0.67, 0.25, 0.0, 0.66, 0.0, 0.25, 0.71, 0.0, 0.75, 0.25, 1.0, 0.65, 0.83, 0.17, 0.37, 0.62, 0.75, 0.51, 0.57, 0.6, 0.63, 0.31]"
859,618186,0.394,0.111,855,2025-02-23 07:23:46.983135,"['32214', '32225', '32234', '32246', '32247', '32251', '32263', '32265', '32266', '32269', '32274', '32276', '32286', '32287', '32288']","[3052, 4003, 4953, 5195, 2840, 2943, 4120, 4455, 506, 4846, 3720, 3326, 4322, 5899, 1331, 2761, 5541, 5758, 449, 4600, 5760, 786, 2664, 4033, 3266, 2378, 4226, 5675, 480, 4975, 4954, 4062, 2050, 3500, 1553, 4942]","[0.25, 0.53, 0.72, 0.58, 0.59, 0.44, 0.24, 0.38, 0.48, 0.38, 0.5, 0.0, 0.51, 0.76, 0.33, 0.67, 0.44, 0.44, 0.7, 0.67, 0.0, 0.82, 0.5, 0.75, 0.42, 0.49, 0.38, 0.7, 0.68, 0.74, 0.53, 0.6, 0.0, 0.0, 0.65, 0.49, 0.75, 0.25, 0.43, 0.55, 0.61, 0.61, 0.59, 0.73, 0.84, 0.71, 0.67, 0.53, 0.34, 1.0, 0.56, 1.0, 1.0, 0.71, 0.14, 1.0, 0.67, 0.65, 0.15, 0.29, 0.83, 0.67, 1.0, 0.28, 0.73, 0.43, 0.57, 0.5, 0.72, 0.42, 0.62, 0.46, 0.75, 0.5, 0.25]"
860,485504,0.368,0.222,860,2025-02-23 07:23:47.234665,"['32215', '32225', '32230', '32238', '32242', '32247', '32249', '32253', '32261', '32264', '32269', '32275', '32283', '32286', '32287']","[3052, 539, 5195, 506, 117, 835, 3703, 2840, 882, 4033, 5658, 4600, 4003, 2948, 637, 2612, 4701, 4723, 4322, 2943, 1396, 4038, 1553, 336, 2050, 1359, 216, 2753, 4065, 5465, 557, 5614, 3326, 3720, 617, 823]","[0.39, 1.0, 0.75, 0.34, 0.61, 0.6, 0.23, 0.38, 0.37, 0.44, 0.44, 0.0, 0.5, 0.78, 0.3, 0.61, 0.25, 0.42, 0.65, 0.59, 0.3, 0.75, 0.5, 0.72, 0.25, 0.52, 0.51, 0.76, 1.0, 0.58, 0.57, 0.61, 0.36, 1.0, 0.52, 0.0, 0.8, 0.43, 0.44, 0.75, 0.64, 0.63, 0.63, 0.76, 0.72, 0.56, 0.71, 1.0, 0.27, 0.56, 0.0, 0.36, 0.42, 0.74, 0.24, 0.0, 0.53, 0.7, 0.26, 0.48, 0.45, 0.5, 0.52, 0.36, 0.66, 0.4, 0.64, 0.52, 0.74, 0.5, 0.63, 0.44, 0.5, 0.0, 0.5]"
861,1073677,0.385,0.111,860,2025-02-23 07:23:47.350781,"['32215', '32219', '32225', '32226', '32236', '32244', '32248', '32253', '32255', '32266', '32269', '32276', '32281', '32285', '32288']","[506, 539, 3052, 4723, 3703, 5195, 4033, 882, 2050, 823, 2840, 5760, 3326, 5614, 557, 2753, 4003, 2612, 637, 3053, 4600, 1553, 4846, 5541, 5658, 3951, 2378, 835, 117, 4322, 712, 4226, 5465, 238, 264, 2740]","[0.38, 0.75, 0.75, 0.34, 0.57, 1.0, 0.22, 0.37, 0.38, 0.47, 0.42, 0.0, 0.75, 0.76, 0.27, 0.6, 0.49, 0.39, 0.64, 0.58, 0.28, 0.73, 0.75, 0.72, 0.46, 0.5, 0.49, 0.75, 0.56, 0.58, 0.0, 0.64, 0.33, 0.59, 1.0, 0.55, 0.79, 0.41, 0.46, 0.25, 0.61, 1.0, 0.61, 0.74, 0.71, 0.54, 0.68, 0.62, 0.24, 0.57, 0.54, 0.34, 0.0, 0.74, 0.26, 0.75, 0.54, 0.67, 0.29, 0.51, 0.45, 0.59, 0.67, 0.38, 0.65, 0.42, 0.61, 0.25, 0.73, 0.49, 0.62, 0.25, 0.53, 0.5, 0.75]"
862,908711,0.328,0.194,860,2025-02-23 07:23:47.468757,"['32217', '32218', '32219', '32222', '32223', '32230', '32239', '32253', '32259', '32269', '32273', '32274', '32276', '32285', '32287']","[3052, 3720, 4003, 4226, 4033, 4953, 3326, 5760, 1822, 4846, 1553, 4954, 3158, 3266, 506, 3500, 2948, 3694, 4325, 4557, 2664, 2586, 5195, 449, 4663, 188, 2776, 2505, 4455, 786, 2968, 2316, 3139, 5918, 3703, 4119]","[0.63, 0.47, 0.71, 0.75, 0.0, 0.75, 0.2, 0.33, 1.0, 0.0, 0.44, 0.44, 0.55, 0.72, 0.3, 0.67, 0.75, 0.38, 0.7, 0.67, 0.29, 0.84, 0.58, 0.75, 0.33, 0.25, 0.28, 0.64, 0.73, 0.77, 0.45, 0.69, 0.32, 0.71, 0.7, 0.57, 0.72, 0.41, 0.48, 1.0, 0.56, 0.57, 0.54, 0.7, 0.84, 1.0, 0.65, 0.54, 0.28, 0.58, 0.58, 0.66, 0.68, 0.67, 0.15, 0.25, 0.73, 0.59, 0.17, 0.0, 1.0, 0.74, 0.33, 0.29, 0.75, 0.43, 0.55, 0.43, 0.73, 0.4, 0.59, 0.25, 0.55, 0.5, 0.45]"
863,256621,0.293,0.056,860,2025-02-23 07:23:47.584594,"['32214', '32224', '32228', '32234', '32238', '32242', '32243', '32246', '32247', '32251', '32263', '32269', '32275', '32281', '32286']","[2664, 2761, 835, 4520, 5256, 2112, 3500, 4757, 4322, 5460, 712, 114, 342, 981, 3052, 3474, 5195, 2943, 5216, 5692, 3255, 3706, 2843, 2640, 5594, 4412, 4184, 1316, 1098, 4539, 1176, 506, 1666, 2281, 576, 4600]","[0.0, 0.74, 0.75, 0.39, 0.8, 0.72, 0.29, 0.48, 0.32, 0.26, 0.75, 0.6, 0.39, 0.86, 0.75, 0.72, 0.25, 0.66, 0.75, 0.68, 1.0, 0.87, 0.31, 0.77, 1.0, 0.65, 0.62, 0.84, 0.75, 0.75, 0.74, 0.38, 0.75, 0.75, 0.64, 0.27, 0.84, 0.75, 0.33, 0.72, 0.77, 0.8, 0.77, 0.87, 0.8, 0.74, 0.84, 0.3, 0.57, 0.75, 0.34, 0.59, 0.66, 0.77, 0.08, 0.75, 0.51, 0.85, 0.1, 0.2, 0.45, 0.67, 0.67, 0.23, 0.7, 0.3, 0.77, 0.75, 0.8, 0.45, 0.72, 0.34, 0.5, 0.41, 0.62]"
864,925805,0.274,0.417,860,2025-02-23 07:23:47.701507,"['32221', '32224', '32234', '32238', '32246', '32247', '32248', '32251', '32263', '32265', '32266', '32269', '32281', '32283', '32286']","[3255, 391, 1164, 2668, 216, 5256, 3593, 835, 3063, 734, 2072, 5541, 2943, 1268, 668, 3951, 4322, 2620, 4725, 2420, 5692, 4459, 4396, 2753, 1316, 342, 1787, 1942, 2640, 2761, 2840, 712, 3474, 5535, 3406, 3084]","[0.28, 0.8, 0.78, 0.23, 0.83, 0.83, 0.32, 0.75, 0.23, 0.28, 0.75, 0.63, 0.36, 0.88, 0.57, 0.69, 0.24, 0.68, 0.73, 0.63, 1.0, 0.83, 0.27, 0.76, 0.75, 0.72, 0.75, 0.88, 0.38, 0.41, 0.79, 0.33, 1.0, 0.25, 1.0, 0.24, 0.87, 0.25, 0.31, 0.73, 0.8, 0.83, 0.81, 0.89, 0.72, 0.7, 0.86, 0.32, 0.57, 0.75, 0.3, 0.25, 0.25, 0.8, 0.11, 0.75, 0.38, 0.89, 0.13, 0.27, 0.41, 0.36, 0.74, 0.26, 0.63, 0.28, 0.81, 0.75, 0.81, 0.75, 0.74, 0.33, 0.5, 0.36, 0.65]"
865,166698,0.313,0.361,865,2025-02-23 07:23:47.955378,"['32226', '32238', '32239', '32243', '32248', '32253', '32264', '32266', '32269', '32275', '32276', '32281', '32283', '32286', '32287']","[539, 117, 506, 835, 3703, 2840, 3052, 5195, 216, 637, 2612, 882, 889, 4033, 4723, 5541, 4003, 5658, 2753, 391, 1396, 2505, 4600, 3951, 5614, 3326, 734, 2378, 3561, 4322, 3263, 4701, 1706, 4796, 2943, 2620]","[0.27, 0.65, 0.77, 0.22, 0.63, 0.7, 0.25, 0.4, 0.28, 0.46, 0.44, 0.54, 0.75, 0.8, 0.31, 0.6, 0.45, 0.46, 0.63, 0.55, 0.29, 0.71, 0.46, 0.71, 0.25, 0.75, 0.67, 0.81, 0.47, 0.25, 0.62, 0.55, 0.38, 0.54, 0.0, 0.46, 0.84, 0.44, 0.39, 1.0, 0.65, 0.65, 0.66, 0.77, 0.64, 0.52, 0.71, 0.66, 0.27, 0.55, 0.0, 0.23, 0.25, 0.77, 0.27, 0.0, 0.39, 0.75, 0.29, 0.55, 0.42, 0.67, 0.67, 0.4, 0.6, 0.39, 0.64, 0.5, 0.75, 0.25, 0.68, 0.37, 0.5, 0.0, 0.54]"
866,960597,0.37,0.194,865,2025-02-23 07:23:48.070496,"['32214', '32215', '32217', '32219', '32225', '32230', '32244', '32253', '32254', '32269', '32273', '32280', '32281', '32287', '32288']","[3052, 5760, 5195, 2378, 4226, 4033, 4003, 3720, 1331, 2586, 4600, 3266, 637, 506, 3703, 1359, 4954, 1553, 4455, 4953, 5758, 4119, 4062, 4723, 539, 5675, 882, 449, 3285, 2948, 4701, 4120, 4622, 2050, 616, 557]","[0.25, 0.75, 0.73, 0.75, 0.53, 0.25, 0.22, 0.33, 0.5, 0.41, 0.46, 0.0, 0.55, 0.74, 0.29, 0.64, 0.25, 0.39, 0.68, 0.64, 0.28, 0.81, 0.57, 0.73, 0.36, 0.4, 0.36, 0.67, 0.7, 0.73, 0.0, 0.68, 0.32, 0.7, 0.62, 0.54, 0.75, 0.42, 0.42, 0.0, 1.0, 0.55, 0.55, 0.7, 0.81, 0.62, 0.62, 0.62, 0.26, 0.56, 0.57, 0.55, 0.61, 0.69, 0.17, 0.75, 0.66, 0.62, 0.18, 0.25, 0.51, 0.7, 0.43, 0.32, 0.71, 0.44, 0.67, 0.5, 0.71, 0.42, 0.61, 0.43, 0.54, 0.75, 0.5]"
867,1335395,0.387,0.083,865,2025-02-23 07:23:48.184022,"['32214', '32218', '32222', '32223', '32252', '32254', '32255', '32260', '32265', '32266', '32269', '32271', '32274', '32279', '32281']","[3052, 3703, 4033, 4226, 5195, 5760, 882, 3720, 4003, 557, 539, 5782, 2586, 5385, 2744, 4723, 1553, 4119, 506, 4600, 2096, 5918, 637, 2378, 5237, 3326, 4319, 2948, 5658, 2263, 4846, 1929, 823, 4663, 4954, 2740]","[0.75, 0.45, 0.73, 0.47, 0.0, 0.42, 0.2, 0.31, 0.25, 0.25, 0.41, 0.43, 0.58, 0.71, 0.22, 0.58, 0.55, 0.32, 0.63, 0.59, 0.21, 0.75, 0.62, 0.71, 0.33, 0.37, 0.37, 0.65, 0.67, 0.69, 0.45, 0.73, 0.24, 0.73, 0.54, 0.62, 0.75, 0.38, 0.0, 0.44, 1.0, 0.25, 0.51, 0.65, 0.76, 0.52, 0.75, 0.72, 0.18, 0.59, 0.62, 0.25, 0.75, 0.7, 0.26, 0.0, 0.62, 0.75, 0.27, 0.49, 0.83, 0.69, 0.4, 0.39, 0.68, 1.0, 0.5, 0.25, 0.69, 0.45, 0.59, 0.45, 0.54, 0.56, 0.42]"
868,1302407,0.222,0.194,865,2025-02-23 07:23:48.302219,"['32221', '32224', '32239', '32242', '32243', '32251', '32262', '32263', '32266', '32269', '32270', '32274', '32275', '32281', '32286']","[5692, 3406, 4184, 1316, 5065, 4547, 2943, 3029, 4396, 4000, 5256, 1098, 2640, 3310, 3255, 342, 5460, 981, 3084, 2339, 2498, 1942, 1164, 2761, 3474, 4757, 2620, 1382, 2078, 295, 1611, 2664, 5541, 5402, 114, 4520]","[0.42, 0.77, 0.76, 0.4, 0.84, 0.76, 0.35, 1.0, 0.32, 0.21, 0.75, 0.64, 0.36, 0.88, 0.65, 0.76, 0.2, 0.73, 0.78, 0.69, 0.64, 0.9, 0.24, 0.79, 0.74, 0.75, 0.71, 0.87, 0.75, 0.75, 0.8, 0.3, 0.73, 0.36, 0.66, 0.18, 0.86, 1.0, 0.27, 0.78, 0.79, 0.82, 0.79, 0.89, 0.82, 0.81, 0.84, 0.26, 1.0, 0.25, 0.29, 0.63, 1.0, 0.77, 0.05, 0.75, 0.0, 0.89, 0.06, 0.13, 1.0, 0.33, 0.71, 0.19, 0.69, 0.27, 0.79, 0.75, 0.8, 0.42, 0.76, 0.3, 0.75, 0.36, 0.69]"
869,1614170,0.351,0.306,865,2025-02-23 07:23:48.416610,"['32214', '32217', '32221', '32224', '32242', '32243', '32246', '32253', '32265', '32266', '32270', '32274', '32275', '32281', '32286']","[1932, 2664, 5460, 2281, 4757, 4322, 3406, 5692, 981, 2112, 5647, 3500, 795, 2498, 1316, 1666, 3706, 5065, 5208, 5541, 4520, 4412, 5844, 3749, 3493, 857, 4987, 3052, 1919, 5238, 1098, 2761, 331, 1612, 3367, 2943]","[0.75, 0.65, 0.74, 1.0, 0.76, 0.58, 0.3, 1.0, 0.45, 0.22, 1.0, 0.57, 0.43, 0.84, 0.57, 0.76, 0.26, 0.65, 0.78, 0.72, 0.56, 0.91, 0.34, 0.79, 0.58, 0.57, 0.51, 0.8, 1.0, 0.25, 0.7, 0.43, 1.0, 0.5, 0.73, 0.27, 0.8, 0.54, 0.31, 1.0, 0.72, 0.75, 0.71, 0.84, 0.87, 0.8, 0.78, 0.3, 0.57, 0.47, 0.37, 1.0, 0.75, 0.72, 0.05, 0.81, 0.25, 0.81, 0.06, 0.11, 0.83, 0.67, 0.6, 0.19, 0.74, 0.32, 0.71, 0.5, 0.77, 0.38, 0.71, 0.34, 0.5, 0.44, 0.61]"
870,890746,0.259,0.278,870,2025-02-23 07:23:48.665943,"['32215', '32217', '32230', '32252', '32254', '32256', '32259', '32260', '32265', '32271', '32273', '32274', '32279', '32284', '32285']","[3052, 4319, 4226, 2586, 5760, 5385, 5918, 4119, 3703, 277, 2744, 4033, 525, 5195, 2547, 557, 2879, 2910, 930, 3885, 882, 4723, 2338, 3326, 3383, 4003, 3720, 838, 5655, 823, 5237, 5326, 4988, 1596, 4338, 3998]","[0.6, 0.25, 0.7, 0.75, 0.38, 0.31, 0.17, 0.28, 0.54, 0.54, 0.39, 0.39, 0.64, 0.65, 0.17, 0.57, 0.75, 0.25, 0.63, 0.62, 0.2, 0.74, 0.69, 0.71, 0.24, 0.33, 0.25, 0.56, 0.74, 0.77, 0.36, 0.78, 0.2, 0.78, 0.58, 0.67, 0.7, 0.35, 0.25, 0.37, 0.25, 0.41, 0.25, 0.57, 0.78, 0.75, 0.75, 0.72, 0.14, 0.62, 0.68, 0.25, 0.44, 0.68, 0.26, 0.41, 0.71, 0.25, 0.34, 0.25, 0.33, 0.76, 0.33, 0.38, 0.69, 0.67, 0.43, 0.38, 0.64, 0.43, 0.75, 0.75, 0.59, 0.63, 0.37]"
871,1407517,0.249,0.167,870,2025-02-23 07:23:48.784849,"['32221', '32224', '32230', '32231', '32234', '32243', '32248', '32251', '32262', '32263', '32265', '32266', '32278', '32283', '32286']","[3255, 5256, 2072, 1164, 391, 3063, 734, 1268, 4459, 4725, 806, 1117, 1942, 5402, 2177, 3310, 2668, 342, 668, 5801, 1787, 4500, 5609, 4396, 5157, 1750, 2980, 206, 5290, 3273, 1196, 3084, 3029, 2246, 5812, 5692]","[0.29, 0.85, 0.76, 0.23, 0.88, 0.86, 0.35, 0.75, 0.2, 0.21, 0.75, 0.68, 0.33, 0.91, 0.66, 0.75, 0.0, 1.0, 0.76, 0.66, 1.0, 0.86, 0.2, 0.77, 0.81, 0.77, 0.82, 0.9, 0.35, 0.25, 0.85, 0.25, 0.78, 0.27, 0.25, 0.15, 0.87, 0.75, 0.25, 0.79, 0.83, 0.87, 0.83, 0.93, 0.72, 0.8, 0.89, 0.24, 1.0, 0.75, 0.24, 0.75, 0.25, 0.82, 0.06, 0.76, 0.33, 0.93, 0.09, 0.18, 0.37, 0.29, 0.79, 0.22, 0.83, 0.24, 0.82, 0.72, 0.81, 0.75, 0.77, 0.24, 0.25, 0.32, 0.73]"
872,418304,0.296,0.25,870,2025-02-23 07:23:48.898959,"['32214', '32217', '32221', '32224', '32228', '32230', '32242', '32247', '32262', '32263', '32265', '32270', '32274', '32275', '32286']","[2498, 2664, 5460, 1932, 2761, 3500, 4322, 4184, 1316, 3406, 4757, 981, 5065, 5692, 1098, 2112, 342, 2640, 3706, 2281, 4000, 2058, 2943, 4412, 4547, 1919, 576, 49, 5647, 5208, 2494, 4161, 1666, 1293, 1176, 114]","[0.0, 0.74, 0.73, 0.75, 0.81, 0.67, 0.32, 1.0, 0.36, 0.19, 1.0, 0.6, 0.41, 0.86, 0.75, 0.77, 0.0, 0.7, 0.79, 0.72, 0.62, 0.9, 0.29, 0.79, 0.65, 0.62, 0.58, 0.82, 1.0, 0.67, 0.75, 0.35, 0.7, 0.0, 0.71, 0.22, 0.81, 0.58, 0.29, 0.73, 0.77, 0.8, 0.75, 0.87, 0.85, 0.83, 0.83, 0.25, 0.75, 0.0, 0.34, 1.0, 0.75, 0.76, 0.04, 0.82, 0.75, 0.86, 0.06, 0.1, 0.67, 0.67, 0.66, 0.18, 0.72, 0.28, 0.73, 0.6, 0.77, 0.41, 0.71, 0.29, 0.5, 0.42, 0.67]"
873,518726,0.231,0.028,870,2025-02-23 07:23:49.019771,"['32221', '32224', '32230', '32234', '32242', '32243', '32251', '32262', '32263', '32265', '32266', '32270', '32275', '32283', '32286']","[5402, 5256, 3406, 1164, 1117, 1942, 2072, 668, 3255, 4184, 3273, 342, 3063, 1316, 5065, 2640, 214, 295, 2668, 3706, 756, 3786, 1268, 3330, 4547, 3474, 950, 2761, 3029, 734, 391, 4757, 5541, 4725, 4444, 5460]","[0.37, 0.82, 0.75, 0.31, 0.87, 0.82, 0.35, 0.0, 0.24, 0.19, 1.0, 0.66, 0.35, 0.9, 0.67, 0.77, 0.0, 0.76, 0.78, 0.69, 0.75, 0.88, 0.22, 0.78, 0.78, 0.73, 0.77, 0.89, 0.0, 0.25, 0.83, 0.26, 0.77, 0.3, 0.61, 0.16, 0.86, 1.0, 0.25, 0.78, 0.82, 0.86, 0.81, 0.92, 0.78, 0.82, 0.88, 0.23, 1.0, 1.0, 0.26, 0.75, 1.0, 0.8, 0.05, 0.79, 0.0, 0.92, 0.07, 0.13, 0.39, 0.33, 0.76, 0.2, 0.67, 0.24, 0.8, 0.69, 0.8, 0.0, 0.76, 0.25, 0.5, 0.35, 0.72]"
874,193076,0.358,0.167,870,2025-02-23 07:23:49.137931,"['32214', '32222', '32229', '32230', '32241', '32252', '32254', '32257', '32259', '32260', '32271', '32274', '32279', '32284', '32285']","[2586, 3052, 5385, 2879, 4226, 4119, 4319, 2338, 930, 2744, 3703, 5760, 5326, 4554, 277, 2547, 882, 3885, 2910, 557, 1204, 4861, 1596, 5915, 3383, 5918, 1868, 5237, 4780, 2609, 4338, 4988, 5655, 3484, 525, 1533]","[1.0, 0.37, 0.7, 0.58, 0.35, 0.29, 0.16, 0.26, 0.0, 0.58, 0.37, 0.38, 0.65, 0.63, 0.15, 1.0, 1.0, 0.23, 0.61, 0.61, 0.17, 0.71, 0.72, 0.7, 0.22, 0.31, 0.23, 0.75, 0.75, 0.77, 0.33, 0.81, 0.17, 0.8, 0.56, 0.71, 0.7, 0.34, 1.0, 0.34, 0.0, 0.38, 0.4, 0.25, 0.76, 0.75, 1.0, 0.76, 0.11, 0.63, 0.71, 0.46, 0.4, 0.67, 0.3, 0.37, 0.71, 0.0, 0.39, 0.52, 0.0, 0.78, 0.31, 0.41, 0.69, 1.0, 0.4, 0.37, 0.63, 0.43, 0.75, 0.75, 0.6, 0.64, 0.35]"
875,1150512,0.353,0.25,875,2025-02-23 07:23:49.392230,"['32219', '32221', '32226', '32228', '32243', '32245', '32248', '32251', '32253', '32263', '32275', '32283', '32286', '32287', '32288']","[391, 506, 835, 539, 3406, 5045, 117, 1268, 216, 2840, 3951, 5541, 4442, 2753, 5195, 3561, 3052, 5123, 734, 5614, 2072, 2847, 5692, 3263, 2620, 889, 4866, 4396, 2612, 5256, 2420, 3474, 188, 841, 576, 4000]","[0.26, 0.75, 0.77, 0.21, 0.72, 1.0, 0.28, 1.0, 0.22, 0.38, 0.5, 0.58, 1.0, 0.86, 0.0, 0.63, 0.33, 0.55, 0.66, 0.58, 0.41, 0.74, 0.35, 0.73, 0.71, 0.69, 0.76, 0.84, 0.41, 0.0, 0.74, 0.0, 0.53, 0.42, 0.0, 0.34, 0.86, 1.0, 0.33, 1.0, 0.74, 0.73, 0.75, 0.85, 0.64, 0.66, 0.78, 0.49, 0.38, 1.0, 0.37, 0.29, 0.33, 0.8, 0.24, 0.5, 0.34, 0.86, 0.24, 0.43, 0.39, 0.83, 0.66, 0.36, 0.6, 0.34, 0.73, 0.62, 0.77, 0.25, 0.74, 0.34, 0.5, 0.25, 0.75]"
876,308834,0.412,0.139,875,2025-02-23 07:23:49.509921,"['32218', '32219', '32223', '32224', '32225', '32226', '32239', '32249', '32252', '32253', '32261', '32274', '32276', '32281', '32288']","[5195, 3052, 4003, 4600, 3720, 4226, 4033, 1331, 1822, 1553, 576, 3326, 253, 2948, 506, 2378, 3094, 3703, 4883, 4975, 5899, 539, 4954, 1359, 4846, 650, 3285, 5465, 814, 5888, 5675, 2943, 2316, 4701, 5760, 3134]","[0.54, 0.52, 0.72, 0.53, 1.0, 0.0, 0.21, 0.35, 0.45, 0.0, 0.0, 0.25, 0.75, 0.75, 0.29, 0.66, 0.46, 0.4, 0.69, 0.64, 0.3, 0.8, 0.54, 0.74, 0.38, 0.75, 0.4, 0.66, 0.66, 0.71, 0.52, 0.63, 0.36, 0.67, 0.6, 0.0, 0.75, 0.43, 0.25, 1.0, 0.59, 0.56, 0.58, 0.7, 0.79, 0.66, 0.64, 1.0, 0.28, 0.58, 0.56, 0.54, 0.55, 0.72, 0.19, 0.55, 0.64, 0.66, 0.2, 0.33, 1.0, 0.69, 0.17, 0.32, 0.7, 0.43, 0.57, 0.25, 0.7, 0.43, 0.63, 0.41, 0.54, 0.56, 0.25]"
877,1010878,0.336,0.0,875,2025-02-23 07:23:49.626617,"['32219', '32223', '32225', '32226', '32231', '32236', '32242', '32243', '32245', '32247', '32248', '32273', '32275', '32283', '32286']","[539, 506, 2840, 5541, 3703, 117, 5614, 391, 835, 3263, 216, 3052, 1268, 2761, 4003, 3951, 4442, 2378, 3561, 4033, 2943, 734, 3406, 5045, 1249, 712, 2753, 1273, 4161, 1786, 3574, 4000, 889, 2620, 786, 4723]","[0.26, 0.73, 0.77, 0.22, 0.7, 1.0, 0.27, 0.46, 0.23, 0.0, 0.48, 1.0, 0.75, 0.85, 0.38, 0.62, 0.35, 0.0, 0.66, 0.58, 0.38, 0.73, 0.25, 0.72, 0.68, 0.68, 0.75, 0.83, 0.0, 0.25, 0.73, 0.75, 0.5, 0.25, 0.25, 0.36, 0.86, 0.47, 0.34, 0.62, 0.73, 0.72, 0.74, 0.84, 0.64, 0.65, 0.77, 0.51, 0.36, 0.53, 0.39, 0.28, 0.32, 0.8, 0.25, 0.48, 0.35, 0.85, 0.25, 0.25, 0.39, 0.5, 0.64, 0.37, 0.6, 0.36, 0.72, 0.6, 0.76, 1.0, 0.73, 0.35, 0.5, 0.43, 0.58]"
878,1125510,0.23,0.5,875,2025-02-23 07:23:49.743700,"['32214', '32217', '32219', '32234', '32238', '32242', '32247', '32248', '32262', '32263', '32266', '32270', '32275', '32286', '32288']","[5460, 2761, 3500, 2112, 5065, 2664, 4520, 4757, 4322, 342, 5692, 114, 4412, 1316, 5594, 5256, 2943, 3151, 4184, 5238, 2843, 2498, 1612, 3706, 2281, 1666, 1098, 5195, 3474, 990, 712, 5121, 4033, 49, 4539, 2494]","[0.75, 0.72, 0.73, 0.25, 0.78, 0.75, 0.3, 0.46, 0.34, 0.23, 0.6, 0.58, 0.4, 0.86, 0.57, 0.77, 0.24, 0.66, 0.78, 0.7, 0.75, 0.88, 0.31, 0.78, 1.0, 0.65, 0.61, 0.8, 1.0, 0.63, 0.74, 0.37, 0.67, 0.25, 1.0, 0.26, 0.83, 0.56, 0.32, 0.71, 0.75, 0.78, 0.76, 0.86, 0.84, 0.81, 0.81, 0.29, 1.0, 1.0, 0.34, 0.67, 0.75, 0.77, 0.07, 0.76, 0.75, 0.85, 0.08, 0.14, 0.45, 0.5, 0.66, 0.21, 0.71, 0.29, 0.74, 0.59, 0.76, 0.43, 0.74, 0.32, 0.5, 0.44, 0.5]"
879,278830,0.307,0.444,875,2025-02-23 07:23:49.862148,"['32214', '32219', '32222', '32223', '32241', '32252', '32254', '32255', '32260', '32271', '32274', '32279', '32280', '32284', '32285']","[2547, 4319, 930, 2586, 4119, 4226, 5760, 4988, 3703, 2910, 3052, 5385, 1769, 525, 1533, 5655, 3998, 1596, 1868, 1770, 4953, 2879, 4003, 5323, 2609, 5918, 5195, 3244, 2338, 374, 2482, 3720, 5817, 882, 277, 4312]","[1.0, 0.33, 0.69, 0.67, 0.34, 0.25, 0.16, 0.26, 1.0, 0.25, 0.39, 0.35, 0.66, 0.63, 0.17, 0.61, 0.62, 0.25, 0.66, 0.63, 0.18, 0.76, 0.7, 0.72, 0.18, 0.29, 0.2, 0.75, 0.78, 0.83, 0.32, 0.8, 0.2, 0.82, 0.63, 0.72, 0.66, 0.35, 0.25, 0.35, 0.75, 0.25, 0.41, 0.54, 0.82, 0.57, 0.25, 0.71, 0.16, 0.64, 0.72, 0.57, 0.56, 0.66, 0.27, 0.46, 0.77, 0.0, 0.28, 0.41, 0.17, 0.83, 0.32, 0.37, 0.73, 0.5, 0.17, 0.34, 0.65, 0.41, 0.5, 0.5, 0.58, 0.66, 0.35]"
880,551734,0.339,0.139,880,2025-02-23 07:23:50.113975,"['32217', '32219', '32223', '32224', '32230', '32245', '32246', '32249', '32251', '32262', '32266', '32270', '32274', '32286', '32287']","[3052, 2761, 1176, 4003, 1553, 3285, 4322, 5614, 576, 2498, 506, 3094, 4033, 5541, 712, 2664, 786, 2709, 2943, 1786, 2756, 3263, 539, 5692, 188, 2840, 2050, 5195, 4299, 2060, 2058, 835, 2753, 1098, 4000, 4083]","[0.46, 0.66, 0.74, 0.25, 0.69, 1.0, 0.27, 0.44, 0.37, 0.0, 0.25, 0.54, 0.47, 0.83, 0.44, 0.7, 0.75, 0.55, 0.73, 0.66, 0.44, 0.85, 0.42, 0.74, 0.58, 0.57, 0.55, 0.8, 0.57, 0.62, 0.66, 0.75, 1.0, 0.54, 0.6, 0.0, 0.82, 0.75, 0.37, 0.64, 0.7, 0.7, 0.69, 0.82, 0.8, 0.73, 0.75, 0.43, 0.25, 0.54, 0.45, 0.55, 1.0, 0.76, 0.12, 0.66, 0.75, 0.79, 0.13, 0.25, 0.67, 0.57, 0.59, 0.27, 0.67, 0.35, 0.69, 0.59, 0.77, 0.44, 0.69, 0.36, 0.75, 0.75, 0.57]"
881,877019,0.365,0.0,880,2025-02-23 07:23:50.232045,"['32218', '32219', '32223', '32225', '32230', '32239', '32244', '32253', '32266', '32270', '32273', '32276', '32281', '32283', '32287']","[506, 539, 3703, 835, 3052, 2612, 2840, 117, 4003, 4723, 216, 823, 5195, 637, 1553, 2753, 3094, 4033, 2761, 4226, 889, 557, 882, 2505, 2050, 712, 3326, 3951, 238, 576, 1706, 188, 2943, 5758, 264, 4796]","[0.32, 0.66, 0.76, 0.26, 0.75, 0.75, 0.26, 0.42, 0.31, 0.25, 0.44, 0.75, 0.5, 0.8, 0.32, 0.62, 0.75, 0.44, 0.66, 0.59, 0.33, 0.74, 0.46, 0.7, 0.58, 0.25, 0.63, 0.79, 0.49, 0.52, 1.0, 0.55, 0.4, 0.54, 0.45, 0.45, 0.83, 0.45, 0.4, 1.0, 0.67, 0.66, 0.66, 0.8, 0.68, 0.6, 0.72, 0.59, 0.29, 0.56, 0.49, 0.32, 0.0, 0.77, 0.24, 0.46, 0.75, 0.77, 0.26, 0.75, 0.43, 0.51, 0.17, 0.38, 0.6, 0.4, 0.67, 0.75, 0.75, 0.25, 0.69, 0.38, 0.51, 0.0, 0.54]"
882,1218257,0.286,0.333,880,2025-02-23 07:23:50.345168,"['32217', '32218', '32219', '32223', '32226', '32230', '32236', '32239', '32244', '32248', '32249', '32253', '32266', '32269', '32281']","[3703, 3052, 506, 539, 5195, 117, 4723, 2840, 4003, 835, 3094, 2612, 637, 823, 4033, 1553, 2744, 4226, 557, 2379, 5782, 882, 216, 4600, 2378, 4846, 2943, 838, 2761, 2753, 3720, 2847, 5614, 2050, 3326, 4065]","[0.38, 0.59, 0.74, 0.25, 1.0, 0.75, 0.24, 0.39, 0.36, 0.25, 0.43, 0.49, 0.75, 0.77, 0.28, 0.61, 0.75, 0.39, 0.65, 0.6, 0.29, 0.74, 1.0, 0.7, 0.5, 0.25, 0.54, 0.75, 0.55, 0.58, 0.75, 0.6, 0.35, 0.61, 0.25, 0.75, 0.81, 0.43, 0.43, 0.75, 0.63, 0.61, 0.61, 0.76, 0.71, 0.59, 0.67, 0.62, 0.25, 0.58, 0.54, 0.36, 0.75, 0.76, 0.25, 0.25, 0.5, 0.71, 0.27, 0.47, 0.45, 0.58, 0.52, 0.38, 0.62, 0.42, 0.63, 0.75, 0.73, 0.5, 0.66, 0.41, 0.53, 0.53, 0.5]"
883,818490,0.266,0.444,880,2025-02-23 07:23:50.463257,"['32221', '32224', '32230', '32234', '32243', '32245', '32246', '32248', '32251', '32263', '32266', '32275', '32283', '32286', '32287']","[216, 539, 835, 3951, 506, 2753, 391, 3406, 2840, 1268, 5614, 3255, 2761, 117, 5256, 3474, 5045, 3063, 2620, 5123, 734, 5541, 2420, 1273, 2943, 1164, 2640, 2072, 3263, 5906, 5535, 1098, 712, 2664, 4322, 5195]","[0.28, 0.76, 0.77, 0.22, 0.76, 0.77, 0.31, 0.75, 0.25, 0.33, 0.25, 0.6, 0.42, 0.86, 0.48, 0.68, 0.0, 0.6, 0.71, 0.62, 0.25, 0.8, 0.34, 0.73, 0.71, 0.69, 0.74, 0.86, 0.41, 0.25, 0.74, 0.25, 0.75, 0.41, 0.75, 0.3, 0.86, 0.75, 0.33, 0.69, 0.75, 0.78, 0.76, 0.87, 0.7, 0.7, 0.8, 0.43, 0.47, 0.75, 0.37, 0.37, 0.25, 0.8, 0.16, 0.59, 0.36, 0.86, 0.17, 0.34, 0.41, 0.33, 0.69, 0.31, 0.6, 0.33, 0.76, 0.68, 0.79, 0.5, 0.75, 0.32, 0.5, 0.25, 0.63]"
884,95363,0.288,0.139,880,2025-02-23 07:23:50.589264,"['32214', '32217', '32224', '32230', '32234', '32236', '32240', '32246', '32247', '32251', '32263', '32270', '32275', '32286', '32287']","[2664, 2843, 712, 2761, 3052, 5460, 3706, 4322, 5195, 3500, 1316, 4412, 1666, 981, 4757, 4539, 4033, 2281, 2112, 5065, 835, 1098, 3406, 4184, 114, 4600, 4520, 3285, 342, 506, 990, 1932, 3248, 5647, 5844, 5256]","[0.75, 0.71, 0.74, 0.0, 0.76, 0.66, 0.29, 0.48, 0.34, 0.26, 1.0, 0.58, 0.43, 0.85, 0.53, 0.73, 0.25, 0.62, 0.75, 0.68, 0.75, 0.87, 0.25, 0.76, 0.64, 0.62, 0.75, 0.83, 0.54, 0.6, 0.71, 0.41, 1.0, 1.0, 0.62, 0.29, 0.83, 1.0, 0.34, 0.7, 0.74, 0.76, 0.74, 0.85, 0.81, 0.78, 0.79, 0.35, 0.54, 0.75, 0.39, 0.6, 0.66, 0.77, 0.1, 0.72, 0.75, 0.83, 0.1, 0.2, 0.46, 0.83, 0.64, 0.24, 0.68, 0.31, 0.74, 0.63, 0.79, 0.43, 0.72, 0.33, 0.5, 0.0, 0.61]"
885,1320892,0.258,0.111,885,2025-02-23 07:23:50.828368,"['32214', '32221', '32228', '32242', '32243', '32245', '32263', '32265', '32270', '32274', '32275', '32276', '32283', '32286', '32288']","[5256, 1164, 4184, 1293, 1316, 3406, 5692, 3474, 3263, 295, 2943, 3255, 2498, 342, 3310, 2640, 712, 2664, 4161, 2668, 4547, 1242, 3084, 214, 5402, 4396, 1098, 114, 1787, 5065, 1183, 981, 3063, 5744, 668, 1117]","[0.0, 0.78, 0.76, 0.35, 0.85, 0.78, 0.33, 1.0, 0.26, 0.22, 0.61, 0.65, 0.36, 0.88, 1.0, 0.74, 0.2, 0.73, 0.78, 0.68, 0.62, 0.88, 0.26, 0.79, 0.76, 0.71, 0.73, 0.88, 0.0, 0.75, 0.81, 0.0, 0.72, 0.36, 0.64, 0.21, 0.85, 0.6, 0.29, 0.8, 0.79, 0.82, 0.79, 0.91, 0.8, 0.79, 0.85, 0.25, 0.66, 0.25, 0.3, 0.75, 0.66, 0.8, 0.07, 0.78, 1.0, 0.9, 0.08, 0.17, 0.67, 0.33, 0.83, 0.21, 0.68, 0.26, 0.78, 0.67, 0.78, 0.25, 0.75, 0.31, 0.5, 0.38, 0.75]"
886,34884,0.294,0.0,885,2025-02-23 07:23:50.947102,"['32214', '32221', '32224', '32234', '32242', '32243', '32248', '32263', '32266', '32270', '32274', '32275', '32276', '32283', '32286']","[5692, 2620, 1098, 4184, 5256, 2943, 2640, 3406, 1316, 3255, 5460, 5065, 2664, 2838, 835, 4520, 5541, 5216, 3310, 712, 342, 2761, 5700, 216, 1164, 114, 1942, 4322, 5744, 3474, 3029, 2339, 981, 3263, 4000, 5195]","[0.0, 0.75, 0.75, 0.36, 0.81, 0.74, 0.31, 1.0, 0.28, 0.25, 1.0, 0.63, 0.38, 0.86, 0.61, 0.72, 0.24, 0.69, 0.76, 0.67, 0.75, 0.86, 0.3, 0.78, 0.71, 0.68, 0.69, 0.86, 0.75, 0.75, 0.77, 0.34, 0.67, 0.41, 0.75, 0.25, 0.84, 0.58, 0.31, 0.77, 0.76, 0.79, 0.76, 0.89, 0.79, 0.76, 0.82, 0.3, 0.61, 0.75, 0.33, 0.56, 1.0, 0.79, 0.08, 0.74, 0.25, 0.87, 0.1, 0.19, 0.67, 0.33, 1.0, 0.23, 0.68, 0.29, 0.75, 0.64, 0.77, 0.5, 0.73, 0.33, 0.25, 0.4, 0.65]"
887,426580,0.306,0.25,885,2025-02-23 07:23:51.061149,"['32219', '32221', '32242', '32243', '32251', '32262', '32263', '32265', '32270', '32274', '32275', '32276', '32283', '32286', '32287']","[4184, 5256, 1316, 342, 3063, 4547, 5065, 3029, 2843, 5692, 3255, 3084, 2367, 4396, 3474, 5812, 1164, 5402, 295, 2044, 1117, 1538, 1183, 1196, 4257, 1098, 981, 2498, 3593, 5460, 3406, 5208, 2761, 3330, 2980, 3310]","[0.4, 0.81, 0.76, 0.38, 0.88, 0.75, 0.35, 1.0, 0.26, 0.18, 0.65, 0.67, 0.34, 0.89, 0.72, 0.77, 0.17, 0.78, 0.8, 0.71, 0.68, 0.9, 0.23, 0.8, 0.78, 0.73, 0.74, 0.89, 0.75, 0.0, 0.83, 0.25, 0.77, 0.33, 0.68, 0.17, 0.86, 1.0, 0.27, 0.83, 0.81, 0.85, 0.81, 0.92, 0.82, 0.83, 0.87, 0.19, 1.0, 0.25, 0.26, 1.0, 0.73, 0.81, 0.05, 0.83, 1.0, 0.92, 0.06, 0.12, 0.17, 0.17, 1.0, 0.19, 0.7, 0.23, 0.81, 0.69, 0.79, 0.25, 0.76, 0.29, 0.0, 0.0, 0.71]"
888,975521,0.24,0.278,885,2025-02-23 07:23:51.175629,"['32214', '32217', '32221', '32224', '32234', '32240', '32242', '32245', '32247', '32263', '32265', '32275', '32276', '32286', '32288']","[5692, 5065, 342, 1316, 5460, 1098, 1611, 4184, 2498, 4547, 2664, 1538, 2367, 1932, 4757, 3500, 5256, 3406, 3706, 981, 2112, 2281, 49, 3151, 4520, 1919, 4322, 2838, 3255, 3029, 1268, 114, 3084, 2494, 2640, 2668]","[0.75, 0.77, 0.75, 0.75, 0.85, 0.75, 0.33, 1.0, 0.31, 0.19, 1.0, 0.65, 0.36, 0.88, 0.69, 0.76, 0.19, 0.75, 0.8, 0.72, 0.75, 0.9, 0.26, 0.8, 0.73, 0.7, 1.0, 0.87, 1.0, 0.59, 0.8, 0.25, 0.74, 0.0, 0.7, 0.19, 0.84, 0.61, 0.29, 0.81, 0.78, 0.83, 0.79, 0.91, 0.84, 0.82, 0.85, 0.21, 0.7, 1.0, 0.29, 1.0, 0.75, 0.79, 0.05, 0.83, 0.53, 0.9, 0.06, 0.12, 0.45, 0.0, 0.83, 0.19, 0.72, 0.25, 0.78, 0.65, 0.78, 0.43, 0.73, 0.31, 0.5, 0.39, 0.75]"
889,833425,0.412,0.139,885,2025-02-23 07:23:51.294611,"['32214', '32215', '32222', '32223', '32244', '32248', '32252', '32256', '32259', '32269', '32273', '32276', '32280', '32283', '32285']","[3703, 882, 2586, 2744, 5195, 539, 4723, 838, 5658, 3052, 5918, 4226, 2050, 4119, 5385, 5760, 4033, 2499, 5782, 1761, 2740, 4003, 825, 637, 1553, 3308, 2839, 2338, 506, 4600, 4319, 557, 5371, 4701, 16, 5888]","[0.0, 0.75, 0.73, 0.41, 0.45, 0.41, 0.19, 0.31, 0.0, 1.0, 0.37, 0.44, 0.58, 0.69, 0.21, 0.54, 0.57, 0.31, 0.62, 0.57, 0.21, 0.68, 0.64, 0.71, 0.35, 0.41, 0.39, 0.67, 0.64, 0.67, 0.0, 0.71, 0.25, 0.72, 1.0, 0.66, 0.75, 0.38, 0.0, 0.44, 0.52, 0.46, 0.25, 0.66, 0.71, 0.25, 0.57, 0.74, 0.17, 0.62, 0.64, 0.33, 0.36, 0.73, 0.32, 0.25, 0.59, 0.57, 0.38, 0.25, 0.47, 0.66, 0.17, 0.42, 0.65, 0.53, 0.33, 0.42, 0.66, 0.25, 0.59, 0.25, 0.58, 0.58, 0.39]"
890,221246,0.326,0.417,890,2025-02-23 07:23:51.548652,"['32219', '32221', '32228', '32238', '32240', '32242', '32243', '32248', '32253', '32261', '32263', '32270', '32275', '32281', '32286']","[3406, 1164, 5692, 2640, 1242, 4520, 2668, 5256, 3255, 4322, 5402, 2943, 3285, 3263, 1932, 4161, 2270, 1316, 342, 5460, 4396, 712, 5075, 2664, 1293, 3063, 5744, 2498, 5700, 2620, 3474, 4547, 1268, 4000, 1942, 5541]","[0.4, 0.78, 0.76, 0.36, 0.81, 0.75, 0.34, 1.0, 0.28, 0.24, 0.61, 0.63, 0.38, 0.86, 1.0, 0.74, 0.23, 0.67, 0.75, 0.67, 0.59, 0.87, 0.28, 0.76, 0.25, 0.68, 1.0, 0.87, 0.0, 0.75, 0.79, 0.31, 0.7, 0.4, 1.0, 0.21, 0.83, 0.57, 0.31, 1.0, 0.78, 0.81, 0.8, 0.89, 0.79, 0.78, 0.83, 0.0, 0.6, 0.25, 0.31, 0.57, 0.63, 0.8, 0.09, 0.73, 0.25, 0.89, 0.08, 0.19, 0.44, 0.83, 0.72, 0.22, 0.67, 0.28, 0.77, 0.5, 0.79, 0.45, 0.74, 0.28, 0.5, 0.39, 0.67]"
891,85747,0.344,0.639,890,2025-02-23 07:23:51.661176,"['32219', '32222', '32223', '32241', '32252', '32254', '32257', '32259', '32269', '32271', '32273', '32279', '32280', '32284', '32285']","[4319, 525, 2547, 2910, 4988, 2609, 5655, 930, 1769, 4119, 4780, 4226, 2586, 5385, 1012, 3998, 1297, 4641, 374, 1868, 1533, 3373, 1770, 5760, 5753, 5326, 2106, 5918, 5521, 3244, 3089, 2482, 4312, 2879, 5323, 1204]","[0.75, 0.28, 0.67, 0.76, 0.28, 0.0, 0.16, 0.23, 1.0, 0.75, 0.38, 0.31, 0.66, 0.57, 0.15, 0.59, 0.66, 0.17, 0.64, 0.65, 0.16, 0.8, 0.75, 0.72, 0.15, 0.22, 0.11, 0.0, 0.83, 0.86, 0.29, 0.82, 0.15, 0.87, 0.69, 0.78, 0.57, 0.3, 0.25, 0.31, 0.75, 0.32, 0.38, 0.0, 0.86, 1.0, 0.42, 0.75, 0.12, 0.66, 0.74, 0.67, 0.62, 0.63, 0.26, 0.25, 0.82, 0.0, 0.26, 0.0, 0.59, 0.86, 0.23, 0.35, 0.76, 0.5, 0.33, 0.28, 0.65, 0.35, 0.75, 0.75, 0.62, 0.69, 0.3]"
892,1330623,0.322,0.306,890,2025-02-23 07:23:51.779076,"['32215', '32219', '32222', '32223', '32229', '32248', '32252', '32254', '32257', '32260', '32268', '32271', '32274', '32283', '32285']","[3703, 882, 557, 3052, 2840, 2744, 4723, 2612, 539, 506, 5658, 5782, 4701, 2740, 2378, 5195, 823, 838, 637, 835, 2586, 4003, 238, 3308, 4226, 2499, 5760, 4732, 117, 825, 4033, 4838, 1761, 5385, 5237, 2839]","[0.37, 1.0, 0.74, 0.32, 0.45, 0.25, 0.22, 0.34, 0.25, 1.0, 0.38, 0.46, 0.55, 0.72, 0.21, 0.25, 0.58, 0.28, 0.58, 0.54, 0.21, 0.67, 0.62, 0.69, 0.4, 0.43, 0.46, 0.7, 0.56, 0.59, 0.49, 0.67, 0.26, 0.69, 0.0, 0.63, 0.75, 0.36, 0.75, 0.42, 0.75, 0.49, 0.58, 0.75, 0.67, 0.47, 0.25, 0.73, 0.16, 0.61, 0.59, 0.27, 0.3, 0.75, 0.25, 0.3, 0.51, 0.75, 0.36, 0.62, 0.83, 0.61, 0.44, 0.43, 0.61, 0.49, 0.55, 0.48, 0.71, 0.75, 0.62, 0.75, 0.56, 0.55, 0.43]"
893,1289589,0.335,0.194,890,2025-02-23 07:23:51.900607,"['32219', '32222', '32223', '32252', '32254', '32255', '32256', '32259', '32260', '32266', '32271', '32274', '32279', '32280', '32285']","[2586, 3703, 3052, 4226, 882, 4319, 5760, 557, 5385, 4119, 5195, 3720, 930, 823, 506, 3383, 2744, 277, 5918, 4033, 539, 2740, 2547, 5655, 2879, 4003, 525, 3885, 4701, 1788, 374, 2378, 3326, 838, 4988, 5658]","[0.51, 0.47, 0.72, 0.49, 0.4, 0.0, 0.2, 0.3, 0.75, 0.75, 0.39, 0.41, 0.59, 0.67, 0.2, 0.57, 0.6, 0.25, 0.61, 0.58, 0.2, 0.72, 0.66, 0.7, 0.3, 0.35, 0.31, 0.62, 0.67, 0.71, 0.43, 0.72, 0.23, 0.76, 0.54, 0.67, 0.69, 0.34, 0.75, 0.39, 0.75, 0.25, 0.75, 0.62, 0.76, 1.0, 0.75, 0.73, 0.15, 0.62, 0.64, 0.41, 0.0, 0.71, 0.33, 0.35, 0.64, 0.0, 0.31, 0.53, 0.0, 0.72, 0.37, 0.39, 0.67, 0.33, 0.67, 0.41, 0.69, 0.44, 0.58, 0.25, 0.58, 0.6, 0.39]"
894,366446,0.375,0.167,890,2025-02-23 07:23:52.025799,"['32219', '32223', '32230', '32231', '32243', '32246', '32247', '32251', '32252', '32255', '32264', '32269', '32270', '32276', '32280']","[117, 216, 835, 2840, 539, 3703, 882, 5195, 506, 889, 734, 4701, 5541, 3951, 2753, 1268, 2943, 4322, 391, 4033, 5658, 5045, 637, 2612, 3574, 3561, 4600, 1396, 2420, 4571, 545, 5483, 5535, 2050, 3406, 5614]","[0.23, 0.76, 0.77, 0.17, 0.66, 0.25, 0.29, 0.45, 0.22, 1.0, 0.45, 0.59, 0.44, 0.82, 0.36, 0.6, 0.25, 1.0, 0.62, 0.53, 0.34, 0.69, 0.44, 0.7, 0.65, 0.63, 0.73, 0.84, 0.38, 0.0, 0.69, 0.46, 0.0, 0.25, 0.38, 0.41, 0.83, 0.25, 0.25, 0.58, 0.7, 0.75, 0.74, 0.82, 0.6, 0.53, 0.77, 0.6, 0.28, 0.55, 0.0, 0.2, 0.27, 0.81, 0.32, 0.0, 0.0, 0.83, 0.28, 0.57, 0.39, 0.4, 0.67, 0.39, 0.55, 0.39, 0.83, 0.63, 0.76, 0.56, 0.7, 0.35, 0.52, 0.43, 0.57]"
895,863128,0.418,0.25,895,2025-02-23 07:23:52.280249,"['32214', '32217', '32219', '32222', '32229', '32241', '32248', '32257', '32259', '32260', '32265', '32274', '32279', '32284', '32285']","[2338, 5326, 1007, 5385, 4861, 4226, 277, 2586, 1596, 2744, 882, 2011, 525, 3703, 4319, 5915, 5884, 930, 4927, 2879, 1760, 1204, 4554, 3383, 1497, 3885, 4804, 2762, 5760, 905, 2910, 2547, 5072, 3020, 3484, 4119]","[1.0, 0.32, 0.72, 0.75, 0.31, 0.0, 0.16, 0.25, 0.75, 0.63, 0.33, 0.32, 0.65, 0.61, 0.12, 0.75, 0.71, 0.17, 0.56, 0.57, 0.12, 0.67, 0.74, 0.69, 0.19, 0.26, 0.22, 1.0, 0.75, 0.77, 0.29, 0.83, 0.14, 0.81, 0.0, 0.79, 0.69, 0.3, 0.57, 0.3, 0.41, 0.34, 0.38, 0.25, 0.72, 0.25, 0.25, 0.84, 0.1, 0.66, 0.74, 0.0, 0.34, 0.68, 0.45, 0.27, 0.68, 0.4, 0.45, 0.67, 1.0, 0.81, 0.25, 0.44, 0.68, 1.0, 0.35, 0.33, 0.65, 0.44, 0.75, 0.0, 0.61, 0.64, 0.31]"
896,64363,0.245,0.611,895,2025-02-23 07:23:52.397599,"['32215', '32217', '32218', '32219', '32230', '32244', '32248', '32253', '32255', '32259', '32264', '32273', '32274', '32280', '32281']","[3703, 3052, 539, 4226, 4003, 5195, 557, 4723, 2840, 3326, 506, 2740, 882, 823, 637, 2612, 4846, 2744, 3266, 4732, 5385, 1553, 238, 4600, 5658, 825, 5760, 2378, 5782, 835, 4033, 4701, 3720, 5614, 5918, 5888]","[0.4, 0.25, 0.74, 0.25, 1.0, 0.75, 0.21, 0.35, 0.41, 0.51, 0.41, 0.43, 0.54, 0.74, 0.24, 0.59, 1.0, 0.32, 0.62, 0.59, 0.23, 0.73, 0.57, 0.72, 0.39, 0.43, 0.45, 0.68, 0.61, 0.64, 0.25, 0.68, 0.29, 0.66, 0.75, 0.59, 0.78, 0.39, 0.46, 0.25, 0.58, 0.75, 0.57, 0.67, 0.69, 0.75, 0.64, 0.69, 0.21, 0.59, 0.75, 0.34, 0.37, 0.74, 0.32, 0.38, 0.54, 0.64, 0.31, 0.75, 0.83, 0.65, 0.43, 0.37, 0.65, 0.46, 0.67, 0.5, 0.71, 0.46, 0.61, 0.45, 0.56, 0.53, 0.44]"
897,464349,0.371,0.278,895,2025-02-23 07:23:52.516919,"['32219', '32221', '32224', '32234', '32242', '32243', '32247', '32248', '32251', '32261', '32262', '32263', '32265', '32283', '32286']","[4000, 4161, 3406, 4547, 2498, 5256, 5460, 5692, 5402, 5065, 3263, 2640, 4184, 1164, 1316, 1293, 3255, 2468, 1098, 3474, 2620, 2668, 2664, 3084, 4396, 295, 1242, 1273, 1290, 1893, 5541, 5208, 342, 2943, 3285, 1268]","[0.42, 0.78, 0.74, 0.43, 0.83, 1.0, 0.33, 1.0, 0.3, 0.22, 1.0, 0.62, 0.37, 0.88, 0.64, 0.77, 0.2, 0.72, 0.77, 0.71, 0.25, 0.9, 0.28, 0.79, 0.72, 0.68, 0.68, 0.85, 0.0, 1.0, 0.79, 0.32, 0.71, 0.0, 1.0, 0.21, 0.85, 1.0, 0.28, 0.74, 0.79, 0.82, 0.8, 0.89, 0.8, 0.81, 0.85, 0.75, 1.0, 0.0, 0.3, 1.0, 0.69, 0.79, 0.06, 0.78, 0.49, 0.89, 0.06, 0.15, 0.45, 0.45, 0.7, 0.19, 0.72, 0.27, 0.76, 0.67, 0.79, 0.25, 0.74, 0.3, 0.5, 0.39, 0.67]"
898,612547,0.226,0.222,895,2025-02-23 07:23:52.634518,"['32219', '32221', '32224', '32228', '32231', '32234', '32242', '32243', '32248', '32251', '32262', '32263', '32266', '32283', '32286']","[216, 539, 2753, 835, 3406, 2840, 3063, 5541, 2420, 1268, 3951, 506, 1164, 117, 5614, 5256, 3263, 391, 734, 3255, 4322, 4459, 712, 2640, 2943, 1273, 3593, 2072, 3474, 1787, 5045, 5692, 2060, 5402, 1316, 2620]","[0.24, 0.77, 0.77, 0.23, 0.78, 1.0, 0.3, 0.75, 0.23, 0.36, 0.25, 0.59, 0.39, 0.87, 0.75, 0.67, 0.3, 1.0, 0.68, 0.61, 0.25, 0.79, 0.32, 0.75, 0.72, 0.68, 0.77, 0.86, 0.25, 0.25, 0.77, 0.39, 0.59, 0.39, 0.75, 0.29, 0.87, 0.75, 0.31, 0.67, 0.77, 0.78, 0.78, 0.86, 0.64, 0.66, 0.83, 0.44, 0.25, 0.25, 0.35, 0.3, 0.25, 0.81, 0.2, 0.54, 0.34, 0.87, 0.18, 0.39, 0.4, 0.38, 0.69, 0.29, 0.61, 0.31, 0.74, 0.69, 0.78, 0.5, 0.74, 0.33, 0.5, 0.38, 0.62]"
899,8142,0.394,0.417,895,2025-02-23 07:23:52.757065,"['32215', '32217', '32218', '32219', '32230', '32236', '32244', '32253', '32254', '32255', '32259', '32274', '32280', '32281', '32287']","[5195, 3052, 506, 4226, 539, 4003, 2840, 3703, 4600, 1553, 637, 4033, 835, 117, 3094, 2612, 3326, 3720, 557, 2740, 4723, 889, 216, 2753, 2378, 4846, 2505, 576, 882, 2847, 786, 2761, 1359, 1706, 825, 4701]","[0.42, 0.0, 0.74, 0.0, 1.0, 0.25, 0.23, 0.38, 0.39, 0.44, 0.45, 0.47, 0.51, 0.78, 0.31, 0.63, 1.0, 0.4, 0.65, 0.62, 0.3, 0.77, 0.75, 0.73, 0.46, 0.48, 0.48, 0.72, 0.59, 0.63, 0.75, 0.61, 0.37, 0.61, 0.54, 0.51, 0.79, 0.43, 0.42, 1.0, 1.0, 0.75, 0.62, 0.73, 0.72, 0.75, 0.69, 0.6, 0.3, 0.57, 0.52, 0.42, 0.45, 0.75, 0.24, 0.48, 0.54, 0.7, 0.23, 0.44, 1.0, 0.62, 0.48, 0.33, 0.67, 0.42, 0.67, 0.0, 0.72, 0.45, 0.64, 0.41, 0.54, 0.25, 0.49]"
900,51982,0.391,0.028,900,2025-02-23 07:23:53.005842,"['32217', '32230', '32236', '32238', '32240', '32242', '32253', '32259', '32261', '32276', '32280', '32281', '32283', '32287', '32288']","[539, 3052, 5195, 4723, 3703, 506, 557, 882, 2840, 2612, 4226, 2740, 5782, 1553, 835, 823, 2744, 4600, 4003, 3308, 825, 3094, 117, 5918, 4033, 2379, 2050, 5658, 3326, 5237, 2586, 637, 838, 5760, 4846, 5614]","[0.39, 0.57, 0.75, 0.0, 0.53, 0.54, 0.21, 0.35, 0.36, 0.5, 0.41, 0.47, 0.51, 0.75, 0.25, 0.57, 1.0, 0.34, 0.63, 0.56, 0.24, 0.71, 1.0, 0.72, 1.0, 0.48, 0.25, 0.71, 1.0, 0.6, 0.53, 0.68, 0.31, 0.64, 0.49, 0.56, 0.78, 0.4, 0.45, 1.0, 0.61, 0.56, 0.59, 0.72, 0.69, 0.75, 0.64, 1.0, 0.22, 0.6, 0.54, 0.34, 0.35, 0.75, 0.29, 0.42, 0.53, 0.66, 0.29, 0.51, 0.46, 0.61, 0.33, 0.42, 0.64, 0.47, 1.0, 0.25, 0.73, 0.75, 0.64, 0.43, 0.55, 0.75, 1.0]"
901,45909,0.291,0.389,900,2025-02-23 07:23:53.120419,"['32224', '32226', '32230', '32234', '32236', '32240', '32242', '32245', '32246', '32251', '32263', '32265', '32280', '32281', '32286']","[4520, 5460, 2664, 981, 342, 5065, 4322, 1316, 2761, 3706, 5704, 3052, 3500, 712, 2112, 2843, 1098, 835, 2640, 1666, 5256, 1932, 4757, 1176, 5647, 1612, 4184, 5541, 5692, 1611, 3406, 2058, 49, 1538, 2367, 3255]","[0.47, 0.75, 0.75, 0.44, 0.79, 0.69, 0.3, 0.49, 0.32, 0.25, 1.0, 0.59, 0.0, 0.86, 0.58, 0.73, 0.75, 0.65, 0.76, 0.68, 1.0, 0.88, 0.0, 0.77, 0.64, 0.62, 0.75, 0.82, 1.0, 0.59, 0.75, 0.75, 1.0, 0.45, 0.66, 0.25, 0.82, 1.0, 0.31, 0.72, 0.77, 0.78, 0.75, 0.87, 0.8, 0.78, 0.82, 0.31, 0.59, 0.75, 0.34, 0.75, 0.66, 0.78, 0.07, 0.75, 0.53, 0.85, 0.08, 0.16, 0.46, 0.5, 0.67, 0.23, 0.69, 0.31, 0.83, 0.5, 0.79, 0.43, 0.74, 0.31, 0.5, 0.4, 0.62]"
902,185567,0.214,0.417,900,2025-02-23 07:23:53.241665,"['32224', '32228', '32230', '32234', '32240', '32245', '32247', '32251', '32261', '32263', '32264', '32270', '32275', '32281', '32286']","[3052, 3285, 2664, 712, 506, 3500, 4322, 2761, 990, 4003, 2050, 2840, 5647, 2112, 4412, 4757, 2058, 2060, 539, 5195, 4539, 3706, 2640, 4033, 3406, 3951, 835, 1098, 1176, 5460, 2843, 1359, 5238, 5614, 4520, 2756]","[0.48, 0.68, 0.75, 0.47, 0.71, 0.61, 0.26, 0.44, 0.36, 0.31, 0.75, 0.54, 0.42, 0.83, 0.75, 0.7, 0.0, 0.55, 0.73, 0.66, 0.0, 0.85, 0.39, 0.76, 0.55, 0.56, 0.75, 0.77, 0.58, 0.63, 0.67, 0.25, 0.55, 0.75, 0.64, 0.34, 0.8, 0.75, 0.35, 0.65, 0.72, 0.71, 0.7, 0.82, 0.79, 0.73, 0.77, 0.0, 0.47, 0.75, 0.75, 0.58, 0.6, 0.76, 0.1, 0.68, 0.75, 0.79, 0.11, 0.23, 0.47, 0.67, 0.6, 0.27, 0.69, 0.36, 0.67, 0.75, 0.77, 0.44, 0.7, 0.35, 0.75, 0.45, 0.57]"
903,915484,0.265,0.222,900,2025-02-23 07:23:53.360645,"['32221', '32228', '32238', '32242', '32243', '32245', '32248', '32251', '32263', '32265', '32266', '32274', '32281', '32283', '32286']","[5256, 3255, 1164, 3406, 1117, 2072, 4725, 1316, 3063, 3029, 1268, 5692, 295, 5402, 2640, 668, 3474, 342, 391, 3376, 1196, 5742, 835, 1942, 1098, 2367, 3273, 216, 4396, 1787, 4184, 2761, 2943, 4547, 2668, 5744]","[0.35, 0.83, 0.77, 0.31, 0.85, 0.82, 0.34, 1.0, 0.23, 0.23, 0.63, 0.66, 0.32, 0.89, 0.75, 0.75, 0.21, 0.72, 0.76, 0.67, 0.62, 0.88, 0.23, 0.78, 0.75, 0.72, 0.75, 0.87, 0.25, 0.25, 0.83, 0.25, 0.75, 0.33, 0.75, 0.18, 0.86, 1.0, 0.27, 0.77, 0.82, 0.84, 0.81, 0.91, 0.76, 0.79, 0.87, 0.26, 0.66, 0.75, 0.26, 0.75, 0.75, 0.81, 0.07, 0.75, 0.4, 0.9, 0.07, 0.16, 0.17, 0.37, 0.75, 0.23, 0.66, 0.26, 0.8, 1.0, 0.82, 0.5, 0.79, 0.27, 0.0, 0.34, 0.68]"
904,1448968,0.374,0.139,900,2025-02-23 07:23:53.478931,"['32214', '32215', '32218', '32219', '32223', '32225', '32230', '32252', '32259', '32264', '32274', '32279', '32280', '32281', '32287']","[3052, 3703, 557, 539, 506, 4003, 4723, 4033, 2612, 2840, 5614, 4226, 835, 2378, 823, 2753, 3094, 185, 238, 5195, 3720, 5782, 5760, 5888, 5465, 882, 3326, 2948, 2551, 5658, 1553, 3951, 637, 3266, 4701, 117]","[0.25, 0.75, 0.75, 0.38, 0.25, 1.0, 0.21, 0.36, 0.35, 0.25, 0.43, 0.25, 0.5, 0.76, 0.28, 0.58, 1.0, 0.37, 0.64, 0.57, 0.26, 0.73, 0.54, 0.72, 0.44, 0.49, 0.49, 0.72, 0.57, 0.6, 0.55, 0.65, 0.34, 0.62, 0.51, 0.53, 0.78, 0.42, 0.25, 0.49, 0.62, 0.58, 0.61, 0.73, 0.7, 1.0, 0.66, 0.65, 0.25, 0.59, 1.0, 0.37, 0.38, 0.75, 0.27, 0.45, 0.53, 0.68, 0.27, 0.48, 0.83, 0.6, 0.49, 0.4, 0.64, 0.67, 0.67, 0.75, 0.74, 0.49, 0.65, 0.42, 0.55, 0.75, 0.49]"
905,747676,0.316,0.417,905,2025-02-23 07:23:53.730417,"['32225', '32231', '32238', '32246', '32249', '32253', '32264', '32265', '32266', '32269', '32273', '32276', '32281', '32287', '32288']","[5195, 3052, 4600, 2943, 4322, 2840, 2664, 4003, 2761, 2050, 835, 506, 4033, 712, 3285, 3406, 990, 3500, 216, 5541, 786, 576, 4455, 3883, 2640, 539, 5460, 117, 5758, 5692, 5264, 1553, 1176, 2112, 4975, 4747]","[0.46, 0.64, 0.75, 0.45, 0.68, 0.6, 0.25, 0.43, 0.4, 0.33, 0.53, 0.25, 0.46, 0.81, 0.44, 0.68, 0.35, 0.75, 0.72, 0.66, 0.43, 0.83, 0.42, 0.76, 0.75, 0.55, 0.51, 0.78, 0.58, 0.63, 0.66, 0.5, 0.25, 0.55, 0.62, 0.0, 0.79, 0.49, 0.36, 0.75, 0.69, 0.68, 0.68, 0.79, 0.79, 0.7, 0.72, 0.45, 0.43, 0.55, 0.25, 0.75, 0.75, 0.74, 0.12, 0.25, 0.55, 0.77, 0.12, 0.25, 0.46, 0.57, 0.5, 0.27, 0.69, 0.38, 0.66, 0.5, 0.74, 0.45, 0.69, 0.38, 0.54, 0.5, 0.5]"
906,1493836,0.361,0.306,905,2025-02-23 07:23:53.845376,"['32221', '32224', '32225', '32242', '32243', '32245', '32246', '32247', '32251', '32253', '32263', '32264', '32270', '32283', '32286']","[4396, 1164, 391, 1316, 5402, 3593, 3406, 3310, 5692, 3263, 3063, 4459, 3255, 4371, 3084, 1871, 5208, 2498, 3474, 2668, 2072, 5460, 1268, 5256, 5290, 2420, 4547, 734, 1098, 5541, 216, 4322, 2761, 2048, 835, 598]","[0.29, 0.81, 0.78, 0.26, 0.82, 0.82, 0.32, 1.0, 0.25, 0.26, 1.0, 0.75, 0.37, 0.88, 0.6, 0.71, 0.22, 0.71, 0.74, 0.66, 0.59, 0.84, 0.26, 0.77, 0.77, 0.72, 0.75, 0.89, 1.0, 0.0, 0.82, 1.0, 1.0, 0.0, 0.55, 0.2, 0.86, 0.75, 0.27, 1.0, 0.8, 0.81, 0.8, 0.89, 0.73, 0.74, 0.84, 0.32, 0.62, 0.0, 0.0, 0.46, 0.56, 0.8, 0.1, 0.69, 0.0, 0.9, 0.1, 0.24, 0.4, 0.37, 0.75, 0.25, 0.63, 0.28, 0.79, 0.7, 0.77, 0.0, 0.78, 0.3, 0.5, 0.35, 0.68]"
907,1248316,0.304,0.278,905,2025-02-23 07:23:53.960000,"['32218', '32225', '32226', '32229', '32238', '32239', '32252', '32253', '32254', '32255', '32256', '32269', '32271', '32279', '32283']","[5385, 3703, 2586, 5237, 1020, 3383, 2740, 2744, 277, 2839, 5782, 4723, 1007, 2499, 525, 2338, 1788, 4319, 1760, 1596, 882, 5562, 825, 2879, 122, 5915, 3035, 4119, 2011, 3885, 3755, 3484, 1072, 5326, 1497, 174]","[0.45, 0.36, 0.74, 0.45, 0.0, 0.34, 0.15, 0.28, 0.51, 0.66, 0.32, 0.25, 0.75, 0.63, 0.12, 0.25, 0.71, 0.19, 0.56, 0.52, 0.12, 0.62, 0.72, 0.69, 0.25, 0.75, 0.31, 0.58, 0.69, 0.7, 0.36, 0.83, 0.15, 0.77, 0.45, 0.78, 0.71, 0.31, 0.25, 0.75, 0.25, 0.0, 0.25, 0.52, 0.68, 0.41, 0.47, 0.84, 0.08, 0.67, 0.74, 0.29, 0.31, 0.69, 0.46, 0.0, 0.63, 0.25, 0.45, 0.69, 0.46, 0.72, 0.33, 0.5, 0.66, 0.0, 0.37, 0.38, 0.64, 0.75, 0.55, 0.51, 0.62, 0.62, 0.34]"
908,671079,0.226,0.139,905,2025-02-23 07:23:54.079469,"['32221', '32234', '32242', '32243', '32246', '32251', '32253', '32263', '32264', '32265', '32270', '32274', '32275', '32283', '32286']","[342, 3255, 2943, 2668, 1164, 4520, 5256, 2664, 668, 4322, 5692, 5460, 981, 3406, 3474, 2640, 1538, 391, 5541, 1942, 5402, 3263, 4184, 4600, 712, 3310, 2843, 2072, 5195, 4757, 3063, 295, 216, 1932, 5700, 4725]","[0.38, 0.77, 0.76, 0.36, 0.8, 0.75, 0.31, 0.75, 0.3, 0.24, 0.62, 0.63, 0.38, 0.87, 0.61, 0.73, 0.23, 0.7, 0.76, 0.69, 1.0, 0.87, 0.28, 0.78, 0.72, 0.68, 0.67, 0.86, 0.25, 0.75, 0.78, 0.33, 1.0, 0.4, 0.62, 0.22, 0.84, 0.25, 0.28, 1.0, 0.78, 0.79, 0.78, 0.87, 0.79, 0.77, 0.82, 0.3, 0.63, 0.75, 0.0, 0.75, 0.66, 0.78, 0.08, 0.74, 0.25, 0.87, 0.08, 0.18, 0.17, 0.83, 0.7, 0.22, 0.67, 0.29, 0.77, 0.66, 0.77, 0.5, 0.76, 0.32, 0.5, 0.38, 0.67]"
909,255460,0.442,0.389,905,2025-02-23 07:23:54.197509,"['32217', '32222', '32229', '32232', '32233', '32235', '32252', '32253', '32254', '32257', '32259', '32268', '32277', '32283', '32284']","[4643, 5884, 3383, 2839, 3484, 1964, 2744, 1020, 4554, 1071, 1761, 2499, 1178, 2570, 2408, 4438, 5385, 174, 3035, 5326, 1569, 2740, 1760, 1906, 1791, 5915, 5730, 1585, 2762, 3755, 2707, 3885, 5237, 882, 4927, 1788]","[0.35, 0.32, 0.75, 0.25, 0.22, 0.34, 0.12, 0.25, 1.0, 0.77, 0.26, 0.33, 0.69, 0.59, 0.07, 0.0, 0.8, 0.13, 0.0, 1.0, 0.08, 0.25, 0.77, 0.66, 0.21, 0.29, 0.33, 0.55, 0.66, 0.65, 0.31, 0.87, 0.09, 0.79, 0.33, 0.84, 0.71, 0.27, 1.0, 0.0, 0.0, 0.3, 0.39, 1.0, 0.58, 0.0, 0.41, 0.92, 0.04, 0.69, 0.79, 0.14, 0.15, 0.7, 1.0, 0.15, 0.58, 0.41, 0.63, 0.85, 0.43, 0.71, 0.3, 0.83, 0.62, 0.66, 0.31, 0.37, 0.6, 0.75, 1.0, 0.53, 0.64, 0.64, 0.29]"
910,1543254,0.358,0.222,910,2025-02-23 07:23:54.447809,"['32214', '32219', '32223', '32230', '32241', '32252', '32256', '32257', '32260', '32265', '32269', '32271', '32274', '32284', '32285']","[2586, 4319, 2547, 4226, 5918, 4119, 930, 5655, 525, 4988, 374, 3998, 5760, 5385, 2910, 1596, 1868, 1770, 2609, 1533, 2879, 3052, 1788, 3703, 277, 2106, 5323, 3244, 252, 2338, 3885, 3720, 4780, 5072, 1204, 1007]","[1.0, 0.33, 0.69, 0.67, 0.33, 0.0, 0.18, 0.26, 0.63, 0.75, 0.37, 0.34, 0.64, 0.66, 0.19, 0.58, 1.0, 0.24, 0.64, 0.62, 0.17, 0.75, 0.75, 0.72, 0.21, 0.26, 0.17, 0.0, 0.8, 0.83, 0.31, 0.84, 0.17, 0.83, 0.64, 0.78, 0.67, 0.35, 0.0, 0.33, 0.41, 0.38, 0.75, 0.75, 0.83, 0.54, 0.75, 0.76, 0.13, 0.65, 0.71, 1.0, 0.55, 0.65, 0.3, 0.0, 0.78, 0.0, 0.27, 0.43, 0.17, 0.82, 0.26, 0.41, 0.75, 0.56, 0.36, 0.32, 0.64, 0.41, 0.5, 0.0, 0.62, 0.66, 0.35]"
911,790318,0.359,0.333,910,2025-02-23 07:23:54.571220,"['32219', '32224', '32225', '32226', '32230', '32231', '32236', '32244', '32248', '32249', '32253', '32264', '32269', '32276', '32283']","[3052, 4003, 539, 5614, 3703, 5195, 4033, 506, 712, 835, 3720, 2840, 2948, 5888, 5465, 2050, 2761, 2378, 5658, 216, 4299, 5264, 3951, 4723, 1331, 5541, 253, 4442, 576, 4689, 2620, 3285, 1176, 2943, 4600, 117]","[0.39, 0.66, 0.75, 0.35, 0.62, 1.0, 0.26, 0.41, 0.35, 0.43, 0.0, 0.25, 0.75, 0.82, 0.36, 0.63, 0.0, 0.0, 0.66, 0.59, 0.36, 0.76, 0.0, 0.73, 0.56, 0.55, 0.56, 0.78, 0.55, 0.57, 1.0, 0.56, 0.43, 0.59, 1.0, 0.25, 0.81, 0.47, 0.4, 1.0, 0.64, 0.66, 0.66, 0.76, 0.72, 0.62, 0.72, 0.58, 0.3, 0.57, 1.0, 0.39, 0.43, 0.76, 0.22, 0.25, 0.49, 0.74, 0.21, 0.4, 0.45, 0.53, 0.0, 0.35, 0.66, 0.39, 0.63, 0.55, 0.74, 0.75, 0.68, 0.4, 0.54, 0.48, 0.52]"
912,1132385,0.331,0.194,910,2025-02-23 07:23:54.690383,"['32219', '32221', '32224', '32226', '32242', '32246', '32247', '32251', '32262', '32263', '32269', '32270', '32275', '32283', '32286']","[4322, 3052, 5541, 4033, 2664, 2761, 2943, 3263, 5654, 2840, 506, 2050, 5195, 857, 712, 835, 4846, 4455, 2498, 1273, 216, 5614, 5692, 3406, 3285, 1316, 2753, 990, 4825, 1359, 5460, 1249, 2847, 3593, 5264, 3951]","[0.43, 0.7, 0.75, 0.4, 0.7, 1.0, 0.29, 0.25, 0.35, 0.34, 0.75, 0.55, 0.0, 0.85, 0.47, 0.69, 0.34, 0.57, 0.72, 0.64, 0.46, 0.82, 0.4, 0.76, 0.61, 0.58, 0.58, 0.81, 0.75, 0.59, 0.69, 0.47, 1.0, 0.0, 0.6, 0.36, 0.83, 0.0, 0.36, 0.63, 0.7, 0.73, 0.71, 0.81, 0.77, 0.7, 0.77, 0.45, 0.0, 0.25, 0.41, 0.51, 0.56, 0.76, 0.14, 0.75, 0.75, 0.79, 0.13, 0.27, 0.46, 0.67, 0.59, 0.28, 0.69, 0.34, 0.68, 0.58, 0.76, 0.5, 0.7, 0.37, 0.75, 0.46, 0.57]"
913,883991,0.347,0.278,910,2025-02-23 07:23:54.807123,"['32219', '32224', '32226', '32228', '32231', '32242', '32245', '32251', '32262', '32266', '32270', '32273', '32275', '32283', '32287']","[3052, 712, 539, 5614, 5195, 506, 4033, 4003, 5541, 1553, 5098, 2761, 4322, 4600, 835, 3406, 3285, 1176, 4000, 117, 786, 2840, 3263, 2664, 2620, 3500, 990, 5692, 406, 2943, 1098, 4846, 4539, 4299, 3703, 4825]","[0.47, 0.65, 0.74, 0.45, 0.66, 1.0, 0.28, 0.42, 0.39, 0.36, 0.75, 0.52, 0.75, 0.83, 0.75, 0.68, 0.37, 0.25, 0.72, 0.64, 0.42, 0.82, 0.44, 0.76, 0.55, 0.54, 0.51, 0.78, 1.0, 0.64, 0.64, 0.75, 0.49, 0.58, 0.62, 0.41, 0.81, 1.0, 0.39, 0.59, 0.66, 0.69, 0.67, 0.78, 0.79, 0.69, 0.74, 0.48, 0.0, 0.55, 0.45, 0.53, 1.0, 0.75, 0.14, 0.61, 0.25, 0.75, 0.13, 0.0, 0.47, 0.33, 0.54, 0.29, 0.7, 0.37, 0.64, 0.55, 0.74, 0.75, 0.68, 0.39, 0.54, 0.5, 0.54]"
914,1273305,0.339,0.306,910,2025-02-23 07:23:54.921239,"['32215', '32218', '32219', '32222', '32223', '32230', '32236', '32244', '32248', '32253', '32254', '32266', '32280', '32281', '32288']","[3052, 539, 5195, 4003, 3703, 2840, 4723, 4226, 506, 4033, 557, 882, 3326, 637, 4846, 4600, 2050, 3720, 1553, 2612, 835, 3094, 117, 990, 2948, 823, 5465, 5658, 2505, 1706, 5782, 2378, 2740, 1176, 4119, 5888]","[0.44, 0.0, 0.74, 0.41, 0.25, 0.75, 0.23, 0.36, 0.0, 0.0, 0.44, 0.46, 0.54, 0.78, 0.3, 0.6, 0.75, 0.4, 0.65, 0.59, 0.29, 0.74, 0.75, 0.72, 0.46, 0.47, 0.45, 0.72, 0.62, 0.64, 0.75, 0.65, 0.34, 0.66, 1.0, 0.57, 0.78, 0.43, 0.44, 0.75, 0.75, 0.58, 0.59, 0.7, 0.74, 0.59, 0.66, 0.65, 0.24, 0.59, 0.55, 0.4, 0.25, 0.74, 0.26, 0.45, 0.56, 0.66, 0.24, 0.43, 0.47, 0.61, 0.45, 0.38, 0.68, 0.44, 0.83, 0.25, 0.71, 0.48, 0.64, 0.43, 0.56, 0.53, 0.0]"
915,27166,0.353,0.139,915,2025-02-23 07:23:55.171487,"['32217', '32223', '32224', '32226', '32230', '32252', '32254', '32256', '32269', '32271', '32274', '32276', '32279', '32280', '32285']","[4226, 3052, 3720, 5760, 4003, 3326, 4846, 4033, 4319, 5567, 4953, 4954, 4119, 5555, 2547, 930, 1822, 2316, 5655, 1359, 449, 1553, 5195, 2378, 3094, 4883, 4539, 2948, 4622, 576, 5899, 4120, 2586, 3703, 4325, 3266]","[0.68, 0.42, 0.68, 1.0, 0.48, 0.3, 0.21, 0.32, 0.56, 0.0, 0.25, 0.41, 1.0, 0.69, 0.28, 0.65, 1.0, 0.37, 0.71, 0.67, 0.27, 0.82, 0.61, 0.75, 0.3, 0.36, 0.25, 0.61, 0.77, 0.81, 0.41, 0.71, 0.31, 0.76, 0.7, 0.59, 0.69, 0.4, 0.0, 0.49, 0.75, 0.49, 1.0, 0.63, 0.87, 0.64, 0.59, 0.55, 0.26, 0.59, 0.63, 0.66, 0.68, 0.68, 0.15, 1.0, 0.75, 0.0, 0.17, 0.29, 1.0, 0.78, 0.33, 0.31, 0.74, 1.0, 1.0, 0.4, 0.69, 0.38, 0.58, 0.5, 0.56, 0.59, 0.4]"
916,569624,0.303,0.417,915,2025-02-23 07:23:55.286485,"['32221', '32228', '32243', '32245', '32248', '32251', '32263', '32264', '32266', '32270', '32275', '32276', '32283', '32286', '32287']","[835, 3255, 216, 2840, 3406, 734, 2420, 1268, 391, 2761, 3063, 5256, 2753, 539, 1164, 117, 506, 3951, 5692, 2270, 2072, 4322, 5216, 3263, 2668, 2664, 4459, 5045, 2640, 4725, 3593, 5541, 5535, 4396, 3481, 5195]","[0.29, 0.78, 0.77, 0.24, 0.83, 0.82, 0.32, 1.0, 0.22, 0.3, 0.58, 0.64, 0.36, 0.86, 1.0, 0.69, 0.29, 0.67, 0.72, 0.62, 0.52, 0.81, 0.3, 0.75, 0.73, 0.71, 0.79, 0.88, 0.38, 0.25, 0.77, 0.25, 0.65, 0.37, 0.75, 0.25, 0.86, 0.75, 0.32, 0.72, 0.79, 0.77, 0.78, 0.88, 0.71, 0.71, 0.84, 0.38, 0.53, 0.75, 0.25, 0.38, 0.25, 0.8, 0.13, 0.63, 0.25, 0.88, 0.12, 0.29, 0.41, 0.67, 0.67, 0.28, 0.62, 0.3, 0.75, 0.67, 0.79, 0.75, 0.74, 0.29, 0.75, 0.0, 0.64]"
917,1378617,0.263,0.278,915,2025-02-23 07:23:55.401409,"['32214', '32217', '32221', '32234', '32238', '32242', '32246', '32251', '32263', '32265', '32274', '32275', '32276', '32283', '32286']","[5065, 342, 5256, 3029, 4184, 5460, 4322, 668, 1538, 3474, 2498, 3255, 5692, 2664, 5110, 2668, 5541, 216, 3063, 2367, 2943, 981, 1316, 2281, 1117, 3310, 3500, 1611, 2640, 2761, 1098, 4520, 1932, 1164, 4257, 2112]","[0.0, 0.76, 0.74, 0.75, 0.84, 0.75, 0.34, 0.75, 0.29, 0.22, 0.63, 0.64, 0.36, 0.86, 0.65, 0.76, 0.23, 0.73, 0.78, 0.7, 1.0, 0.88, 0.28, 0.78, 1.0, 0.68, 0.7, 0.86, 1.0, 0.56, 0.76, 0.31, 1.0, 0.39, 0.67, 0.21, 0.83, 0.25, 0.29, 0.76, 0.8, 0.79, 0.78, 0.88, 0.83, 0.8, 0.85, 0.26, 0.65, 0.75, 0.31, 1.0, 0.71, 0.78, 0.06, 0.78, 0.49, 0.88, 0.06, 0.14, 0.0, 0.17, 0.83, 0.21, 0.7, 0.28, 0.77, 0.65, 0.8, 0.0, 0.74, 0.28, 0.5, 0.4, 0.65]"
918,210080,0.24,0.111,915,2025-02-23 07:23:55.519162,"['32221', '32224', '32234', '32243', '32248', '32251', '32261', '32262', '32263', '32265', '32266', '32276', '32278', '32283', '32286']","[3063, 2072, 1164, 3255, 206, 5256, 4459, 4725, 5157, 734, 5609, 806, 3829, 5402, 1480, 4500, 4696, 2253, 2246, 3593, 133, 535, 756, 68, 3273, 2980, 2010, 148, 4651, 2668, 5459, 2172, 3188, 5801, 2715, 2177]","[0.22, 0.86, 0.79, 0.17, 0.9, 0.91, 0.37, 0.75, 0.15, 0.23, 0.75, 0.71, 0.29, 0.9, 0.69, 0.73, 0.2, 0.78, 0.75, 0.63, 1.0, 0.83, 0.2, 0.77, 0.84, 0.8, 0.88, 0.93, 0.28, 0.25, 0.86, 0.21, 0.78, 0.24, 0.75, 0.15, 0.89, 1.0, 0.26, 0.8, 0.85, 0.85, 0.85, 0.93, 0.68, 0.77, 0.89, 0.0, 1.0, 0.25, 0.23, 0.0, 0.0, 0.83, 0.09, 0.71, 0.26, 0.94, 0.08, 0.22, 0.38, 0.24, 1.0, 0.24, 0.83, 0.24, 0.83, 0.75, 0.82, 0.5, 0.79, 0.24, 0.0, 0.3, 0.72]"
919,1364064,0.415,0.194,915,2025-02-23 07:23:55.634936,"['32215', '32217', '32225', '32229', '32244', '32252', '32253', '32256', '32270', '32272', '32276', '32277', '32281', '32283', '32287']","[3703, 5658, 557, 882, 539, 2744, 2740, 5782, 4723, 2612, 2378, 5236, 825, 3052, 3682, 506, 3035, 2499, 4732, 5237, 2840, 835, 915, 4535, 4038, 1331, 3741, 4701, 2586, 637, 1396, 5614, 4838, 264, 1706, 3561]","[0.32, 1.0, 0.75, 0.0, 0.52, 0.6, 0.21, 0.35, 0.33, 0.57, 0.41, 0.0, 0.53, 0.72, 0.19, 0.0, 0.6, 0.31, 0.58, 0.52, 0.19, 0.63, 0.59, 0.68, 0.43, 0.5, 0.57, 0.76, 0.53, 0.54, 1.0, 0.66, 0.26, 0.65, 0.41, 0.6, 0.79, 0.39, 1.0, 0.0, 0.57, 0.5, 1.0, 0.69, 0.63, 0.44, 0.63, 0.74, 0.15, 0.61, 0.62, 0.21, 0.22, 0.75, 0.41, 0.3, 0.0, 0.64, 0.0, 0.67, 0.45, 0.55, 0.0, 1.0, 0.58, 0.5, 0.51, 0.0, 0.7, 0.75, 0.62, 0.44, 0.54, 0.75, 0.44]"
920,97353,0.286,0.333,920,2025-02-23 07:23:55.899482,"['32215', '32219', '32223', '32225', '32230', '32239', '32240', '32244', '32248', '32253', '32269', '32270', '32276', '32287', '32288']","[3703, 3052, 539, 506, 835, 5782, 4723, 882, 5195, 2840, 117, 557, 2378, 823, 3094, 838, 5614, 3720, 4003, 2744, 2612, 1553, 4226, 637, 4033, 3951, 2379, 5760, 5658, 5465, 4600, 3326, 2753, 4846, 2948, 2050]","[0.38, 0.75, 0.73, 0.34, 0.55, 0.75, 0.23, 0.39, 0.35, 0.0, 0.43, 0.0, 0.54, 0.75, 0.27, 0.58, 1.0, 0.35, 0.61, 0.57, 0.25, 0.72, 0.57, 0.71, 0.43, 0.25, 0.25, 0.72, 0.58, 0.59, 0.75, 0.66, 0.31, 0.61, 0.25, 0.56, 0.79, 0.4, 0.45, 0.75, 0.6, 0.57, 0.58, 0.72, 0.69, 0.51, 0.65, 0.69, 0.21, 0.6, 0.55, 0.31, 0.34, 0.74, 0.29, 0.25, 0.25, 0.67, 0.3, 0.53, 0.45, 0.57, 0.67, 0.43, 0.65, 0.46, 0.6, 0.53, 0.7, 0.5, 0.65, 0.42, 0.56, 0.75, 0.25]"
921,1299519,0.212,0.306,920,2025-02-23 07:23:56.016382,"['32221', '32224', '32242', '32243', '32251', '32253', '32261', '32263', '32265', '32266', '32270', '32274', '32275', '32283', '32286']","[5402, 1164, 5256, 3406, 5692, 5541, 3029, 3255, 3273, 1117, 3310, 756, 4547, 668, 1316, 2943, 1942, 214, 3063, 2640, 5027, 3330, 4322, 216, 4444, 535, 1183, 133, 4504, 835, 2253, 3786, 2980, 4807, 734, 2072]","[0.36, 0.82, 0.75, 0.32, 0.86, 0.8, 0.35, 0.0, 0.23, 0.21, 0.75, 0.67, 0.35, 0.88, 0.68, 0.75, 0.2, 0.74, 0.75, 0.69, 0.64, 0.89, 0.24, 0.78, 0.76, 0.72, 0.76, 0.89, 0.25, 0.25, 0.8, 0.29, 0.75, 0.32, 0.61, 0.19, 0.87, 0.75, 0.28, 1.0, 0.82, 0.85, 0.81, 0.91, 0.78, 0.78, 0.86, 0.25, 0.66, 0.25, 0.26, 0.75, 1.0, 0.8, 0.06, 0.76, 0.25, 0.89, 0.06, 0.15, 0.17, 0.0, 0.75, 0.24, 0.7, 0.28, 0.8, 0.68, 0.79, 0.25, 0.76, 0.27, 0.0, 0.36, 0.69]"
922,631288,0.285,0.278,920,2025-02-23 07:23:56.133193,"['32214', '32219', '32222', '32224', '32225', '32226', '32231', '32251', '32253', '32264', '32269', '32274', '32281', '32287', '32288']","[3285, 3052, 2664, 1176, 1098, 712, 5692, 2943, 2761, 4520, 4322, 3406, 3500, 1359, 3749, 4539, 4033, 5541, 4003, 2058, 506, 4412, 2620, 5195, 5264, 5098, 786, 1316, 4757, 3706, 4316, 2050, 2112, 2281, 2838, 5460]","[1.0, 0.65, 0.72, 0.5, 0.73, 0.75, 0.28, 0.45, 0.25, 0.28, 1.0, 0.75, 0.75, 0.81, 0.51, 0.71, 0.32, 0.75, 0.73, 0.69, 0.48, 0.87, 0.39, 0.77, 0.55, 0.56, 0.52, 0.79, 0.6, 0.66, 0.65, 0.48, 0.57, 0.51, 0.66, 0.34, 0.8, 0.75, 0.37, 0.75, 0.7, 0.73, 0.68, 0.83, 0.82, 0.73, 0.75, 0.39, 0.49, 0.52, 1.0, 0.64, 0.67, 0.74, 0.09, 1.0, 0.57, 0.77, 0.09, 0.2, 0.67, 0.57, 0.6, 0.27, 0.73, 0.36, 0.69, 0.75, 0.73, 0.43, 0.68, 0.36, 0.51, 0.75, 0.75]"
923,763436,0.269,0.389,920,2025-02-23 07:23:56.249274,"['32221', '32224', '32228', '32231', '32242', '32243', '32251', '32253', '32263', '32265', '32266', '32270', '32274', '32283', '32286']","[1164, 5402, 214, 3406, 4547, 3330, 3932, 1942, 5692, 5256, 3273, 2048, 1316, 3029, 4322, 2019, 5541, 3255, 668, 2640, 3450, 1117, 2980, 3310, 4444, 342, 535, 4396, 5208, 4504, 2943, 1293, 2668, 3063, 5460, 2253]","[0.41, 0.81, 0.74, 0.37, 0.86, 0.77, 0.35, 0.75, 0.25, 0.19, 1.0, 0.67, 0.35, 0.88, 0.75, 0.77, 0.19, 1.0, 0.77, 0.7, 0.66, 0.9, 0.24, 0.79, 0.75, 0.71, 0.72, 0.89, 0.25, 0.25, 0.8, 0.29, 0.76, 0.33, 0.65, 0.18, 0.86, 0.0, 0.28, 1.0, 0.81, 0.85, 0.81, 0.91, 0.81, 0.8, 0.86, 0.23, 0.69, 0.0, 0.26, 1.0, 1.0, 0.79, 0.05, 0.79, 0.25, 0.89, 0.05, 0.13, 0.17, 0.38, 0.74, 0.22, 0.71, 0.27, 0.79, 0.67, 0.79, 0.25, 0.75, 0.27, 0.75, 0.36, 0.69]"
924,802632,0.421,0.083,920,2025-02-23 07:23:56.366809,"['32214', '32215', '32223', '32231', '32236', '32244', '32251', '32252', '32253', '32256', '32262', '32263', '32269', '32276', '32286']","[3500, 3052, 5647, 1666, 3706, 4539, 5238, 4412, 1932, 3665, 4757, 2112, 2664, 1176, 2843, 3367, 3285, 5003, 4322, 873, 4120, 5654, 4808, 3645, 990, 145, 4600, 2761, 3248, 5598, 5460, 111, 1442, 5195, 5199, 2189]","[1.0, 0.25, 0.72, 0.57, 0.73, 0.53, 0.28, 0.44, 0.4, 0.0, 0.58, 0.56, 0.45, 0.81, 0.53, 0.73, 0.3, 1.0, 0.74, 0.71, 0.5, 0.89, 0.0, 0.78, 0.52, 0.54, 0.46, 0.78, 0.63, 0.7, 0.25, 0.48, 0.58, 0.53, 0.71, 0.33, 0.79, 1.0, 0.0, 0.0, 0.7, 0.73, 1.0, 0.83, 0.84, 0.76, 0.75, 0.35, 0.75, 1.0, 0.42, 0.71, 0.73, 0.73, 0.07, 1.0, 0.61, 0.76, 0.07, 0.16, 0.48, 0.6, 0.67, 0.25, 0.75, 0.36, 0.68, 0.55, 0.73, 0.4, 0.66, 0.36, 0.75, 0.47, 0.58]"
925,1465397,0.392,0.333,925,2025-02-23 07:23:56.618834,"['32214', '32224', '32226', '32240', '32242', '32247', '32253', '32262', '32263', '32270', '32274', '32275', '32281', '32286', '32287']","[5460, 2664, 4412, 981, 4757, 5065, 2112, 3500, 2761, 1316, 2843, 145, 5647, 1666, 1098, 5238, 1612, 49, 2189, 3706, 5594, 4184, 3665, 114, 1932, 4322, 2281, 5003, 4316, 2756, 795, 5598, 2494, 3493, 3749, 5121]","[1.0, 0.68, 0.73, 0.54, 0.79, 0.6, 0.28, 0.46, 0.39, 0.23, 1.0, 0.57, 0.0, 0.85, 0.59, 0.75, 0.27, 0.66, 0.77, 0.72, 0.58, 0.9, 0.32, 0.78, 0.59, 0.62, 0.75, 0.81, 1.0, 0.67, 0.71, 0.42, 0.64, 0.0, 0.7, 0.26, 0.82, 0.58, 0.32, 0.75, 0.74, 0.74, 0.73, 0.84, 0.85, 0.81, 0.79, 0.3, 1.0, 0.75, 0.35, 0.73, 0.78, 0.78, 0.06, 0.79, 1.0, 0.83, 0.07, 0.13, 0.83, 0.67, 0.62, 0.18, 0.74, 0.3, 0.73, 0.5, 0.79, 0.4, 0.72, 0.33, 0.5, 0.0, 0.61]"
926,1154756,0.37,0.167,925,2025-02-23 07:23:56.736834,"['32222', '32224', '32225', '32236', '32238', '32244', '32251', '32253', '32255', '32264', '32266', '32274', '32276', '32281', '32287']","[3052, 4003, 4033, 4226, 5195, 1553, 506, 3720, 5760, 1359, 637, 2948, 4975, 3694, 2316, 4953, 4942, 4600, 3500, 2943, 4412, 1822, 786, 5899, 4846, 480, 1176, 2968, 4368, 4539, 4325, 5675, 814, 2664, 3094, 5918]","[0.59, 0.51, 0.72, 0.58, 0.59, 0.41, 0.21, 0.36, 1.0, 0.37, 0.0, 0.75, 0.52, 0.77, 0.36, 0.66, 0.46, 0.44, 0.7, 0.67, 0.35, 0.85, 1.0, 0.75, 0.0, 0.45, 0.34, 0.69, 0.69, 0.74, 0.75, 0.64, 0.38, 0.67, 0.66, 0.48, 0.76, 0.25, 0.43, 1.0, 0.59, 1.0, 0.58, 0.71, 0.83, 0.69, 0.65, 0.53, 0.35, 0.57, 0.25, 0.64, 1.0, 0.73, 0.14, 0.64, 0.67, 0.64, 0.15, 0.27, 0.83, 0.7, 0.67, 0.27, 0.73, 0.42, 0.58, 0.5, 0.73, 0.42, 0.63, 0.43, 0.55, 0.75, 0.48]"
927,1310739,0.35,0.278,925,2025-02-23 07:23:56.851668,"['32214', '32217', '32221', '32228', '32242', '32243', '32251', '32253', '32263', '32266', '32270', '32274', '32275', '32283', '32286']","[1316, 3474, 5692, 4184, 2498, 2664, 5460, 5065, 712, 981, 3500, 2761, 1164, 295, 3310, 5256, 114, 5844, 2843, 3248, 4412, 3706, 3255, 5654, 1932, 3406, 4322, 1538, 342, 1787, 4396, 1293, 4000, 2494, 576, 1611]","[0.0, 0.74, 0.75, 0.0, 0.81, 0.71, 0.3, 1.0, 0.32, 0.24, 0.59, 0.6, 0.38, 0.87, 1.0, 0.74, 0.25, 0.68, 0.76, 0.69, 0.6, 0.89, 0.28, 0.78, 0.68, 0.68, 0.64, 0.85, 1.0, 1.0, 0.75, 0.38, 0.67, 0.43, 0.65, 0.23, 0.85, 1.0, 0.31, 1.0, 0.77, 0.78, 0.76, 0.87, 0.82, 0.8, 0.82, 0.3, 0.62, 0.0, 0.31, 0.65, 1.0, 0.8, 0.07, 0.77, 1.0, 0.86, 0.08, 0.16, 0.33, 0.33, 0.68, 0.2, 0.7, 0.28, 0.77, 0.62, 0.8, 0.25, 0.74, 0.31, 0.75, 0.39, 0.63]"
928,487555,0.291,0.417,925,2025-02-23 07:23:56.967245,"['32214', '32217', '32228', '32231', '32234', '32240', '32245', '32246', '32253', '32263', '32264', '32266', '32281', '32286', '32287']","[2664, 4757, 4520, 2112, 981, 3500, 1612, 3052, 2761, 1098, 4412, 2281, 5195, 342, 1932, 3706, 2943, 1359, 1666, 4539, 5238, 5460, 4322, 5594, 5647, 4600, 1176, 5692, 2843, 2189, 145, 2058, 712, 5844, 2331, 3151]","[0.75, 0.68, 0.73, 0.75, 0.79, 0.6, 0.28, 0.46, 0.39, 0.24, 0.58, 0.57, 0.41, 0.85, 0.75, 0.74, 0.27, 0.75, 0.77, 0.71, 1.0, 0.9, 0.33, 0.78, 0.59, 0.61, 0.25, 0.81, 0.6, 0.66, 0.7, 0.75, 0.75, 0.5, 0.69, 0.27, 0.82, 0.58, 0.33, 1.0, 0.74, 0.74, 0.72, 0.84, 0.85, 0.81, 0.79, 0.3, 0.59, 0.75, 0.25, 0.72, 0.75, 0.78, 0.06, 0.79, 0.6, 0.82, 0.07, 0.13, 0.47, 0.57, 0.62, 0.19, 0.74, 0.3, 0.73, 0.75, 0.78, 0.41, 0.71, 0.33, 0.25, 0.25, 0.6]"
929,1247477,0.279,0.083,925,2025-02-23 07:23:57.084018,"['32224', '32225', '32226', '32231', '32238', '32246', '32251', '32253', '32265', '32270', '32281', '32283', '32286', '32287', '32288']","[2840, 3052, 835, 539, 506, 4033, 5195, 117, 2943, 216, 3951, 2050, 4723, 2664, 712, 2761, 3285, 4322, 2620, 4003, 2612, 637, 5541, 3500, 4600, 990, 4161, 1553, 2640, 5692, 786, 1359, 2753, 3263, 3883, 4539]","[0.38, 0.67, 0.76, 0.34, 0.7, 0.66, 0.26, 0.44, 0.32, 0.36, 0.75, 0.75, 0.0, 0.83, 0.43, 0.65, 0.39, 0.75, 0.69, 0.62, 0.42, 0.81, 0.4, 0.74, 0.75, 0.61, 0.6, 0.81, 0.52, 0.55, 0.67, 0.52, 0.25, 0.51, 0.55, 0.36, 0.83, 0.75, 0.37, 0.75, 0.69, 0.69, 0.69, 0.81, 0.73, 0.67, 0.75, 0.5, 0.42, 0.52, 0.41, 0.25, 0.5, 0.78, 0.16, 0.59, 0.75, 0.79, 0.17, 0.34, 0.43, 0.52, 0.61, 0.3, 0.65, 0.37, 0.69, 0.5, 0.76, 0.5, 0.7, 0.36, 0.75, 0.5, 0.5]"
930,261048,0.342,0.444,930,2025-02-23 07:23:57.339552,"['32217', '32223', '32229', '32230', '32241', '32248', '32257', '32259', '32260', '32271', '32273', '32274', '32279', '32284', '32285']","[3703, 882, 4723, 557, 2744, 2740, 5385, 539, 3052, 4226, 5782, 2879, 2586, 5658, 838, 5237, 5195, 825, 2338, 3383, 3035, 1761, 823, 4003, 1788, 2840, 3308, 2839, 174, 1740, 2499, 3885, 4319, 2612, 5760, 277]","[0.44, 0.45, 0.73, 0.0, 0.41, 0.44, 0.17, 0.3, 0.42, 1.0, 0.34, 0.39, 0.59, 0.68, 0.16, 0.0, 0.75, 0.25, 0.56, 0.54, 0.16, 0.66, 0.66, 0.71, 0.35, 0.38, 0.37, 0.75, 0.63, 0.63, 0.41, 0.75, 0.21, 0.72, 1.0, 0.72, 0.74, 0.33, 0.51, 0.37, 0.49, 0.48, 0.48, 0.75, 0.7, 0.75, 0.25, 0.81, 0.13, 0.62, 0.68, 0.28, 0.29, 0.71, 0.41, 0.3, 0.56, 0.75, 0.39, 0.75, 0.67, 0.67, 0.39, 0.47, 0.64, 1.0, 0.46, 0.45, 0.66, 0.48, 0.5, 0.75, 0.6, 0.59, 0.39]"
931,1056588,0.271,0.528,930,2025-02-23 07:23:57.456308,"['32215', '32217', '32218', '32226', '32230', '32239', '32244', '32255', '32256', '32269', '32274', '32276', '32279', '32280', '32287']","[3052, 5195, 1359, 637, 2943, 4455, 1077, 2664, 4600, 3500, 712, 1176, 4003, 5758, 2058, 3285, 2050, 786, 506, 4322, 539, 990, 4539, 576, 2761, 216, 4033, 5654, 2505, 4757, 2379, 4953, 3720, 5541, 4622, 1932]","[0.53, 0.25, 0.73, 0.75, 1.0, 0.54, 0.25, 0.41, 0.41, 0.32, 0.52, 0.5, 0.25, 0.8, 0.42, 0.68, 0.25, 0.51, 0.72, 0.67, 0.4, 0.84, 0.44, 0.77, 0.51, 0.0, 0.46, 0.74, 0.61, 0.65, 0.75, 0.52, 0.51, 0.57, 0.65, 0.4, 0.77, 0.48, 0.37, 0.6, 0.68, 0.75, 0.25, 0.79, 0.82, 0.7, 0.73, 0.47, 0.41, 0.53, 0.48, 0.58, 0.62, 0.74, 0.14, 0.75, 0.6, 0.74, 0.12, 0.26, 0.33, 0.6, 0.83, 0.27, 0.72, 0.17, 0.33, 0.56, 0.72, 0.41, 0.65, 0.38, 0.54, 0.0, 0.54]"
932,359760,0.353,0.528,930,2025-02-23 07:23:57.578869,"['32225', '32226', '32230', '32236', '32238', '32239', '32242', '32244', '32245', '32253', '32273', '32275', '32281', '32283', '32287']","[539, 882, 2612, 3703, 637, 4723, 4701, 557, 5658, 2840, 3052, 506, 117, 2378, 5195, 835, 2744, 5782, 4033, 823, 4226, 4003, 2289, 2740, 3741, 2499, 1249, 4065, 2586, 4838, 5760, 5814, 3383, 5237, 216, 4535]","[0.39, 0.54, 0.75, 0.3, 0.49, 0.54, 0.19, 0.34, 0.36, 0.54, 0.38, 0.75, 0.25, 0.73, 0.2, 0.52, 0.25, 0.31, 0.58, 0.54, 0.21, 0.67, 1.0, 0.72, 0.0, 0.75, 0.48, 0.68, 0.75, 0.57, 1.0, 1.0, 0.28, 0.65, 0.45, 0.64, 0.77, 0.36, 0.46, 0.0, 0.56, 0.55, 0.55, 0.69, 0.68, 0.46, 0.63, 0.76, 0.17, 0.6, 0.62, 0.27, 0.29, 0.74, 0.37, 0.33, 0.5, 0.63, 0.36, 1.0, 0.45, 0.67, 0.46, 0.44, 0.62, 0.47, 0.53, 1.0, 0.68, 0.75, 0.6, 0.45, 0.59, 0.25, 0.45]"
933,1388011,0.279,0.361,930,2025-02-23 07:23:57.693690,"['32214', '32219', '32224', '32225', '32230', '32231', '32238', '32239', '32242', '32245', '32247', '32251', '32263', '32264', '32287']","[3052, 3500, 990, 4539, 2664, 1176, 5647, 3285, 5195, 1077, 2761, 2189, 506, 2112, 4412, 4033, 4003, 2379, 2505, 637, 1612, 1553, 2058, 5238, 4322, 3367, 4757, 5829, 1359, 1098, 4953, 712, 2968, 1666, 786, 1932]","[1.0, 0.57, 0.72, 0.56, 0.65, 0.75, 0.25, 0.4, 0.45, 0.31, 0.75, 1.0, 0.49, 0.79, 0.43, 0.69, 0.25, 1.0, 0.74, 0.7, 0.41, 0.86, 0.44, 0.78, 0.25, 0.25, 0.41, 0.72, 1.0, 0.71, 0.59, 0.75, 0.51, 0.75, 0.69, 0.41, 0.76, 0.75, 0.38, 0.6, 0.67, 0.7, 0.65, 0.78, 0.84, 0.72, 0.72, 0.45, 0.43, 0.75, 0.25, 0.65, 0.68, 0.73, 0.12, 0.67, 0.65, 0.72, 0.1, 0.22, 0.49, 0.64, 0.55, 0.25, 0.74, 0.38, 0.63, 0.54, 0.71, 0.38, 0.64, 0.39, 0.54, 0.25, 0.52]"
934,811750,0.31,0.417,930,2025-02-23 07:23:57.810989,"['32218', '32219', '32222', '32223', '32230', '32239', '32252', '32253', '32256', '32269', '32271', '32274', '32279', '32280', '32285']","[3052, 4226, 5760, 4953, 4033, 4003, 3720, 4119, 5195, 4600, 3158, 2948, 2316, 3694, 4954, 1359, 1553, 1822, 4319, 5918, 4338, 3326, 4062, 506, 1929, 5908, 5098, 2968, 990, 4846, 4723, 2586, 786, 4324, 4539, 3285]","[0.67, 0.41, 0.69, 0.65, 0.25, 0.0, 0.2, 0.31, 0.75, 0.25, 0.45, 0.41, 0.57, 0.71, 0.29, 0.65, 0.25, 0.36, 0.7, 0.69, 0.28, 0.84, 0.59, 0.76, 0.31, 0.25, 0.24, 0.6, 0.75, 0.79, 0.42, 0.69, 0.33, 0.75, 0.7, 0.59, 0.7, 0.41, 0.0, 0.75, 0.55, 0.56, 0.25, 0.65, 0.85, 0.65, 0.6, 0.6, 0.26, 0.58, 0.64, 0.65, 0.67, 0.68, 0.17, 0.75, 0.74, 0.75, 0.15, 0.29, 1.0, 0.76, 0.4, 0.29, 0.76, 0.67, 0.5, 0.43, 0.67, 0.37, 0.57, 0.5, 0.58, 0.59, 0.42]"
935,220216,0.356,0.306,935,2025-02-23 07:23:58.054939,"['32214', '32223', '32232', '32233', '32235', '32244', '32257', '32260', '32270', '32272', '32276', '32277', '32279', '32280', '32285']","[882, 2839, 2499, 3703, 5237, 1071, 915, 5371, 2744, 174, 2408, 2338, 3383, 2570, 1020, 2879, 838, 5884, 4723, 5915, 3484, 3035, 3741, 4554, 3885, 2009, 1964, 557, 5385, 2011, 1048, 122, 395, 905, 1214, 2821]","[0.0, 0.41, 0.74, 0.29, 0.33, 0.4, 0.15, 0.28, 0.4, 1.0, 0.31, 0.38, 0.64, 0.63, 0.1, 0.43, 0.77, 0.17, 0.0, 1.0, 0.09, 1.0, 0.73, 0.66, 0.28, 0.35, 0.39, 0.59, 0.64, 0.63, 0.75, 0.81, 0.13, 0.72, 0.35, 0.77, 0.73, 0.3, 0.57, 0.29, 0.45, 0.33, 0.44, 1.0, 0.6, 0.34, 0.0, 0.9, 0.06, 0.67, 0.74, 0.17, 0.16, 0.73, 0.59, 0.18, 0.0, 0.49, 1.0, 0.82, 0.42, 0.7, 0.0, 1.0, 0.56, 1.0, 0.0, 0.39, 0.64, 0.56, 0.56, 1.0, 0.63, 0.65, 0.34]"
936,1518674,0.273,0.194,935,2025-02-23 07:23:58.170606,"['32221', '32224', '32228', '32242', '32251', '32261', '32263', '32265', '32269', '32270', '32275', '32276', '32283', '32286', '32287']","[2943, 5692, 2761, 4322, 1316, 2664, 216, 712, 3029, 3406, 5402, 2640, 5541, 668, 835, 5256, 3310, 2498, 3474, 3063, 2060, 3052, 1098, 1786, 342, 5614, 3255, 3500, 5195, 1942, 4184, 4396, 1164, 2838, 2620, 4033]","[0.38, 0.78, 0.77, 0.34, 0.81, 0.74, 0.3, 0.25, 0.29, 0.25, 0.25, 0.63, 0.38, 0.87, 0.75, 0.72, 0.26, 0.68, 0.75, 0.67, 0.56, 0.87, 0.29, 0.76, 0.7, 0.68, 0.68, 0.85, 0.75, 0.55, 0.76, 0.37, 0.68, 0.4, 0.6, 0.23, 0.84, 0.75, 0.3, 0.72, 0.78, 0.81, 0.76, 0.88, 0.78, 0.76, 0.83, 0.25, 0.56, 0.25, 0.33, 0.75, 0.61, 0.8, 0.08, 1.0, 0.25, 0.87, 0.1, 0.22, 0.42, 0.0, 1.0, 0.24, 0.67, 0.29, 0.77, 0.62, 0.77, 0.5, 0.75, 0.29, 0.5, 0.5, 0.64]"
937,1247577,0.309,0.389,935,2025-02-23 07:23:58.288025,"['32224', '32226', '32231', '32236', '32238', '32245', '32246', '32247', '32248', '32264', '32270', '32275', '32276', '32283', '32287']","[3052, 2840, 2943, 4033, 5195, 2761, 4322, 216, 506, 539, 2664, 4003, 712, 1553, 835, 4600, 637, 2050, 1359, 2753, 3500, 4975, 117, 990, 5541, 786, 3951, 1176, 3285, 4455, 4161, 5758, 5216, 3263, 2620, 576]","[0.42, 0.66, 0.75, 0.39, 0.68, 0.61, 0.24, 0.42, 0.36, 0.37, 0.0, 0.54, 0.25, 0.81, 0.4, 0.65, 0.4, 0.75, 0.69, 0.64, 0.39, 0.81, 0.25, 0.74, 0.75, 0.56, 0.55, 0.78, 0.57, 0.62, 0.65, 0.75, 0.25, 0.25, 0.75, 0.39, 0.8, 0.47, 0.38, 0.6, 0.69, 0.68, 0.67, 0.81, 0.76, 0.66, 0.74, 0.51, 0.37, 0.55, 0.25, 0.48, 0.52, 0.77, 0.16, 0.59, 1.0, 0.77, 0.18, 0.35, 0.44, 0.67, 0.67, 0.31, 0.67, 0.38, 0.67, 0.53, 0.73, 0.75, 0.69, 0.35, 0.54, 0.5, 0.54]"
938,45728,0.28,0.194,935,2025-02-23 07:23:58.409719,"['32221', '32224', '32228', '32242', '32243', '32247', '32251', '32263', '32265', '32270', '32274', '32276', '32283', '32286', '32287']","[1164, 5256, 3255, 5402, 5290, 342, 2640, 1316, 3273, 3063, 4000, 3161, 2072, 214, 3406, 5692, 1893, 2668, 4444, 4396, 1117, 756, 1293, 2048, 4725, 5742, 295, 3572, 2943, 2044, 668, 2498, 1787, 4184, 535, 5134]","[0.35, 0.84, 0.78, 0.3, 0.87, 0.82, 0.34, 0.75, 0.25, 0.2, 0.75, 0.68, 0.33, 0.9, 1.0, 0.76, 0.19, 0.76, 0.77, 0.69, 0.66, 0.89, 0.22, 0.78, 0.78, 0.75, 0.76, 0.89, 0.0, 1.0, 0.82, 0.28, 0.77, 0.0, 0.62, 0.16, 0.86, 0.75, 0.26, 0.78, 0.82, 0.86, 0.81, 0.92, 0.78, 0.8, 0.87, 0.24, 0.67, 0.0, 0.26, 1.0, 0.65, 0.82, 0.06, 0.79, 0.25, 0.91, 0.07, 0.16, 0.17, 0.38, 1.0, 0.21, 0.67, 0.25, 0.82, 0.68, 0.8, 0.5, 0.79, 0.25, 0.5, 0.5, 0.69]"
939,105894,0.252,0.5,935,2025-02-23 07:23:58.538332,"['32221', '32234', '32242', '32243', '32248', '32261', '32262', '32263', '32264', '32265', '32266', '32270', '32276', '32283', '32286']","[3255, 5256, 3063, 1164, 2668, 2072, 391, 3593, 216, 734, 4396, 4459, 2420, 4725, 5692, 3474, 3310, 342, 1268, 1196, 1787, 2715, 835, 806, 5402, 2761, 3113, 668, 5522, 4696, 206, 4500, 535, 2253, 5313, 133]","[0.26, 0.86, 0.79, 0.21, 0.87, 0.85, 0.34, 1.0, 0.2, 0.23, 0.61, 0.68, 0.34, 0.9, 0.65, 0.72, 0.21, 0.74, 0.74, 0.65, 1.0, 0.86, 0.22, 0.76, 0.81, 0.77, 0.81, 0.9, 0.75, 0.25, 0.83, 0.28, 0.75, 0.29, 0.75, 0.16, 0.87, 0.58, 0.26, 0.77, 0.82, 0.86, 0.82, 0.92, 0.71, 0.76, 0.87, 0.0, 1.0, 0.75, 0.0, 0.25, 0.25, 0.83, 0.08, 0.72, 0.25, 0.92, 0.1, 0.24, 0.37, 0.33, 0.83, 0.25, 0.61, 0.26, 0.83, 0.7, 0.8, 0.75, 0.8, 0.25, 0.75, 0.34, 0.69]"
940,1406188,0.329,0.222,940,2025-02-23 07:23:58.809632,"['32219', '32221', '32224', '32228', '32233', '32234', '32242', '32248', '32251', '32262', '32263', '32266', '32269', '32283', '32286']","[391, 2072, 5256, 3255, 734, 3063, 1164, 4725, 2668, 1117, 3975, 5742, 5486, 4500, 806, 2246, 5402, 2420, 1268, 841, 1787, 4459, 5763, 4371, 835, 5157, 4543, 5692, 5301, 3709, 3310, 182, 2172, 5313, 3113, 5045]","[0.23, 0.82, 0.8, 0.19, 0.86, 1.0, 0.34, 1.0, 0.19, 0.27, 1.0, 0.66, 0.33, 0.89, 0.0, 0.7, 0.23, 0.72, 0.72, 1.0, 1.0, 0.81, 0.24, 0.75, 0.79, 0.75, 0.84, 0.9, 0.0, 0.36, 0.83, 0.29, 0.69, 0.32, 0.0, 0.22, 0.87, 1.0, 0.27, 0.75, 0.8, 0.83, 0.82, 0.9, 0.67, 0.75, 0.88, 0.33, 1.0, 1.0, 0.27, 0.33, 0.25, 0.83, 0.11, 1.0, 0.29, 0.9, 0.12, 0.31, 0.37, 0.32, 0.75, 0.28, 0.62, 0.26, 0.81, 0.72, 0.81, 1.0, 0.81, 0.29, 0.75, 0.32, 0.67]"
941,129749,0.259,0.472,940,2025-02-23 07:23:58.927600,"['32219', '32223', '32229', '32241', '32252', '32254', '32257', '32259', '32260', '32269', '32273', '32274', '32279', '32284', '32285']","[2338, 5915, 4554, 5326, 5385, 4319, 930, 715, 2586, 525, 4861, 2609, 670, 2910, 4119, 2547, 1596, 2273, 4156, 1569, 1585, 2707, 4780, 4927, 3383, 2011, 277, 2762, 905, 4226, 5884, 1497, 1007, 4804, 3885, 1204]","[0.63, 0.24, 0.68, 0.61, 0.26, 0.0, 0.14, 0.21, 0.6, 0.25, 0.32, 0.31, 0.7, 0.55, 0.09, 0.75, 0.76, 0.14, 0.59, 0.59, 0.12, 0.68, 0.8, 0.69, 0.16, 0.23, 0.17, 0.75, 0.79, 0.81, 0.24, 0.86, 0.11, 0.86, 0.59, 0.81, 0.65, 0.31, 1.0, 0.29, 0.0, 0.27, 0.34, 0.0, 0.77, 0.0, 0.25, 0.83, 0.09, 0.68, 0.78, 0.42, 0.41, 0.66, 0.4, 0.0, 0.76, 0.29, 0.4, 0.25, 0.83, 0.85, 0.22, 0.47, 0.74, 0.83, 0.32, 0.33, 0.63, 0.41, 0.5, 0.5, 0.62, 0.68, 0.28]"
942,1006319,0.277,0.028,940,2025-02-23 07:23:59.042827,"['32219', '32221', '32224', '32228', '32242', '32243', '32246', '32248', '32262', '32263', '32265', '32269', '32283', '32286', '32288']","[391, 3593, 4396, 3063, 2420, 1164, 5402, 5692, 3310, 4866, 2172, 1117, 4459, 216, 835, 3255, 1316, 734, 3474, 5541, 2980, 2072, 1268, 5256, 1871, 3406, 5045, 3675, 5208, 4500, 2668, 2620, 5290, 806, 4371, 4679]","[0.26, 0.8, 0.79, 0.21, 0.84, 1.0, 0.33, 1.0, 0.21, 0.28, 1.0, 0.64, 0.34, 0.88, 0.0, 0.7, 0.24, 0.7, 0.72, 0.62, 0.57, 0.82, 0.26, 0.75, 0.77, 0.72, 0.81, 0.89, 1.0, 0.0, 0.81, 0.31, 1.0, 0.35, 0.0, 0.24, 0.86, 0.59, 0.28, 0.73, 0.79, 0.81, 0.81, 0.89, 0.69, 0.75, 0.87, 0.34, 1.0, 0.0, 0.29, 0.0, 0.45, 0.82, 0.11, 1.0, 0.32, 0.89, 0.12, 0.3, 0.38, 0.35, 0.73, 0.27, 0.63, 0.27, 0.79, 0.7, 0.81, 0.0, 0.79, 0.3, 0.5, 0.34, 0.75]"
943,152167,0.324,0.194,940,2025-02-23 07:23:59.165521,"['32219', '32224', '32225', '32231', '32238', '32239', '32243', '32246', '32247', '32251', '32266', '32269', '32270', '32275', '32288']","[3052, 2840, 506, 4723, 5195, 539, 4003, 3326, 2664, 4033, 835, 117, 3951, 712, 4846, 4322, 990, 4600, 5465, 2050, 4226, 2378, 3285, 3703, 2943, 637, 4455, 3263, 2612, 5264, 5614, 1553, 2620, 216, 2847, 5541]","[0.42, 0.58, 0.75, 0.38, 0.63, 0.75, 0.23, 0.4, 0.36, 0.41, 0.75, 0.25, 0.49, 0.78, 0.32, 0.63, 0.45, 0.25, 0.68, 0.61, 0.35, 0.77, 0.48, 0.73, 0.75, 1.0, 0.54, 0.76, 0.56, 0.75, 0.59, 0.56, 0.0, 0.25, 0.55, 0.48, 0.79, 0.75, 0.4, 0.56, 0.63, 0.61, 0.64, 0.75, 0.74, 0.65, 0.73, 0.56, 0.33, 0.56, 0.5, 0.41, 0.25, 0.76, 0.2, 0.75, 0.75, 0.7, 0.2, 0.41, 0.44, 0.83, 0.51, 0.34, 0.68, 0.39, 0.62, 0.55, 0.74, 0.46, 0.68, 0.4, 0.54, 0.48, 0.5]"
944,454247,0.415,0.139,940,2025-02-23 07:23:59.283301,"['32218', '32219', '32222', '32224', '32230', '32244', '32249', '32252', '32253', '32254', '32255', '32256', '32266', '32274', '32288']","[4953, 3052, 4226, 4368, 4033, 2968, 4003, 4455, 4412, 5760, 5195, 3694, 2316, 3500, 4539, 1822, 3158, 3326, 4846, 3720, 5908, 4324, 5647, 3665, 4808, 4942, 1553, 4673, 4120, 4119, 4600, 4062, 1932, 2664, 1174, 2948]","[0.67, 0.43, 0.69, 0.67, 0.0, 0.0, 0.21, 0.33, 0.75, 0.36, 1.0, 0.42, 0.55, 0.75, 0.31, 0.67, 0.25, 0.41, 0.73, 0.7, 0.36, 0.85, 0.57, 0.76, 0.32, 0.37, 0.28, 0.64, 0.74, 0.8, 0.0, 0.64, 0.37, 0.72, 0.73, 0.75, 0.73, 0.45, 0.0, 1.0, 1.0, 1.0, 1.0, 0.69, 0.87, 0.73, 0.67, 0.52, 0.34, 0.57, 0.57, 0.69, 1.0, 0.7, 0.12, 0.66, 0.75, 0.57, 0.12, 0.24, 0.83, 0.76, 0.41, 0.27, 0.78, 0.42, 0.55, 0.45, 0.72, 0.37, 0.62, 0.44, 0.58, 0.58, 0.0]"
945,828863,0.399,0.417,945,2025-02-23 07:23:59.532518,"['32214', '32217', '32226', '32228', '32230', '32234', '32239', '32240', '32245', '32251', '32262', '32263', '32265', '32266', '32274']","[5541, 2664, 2943, 4184, 4000, 2620, 4757, 4547, 2761, 981, 3706, 5692, 1098, 4412, 4322, 5065, 3052, 5594, 3951, 2112, 4454, 2601, 5460, 5647, 576, 3500, 4161, 2640, 5256, 3406, 3474, 1932, 1316, 1612, 506, 342]","[0.25, 0.7, 0.74, 0.75, 0.77, 0.68, 0.31, 0.46, 0.35, 0.25, 0.59, 0.58, 0.0, 0.86, 0.0, 0.72, 0.0, 0.66, 0.76, 0.71, 0.0, 0.88, 0.34, 0.78, 0.64, 1.0, 0.75, 0.82, 0.54, 0.61, 0.72, 0.25, 0.66, 0.45, 0.67, 0.26, 0.8, 1.0, 0.32, 0.71, 0.75, 0.77, 0.74, 0.85, 0.81, 0.78, 0.8, 0.32, 1.0, 0.75, 0.35, 1.0, 1.0, 0.76, 0.07, 0.73, 0.58, 0.83, 0.07, 0.17, 0.83, 0.51, 0.64, 0.22, 0.73, 0.3, 0.74, 0.63, 0.79, 0.42, 0.73, 0.32, 0.5, 0.42, 0.61]"
946,555515,0.239,0.306,945,2025-02-23 07:23:59.660590,"['32220', '32221', '32224', '32230', '32234', '32245', '32248', '32251', '32263', '32266', '32270', '32274', '32278', '32283', '32286']","[2072, 806, 734, 3063, 4459, 1164, 4500, 3255, 4725, 5157, 3829, 2177, 391, 2246, 1268, 4651, 148, 1240, 2980, 3494, 3838, 4807, 2997, 2172, 5609, 2341, 1480, 297, 2695, 3572, 1067, 4543, 5256, 2010, 1117, 5290]","[0.18, 0.86, 0.81, 0.16, 0.87, 0.91, 0.25, 0.75, 0.16, 0.24, 1.0, 0.7, 0.31, 0.91, 0.64, 0.71, 0.0, 0.75, 0.73, 0.63, 1.0, 0.81, 0.22, 0.77, 0.85, 0.8, 0.86, 0.93, 0.27, 0.31, 0.86, 0.0, 0.78, 0.25, 0.0, 0.15, 0.88, 1.0, 0.25, 0.78, 0.85, 0.87, 0.85, 0.92, 0.63, 0.74, 0.88, 0.31, 0.65, 0.25, 0.23, 0.3, 0.25, 0.83, 0.12, 0.63, 0.0, 0.93, 0.12, 0.3, 0.0, 0.23, 0.81, 0.27, 1.0, 0.24, 0.86, 0.78, 0.83, 0.75, 0.79, 0.26, 0.25, 0.27, 0.7]"
947,1419855,0.327,0.222,945,2025-02-23 07:23:59.784826,"['32223', '32224', '32228', '32230', '32236', '32239', '32244', '32246', '32247', '32261', '32264', '32266', '32269', '32275', '32287']","[3052, 4003, 4455, 4322, 5195, 2943, 2664, 4846, 3285, 3326, 4033, 786, 5899, 2761, 4226, 3500, 2840, 5647, 990, 4600, 3706, 4412, 4120, 5264, 4747, 5541, 4520, 712, 835, 2378, 449, 2620, 4345, 2050, 3406, 1176]","[0.51, 0.58, 0.73, 0.51, 0.64, 0.54, 0.25, 0.39, 0.42, 0.0, 1.0, 0.5, 0.49, 0.8, 0.0, 0.66, 0.75, 0.51, 0.71, 0.68, 0.38, 0.83, 0.25, 0.76, 0.49, 0.75, 0.45, 0.74, 0.61, 0.66, 1.0, 0.57, 0.0, 0.0, 0.64, 0.42, 0.76, 0.46, 0.39, 0.59, 0.65, 0.65, 0.63, 0.77, 0.79, 0.7, 0.71, 1.0, 0.38, 0.54, 0.25, 0.56, 1.0, 0.73, 0.13, 1.0, 0.63, 0.72, 0.13, 0.29, 0.49, 1.0, 0.53, 0.28, 0.72, 0.38, 0.63, 0.56, 0.75, 0.42, 0.67, 0.37, 0.53, 0.75, 0.52]"
948,214971,0.253,0.361,945,2025-02-23 07:23:59.903584,"['32221', '32228', '32230', '32234', '32240', '32242', '32243', '32248', '32251', '32262', '32263', '32266', '32270', '32283', '32286']","[4322, 3406, 712, 2840, 5541, 2761, 3263, 5614, 2050, 539, 3285, 1316, 3052, 2664, 216, 2943, 506, 835, 4161, 5256, 2060, 2640, 1098, 3951, 1273, 5402, 576, 1164, 990, 1268, 4033, 4547, 4000, 5692, 3474, 4003]","[0.36, 0.72, 0.76, 0.35, 0.75, 0.73, 0.3, 0.25, 0.3, 0.3, 0.55, 0.59, 0.41, 0.85, 0.75, 0.68, 0.0, 0.62, 0.72, 0.66, 0.25, 0.83, 0.36, 0.77, 0.66, 0.64, 1.0, 0.84, 0.25, 0.25, 0.72, 0.42, 0.63, 0.44, 0.75, 0.29, 0.82, 1.0, 0.33, 0.68, 0.74, 0.75, 0.73, 0.84, 0.74, 0.72, 0.79, 0.41, 0.25, 0.25, 0.36, 0.46, 0.75, 0.78, 0.13, 0.62, 0.75, 0.83, 0.13, 0.29, 0.44, 0.45, 0.66, 0.27, 0.68, 0.32, 0.74, 0.66, 0.78, 0.5, 0.72, 0.32, 0.5, 0.39, 0.6]"
949,1614246,0.365,0.083,945,2025-02-23 07:24:00.017670,"['32219', '32223', '32224', '32226', '32229', '32230', '32248', '32252', '32253', '32269', '32276', '32279', '32280', '32287', '32288']","[3052, 539, 2050, 4322, 712, 4033, 2943, 506, 4003, 5614, 5195, 449, 2664, 1176, 1553, 4723, 1249, 637, 5541, 835, 1359, 2840, 3951, 2761, 3500, 823, 2378, 3285, 4520, 4846, 3720, 4600, 3703, 216, 301, 3263]","[0.43, 0.61, 0.75, 0.42, 0.64, 0.75, 0.26, 0.4, 0.37, 0.0, 0.0, 0.52, 0.25, 0.81, 0.39, 0.75, 1.0, 0.51, 0.69, 0.65, 0.37, 0.8, 0.47, 0.75, 0.53, 0.54, 0.52, 0.77, 0.56, 0.6, 0.61, 0.55, 0.49, 0.55, 0.75, 0.42, 0.78, 0.46, 0.0, 0.0, 0.66, 0.66, 0.65, 0.78, 0.75, 0.66, 0.72, 0.52, 0.36, 0.54, 0.47, 0.46, 0.51, 0.75, 0.17, 1.0, 0.56, 0.74, 0.17, 0.36, 0.46, 0.56, 1.0, 0.31, 0.69, 1.0, 1.0, 0.59, 0.75, 0.46, 0.67, 0.37, 0.53, 0.75, 0.75]"
950,95520,0.248,0.528,950,2025-02-23 07:24:00.269615,"['32214', '32217', '32221', '32240', '32242', '32247', '32251', '32253', '32263', '32264', '32265', '32274', '32275', '32283', '32286']","[2664, 3500, 5844, 2112, 2281, 4322, 2498, 5460, 4757, 5065, 795, 5647, 3706, 1932, 5238, 1316, 145, 4412, 5692, 1612, 2843, 5594, 2761, 3392, 342, 981, 2494, 3665, 1538, 111, 2756, 5003, 3293, 4539, 2331, 4184]","[1.0, 0.7, 0.71, 0.75, 0.79, 0.61, 0.31, 0.25, 0.43, 0.2, 0.65, 0.57, 0.41, 0.82, 0.62, 0.75, 0.25, 0.69, 0.8, 0.72, 0.6, 0.91, 0.33, 0.8, 0.6, 0.6, 1.0, 0.8, 1.0, 0.68, 0.72, 0.38, 0.68, 0.0, 0.74, 0.26, 0.81, 1.0, 0.33, 1.0, 0.73, 0.77, 0.74, 0.85, 0.87, 0.84, 0.8, 0.27, 0.61, 0.25, 0.0, 1.0, 0.8, 0.75, 0.05, 0.79, 0.63, 0.82, 0.06, 0.11, 0.33, 0.83, 0.65, 0.18, 0.75, 0.31, 0.7, 0.57, 0.75, 0.0, 0.73, 0.34, 0.5, 0.44, 0.62]"
951,690932,0.328,0.417,950,2025-02-23 07:24:00.385362,"['32215', '32217', '32229', '32241', '32248', '32252', '32253', '32254', '32256', '32260', '32271', '32274', '32280', '32283', '32285']","[557, 5385, 3052, 4723, 2740, 3703, 882, 3383, 2744, 539, 4226, 2499, 5782, 2586, 5195, 5658, 5760, 506, 1761, 4003, 2338, 3308, 3035, 2612, 5236, 2378, 825, 3885, 4838, 2840, 5237, 4033, 3720, 838, 823, 4319]","[0.41, 0.25, 0.72, 0.0, 0.43, 0.44, 0.2, 0.33, 0.44, 0.57, 0.39, 0.4, 0.58, 0.65, 0.2, 0.25, 0.64, 0.28, 0.6, 0.56, 0.19, 0.67, 0.65, 0.7, 0.34, 0.4, 0.39, 1.0, 0.6, 0.67, 0.43, 0.73, 0.25, 0.73, 0.75, 0.66, 0.75, 0.37, 1.0, 0.0, 0.75, 0.45, 0.25, 0.63, 0.69, 0.48, 0.75, 0.76, 0.16, 0.63, 0.67, 0.31, 0.34, 0.72, 0.38, 0.33, 0.57, 0.75, 0.39, 0.6, 0.83, 0.66, 0.41, 0.44, 0.65, 0.55, 0.17, 0.41, 0.65, 0.5, 0.6, 0.75, 0.59, 0.56, 0.42]"
952,1374639,0.248,0.25,950,2025-02-23 07:24:00.506025,"['32221', '32236', '32243', '32248', '32251', '32253', '32261', '32262', '32263', '32265', '32266', '32269', '32270', '32283', '32286']","[3063, 1164, 5256, 734, 216, 2715, 2072, 4459, 391, 3593, 2668, 2420, 806, 2270, 206, 1942, 4176, 1268, 3255, 2253, 5402, 214, 4696, 5692, 535, 3273, 133, 2640, 4396, 3406, 3932, 5320, 5459, 668, 4725, 3188]","[0.21, 0.84, 0.77, 0.18, 0.85, 0.88, 0.35, 1.0, 0.17, 0.27, 0.63, 0.67, 0.33, 0.87, 0.62, 0.69, 0.24, 0.71, 0.72, 0.61, 0.58, 0.82, 0.0, 0.76, 0.8, 0.76, 0.82, 0.91, 0.3, 0.25, 0.85, 0.28, 0.72, 0.3, 1.0, 0.19, 0.88, 0.0, 0.26, 0.75, 0.82, 0.84, 0.83, 0.91, 0.66, 0.75, 0.85, 0.0, 1.0, 0.25, 0.29, 0.25, 0.0, 0.82, 0.11, 0.75, 0.0, 0.91, 0.13, 0.28, 0.37, 0.29, 0.78, 0.28, 0.6, 0.27, 0.81, 0.7, 0.79, 1.0, 0.77, 0.29, 0.75, 0.33, 0.72]"
953,1584584,0.396,0.056,950,2025-02-23 07:24:00.625190,"['32215', '32219', '32225', '32236', '32239', '32249', '32252', '32253', '32265', '32274', '32279', '32280', '32281', '32287', '32288']","[5195, 539, 835, 3052, 4600, 4033, 2840, 506, 117, 2050, 4003, 3703, 3951, 4723, 882, 637, 2753, 2943, 216, 1553, 889, 5465, 4322, 2612, 2847, 5614, 4701, 2378, 253, 823, 1359, 2948, 3094, 576, 786, 3285]","[0.37, 1.0, 0.74, 0.36, 0.62, 0.0, 0.25, 0.41, 0.35, 0.44, 0.49, 0.0, 0.49, 0.75, 0.34, 0.6, 0.47, 0.44, 0.66, 0.6, 0.32, 0.75, 1.0, 0.73, 0.51, 0.75, 0.54, 0.77, 0.52, 0.59, 0.61, 0.57, 0.42, 0.59, 0.5, 0.0, 0.8, 0.46, 0.25, 0.75, 0.64, 0.62, 0.64, 0.76, 0.71, 0.61, 0.69, 0.6, 0.3, 0.57, 0.53, 0.0, 0.43, 0.75, 0.23, 0.48, 0.49, 0.73, 0.25, 0.44, 0.33, 0.55, 0.55, 0.36, 0.65, 0.17, 0.67, 0.25, 0.71, 0.49, 0.67, 0.41, 0.54, 0.25, 0.5]"
954,1564736,0.364,0.417,950,2025-02-23 07:24:00.741802,"['32225', '32226', '32231', '32236', '32238', '32239', '32245', '32246', '32251', '32253', '32261', '32265', '32275', '32281', '32288']","[3052, 3500, 4033, 3694, 4003, 1176, 1359, 4975, 4455, 3285, 2664, 5238, 449, 4412, 3367, 4622, 2948, 2112, 857, 4322, 4539, 2058, 2050, 2943, 3961, 5647, 480, 5758, 4953, 637, 3720, 1932, 5195, 4757, 3706, 4120]","[0.6, 0.56, 0.7, 0.62, 0.64, 0.45, 0.25, 0.39, 0.51, 0.3, 0.56, 0.75, 0.0, 0.75, 0.43, 0.68, 0.39, 0.75, 0.75, 0.69, 0.42, 0.87, 0.25, 0.77, 0.0, 0.25, 0.39, 0.7, 0.67, 0.74, 0.57, 0.75, 0.25, 0.63, 0.7, 0.43, 0.76, 0.25, 0.41, 0.75, 0.62, 0.64, 0.62, 0.76, 0.85, 0.76, 0.69, 0.0, 0.41, 0.55, 0.51, 1.0, 0.72, 0.71, 0.1, 0.68, 0.68, 0.7, 0.11, 0.2, 0.5, 0.83, 0.52, 0.23, 0.75, 0.41, 0.58, 0.5, 0.7, 0.38, 0.66, 0.41, 0.52, 0.52, 0.75]"
955,608838,0.313,0.0,955,2025-02-23 07:24:01.030967,"['32214', '32225', '32228', '32231', '32234', '32240', '32251', '32253', '32262', '32263', '32265', '32269', '32273', '32274', '32276']","[4322, 1316, 712, 3029, 2664, 342, 1176, 5594, 3706, 5692, 3255, 2843, 2498, 3406, 1538, 3500, 981, 1098, 5065, 2367, 2112, 3063, 2465, 4184, 1666, 4617, 2331, 5460, 4757, 4396, 2943, 1612, 3084, 5256, 1164, 4520]","[1.0, 0.75, 0.73, 0.47, 0.8, 0.66, 0.32, 0.5, 0.35, 0.22, 0.61, 1.0, 0.38, 0.88, 1.0, 0.78, 0.24, 1.0, 0.78, 0.7, 1.0, 0.9, 0.31, 0.77, 0.65, 0.65, 1.0, 0.86, 0.54, 0.6, 0.77, 0.35, 0.68, 0.45, 0.69, 0.23, 0.81, 1.0, 0.31, 0.0, 0.77, 0.8, 0.77, 0.87, 0.83, 0.8, 0.82, 0.27, 0.0, 0.25, 0.33, 1.0, 0.74, 0.78, 0.06, 1.0, 0.54, 0.84, 0.06, 0.0, 0.0, 0.49, 0.67, 0.21, 0.74, 0.28, 0.74, 0.62, 0.78, 0.41, 0.74, 0.33, 0.49, 0.42, 0.63]"
956,167597,0.375,0.222,955,2025-02-23 07:24:01.144892,"['32221', '32224', '32225', '32228', '32233', '32238', '32246', '32247', '32251', '32253', '32263', '32264', '32266', '32273', '32286']","[539, 117, 2612, 3703, 4723, 3561, 506, 2840, 3951, 5782, 835, 557, 4732, 3118, 882, 1396, 5658, 216, 2499, 238, 2740, 2744, 5465, 3052, 4701, 4442, 3689, 5814, 391, 4838, 5501, 187, 889, 838, 3094, 2753]","[0.21, 0.69, 0.77, 0.17, 0.61, 0.7, 0.23, 1.0, 0.26, 0.53, 1.0, 1.0, 0.48, 0.81, 0.0, 0.55, 0.53, 0.33, 0.58, 0.0, 0.25, 0.63, 0.5, 0.65, 1.0, 0.62, 0.71, 0.83, 0.42, 0.41, 0.68, 0.57, 0.0, 0.0, 0.33, 0.51, 0.83, 0.0, 0.41, 1.0, 0.66, 0.65, 0.64, 0.79, 0.56, 0.46, 0.72, 0.71, 0.23, 1.0, 1.0, 0.15, 0.0, 0.79, 0.42, 0.3, 0.32, 0.76, 0.44, 1.0, 0.39, 0.4, 0.54, 0.51, 0.56, 0.43, 0.61, 0.6, 0.73, 0.58, 0.7, 0.4, 0.75, 0.45, 0.52]"
957,1573181,0.342,0.278,955,2025-02-23 07:24:01.263422,"['32224', '32225', '32239', '32242', '32247', '32251', '32253', '32263', '32270', '32275', '32280', '32281', '32286', '32287', '32288']","[3406, 3263, 5541, 4322, 835, 1268, 539, 2943, 3951, 5614, 2840, 712, 2640, 5692, 117, 391, 216, 506, 3561, 5045, 5216, 5700, 1164, 4000, 734, 4161, 2620, 786, 1786, 3255, 2420, 5483, 3052, 2339, 5256, 2664]","[0.29, 0.77, 0.76, 0.26, 0.76, 0.75, 0.29, 0.5, 0.26, 0.33, 0.75, 0.75, 0.4, 0.87, 0.48, 0.69, 0.33, 0.57, 0.7, 0.6, 0.48, 0.8, 0.35, 0.72, 0.69, 0.75, 0.72, 0.87, 0.25, 0.45, 0.78, 0.4, 0.59, 0.25, 0.49, 0.31, 0.84, 0.75, 0.33, 0.25, 0.75, 0.77, 0.75, 0.86, 0.69, 0.67, 0.81, 0.44, 0.48, 0.0, 0.36, 0.38, 0.44, 0.8, 0.18, 0.58, 0.0, 0.84, 0.2, 0.34, 0.41, 0.67, 0.66, 0.33, 0.64, 0.33, 0.83, 0.5, 0.77, 0.51, 0.75, 0.34, 0.5, 0.5, 0.75]"
958,988919,0.225,0.083,955,2025-02-23 07:24:01.385645,"['32220', '32221', '32224', '32225', '32243', '32248', '32251', '32253', '32262', '32263', '32265', '32266', '32274', '32283', '32286']","[1164, 3255, 5256, 3063, 5402, 2980, 806, 133, 2253, 535, 440, 1196, 3273, 2715, 5134, 3829, 1926, 1316, 4725, 391, 756, 4807, 3080, 4444, 5245, 5127, 5692, 4459, 206, 4651, 3113, 3029, 1783, 2420, 2668, 3376]","[0.25, 0.86, 0.77, 0.22, 0.87, 0.84, 0.0, 0.75, 0.2, 0.22, 1.0, 1.0, 0.32, 0.92, 0.66, 0.76, 0.19, 0.74, 0.76, 0.64, 0.67, 0.86, 0.22, 0.75, 0.82, 0.78, 0.82, 0.92, 0.35, 0.0, 0.87, 0.24, 0.76, 0.29, 0.75, 0.16, 0.87, 0.75, 0.26, 1.0, 0.83, 0.86, 0.84, 0.92, 0.72, 0.78, 0.88, 0.26, 1.0, 0.25, 0.24, 0.25, 0.75, 0.82, 0.09, 0.73, 0.32, 0.92, 0.09, 0.19, 0.0, 0.28, 0.77, 0.25, 0.64, 0.25, 0.82, 0.74, 0.82, 1.0, 0.8, 0.28, 0.25, 0.32, 0.71]"
959,113321,0.244,0.167,955,2025-02-23 07:24:01.504862,"['32221', '32225', '32243', '32245', '32248', '32253', '32263', '32265', '32266', '32270', '32274', '32275', '32283', '32286', '32288']","[1164, 3406, 5692, 3310, 1316, 4547, 4000, 391, 4396, 5256, 2420, 5541, 2640, 3084, 2943, 3593, 4322, 2498, 5123, 1268, 214, 5402, 1942, 2339, 835, 4459, 3029, 3474, 5045, 5340, 3255, 2270, 712, 3063, 3951, 4639]","[0.32, 0.81, 0.76, 0.29, 0.83, 0.78, 0.33, 1.0, 0.25, 0.24, 0.6, 0.25, 0.35, 0.9, 0.61, 0.75, 0.23, 0.69, 0.75, 0.65, 0.61, 0.87, 0.27, 0.75, 0.75, 0.72, 0.75, 0.9, 0.42, 0.0, 0.83, 0.0, 0.7, 0.36, 1.0, 0.21, 0.85, 0.59, 0.29, 1.0, 0.8, 0.83, 0.8, 0.9, 0.75, 0.77, 0.85, 0.3, 0.63, 0.25, 0.29, 0.25, 1.0, 0.81, 0.09, 0.72, 0.25, 0.89, 0.1, 0.2, 0.83, 0.33, 0.72, 0.25, 0.68, 0.27, 0.78, 0.69, 0.8, 0.5, 0.77, 0.3, 0.75, 0.36, 1.0]"
960,477951,0.192,0.417,960,2025-02-23 07:24:01.754355,"['32219', '32221', '32224', '32234', '32242', '32243', '32248', '32251', '32262', '32263', '32265', '32266', '32275', '32283', '32286']","[5256, 3255, 2640, 1164, 2072, 5692, 2668, 391, 1787, 3063, 4725, 342, 1098, 1316, 3406, 2943, 1268, 5402, 3474, 5744, 2664, 712, 2620, 734, 5459, 668, 5460, 4520, 3951, 4396, 295, 3310, 1117, 835, 5742, 1942]","[0.33, 0.82, 0.77, 0.29, 0.82, 1.0, 0.34, 0.75, 0.25, 0.24, 1.0, 0.64, 0.35, 0.87, 0.63, 0.74, 0.23, 0.73, 0.75, 0.65, 1.0, 0.87, 0.25, 0.78, 0.76, 0.71, 0.73, 0.9, 0.25, 0.75, 0.81, 0.32, 0.73, 0.35, 0.75, 0.2, 0.86, 0.75, 0.29, 0.74, 0.8, 0.82, 0.81, 0.9, 0.77, 0.78, 0.86, 0.27, 0.75, 0.75, 0.29, 0.75, 0.25, 0.79, 0.08, 0.73, 0.41, 0.88, 0.08, 0.18, 0.43, 0.17, 0.72, 0.23, 0.67, 0.28, 0.79, 0.7, 0.8, 0.5, 0.76, 0.3, 0.5, 0.36, 0.68]"
961,617075,0.366,0.222,960,2025-02-23 07:24:01.872288,"['32219', '32221', '32225', '32242', '32243', '32245', '32247', '32248', '32263', '32264', '32270', '32275', '32283', '32286', '32287']","[3255, 5256, 3406, 2664, 4184, 5460, 3263, 4000, 114, 4161, 712, 2668, 342, 1316, 3474, 391, 2498, 1164, 2640, 2761, 5065, 4322, 1098, 2843, 5744, 1293, 1611, 5692, 2943, 4725, 2072, 3151, 3593, 5123, 835, 2840]","[0.37, 0.78, 0.76, 0.34, 0.79, 0.75, 0.32, 1.0, 0.28, 0.26, 0.61, 0.25, 0.38, 0.86, 0.59, 0.73, 0.26, 0.69, 0.74, 0.66, 0.59, 0.86, 0.29, 0.77, 0.71, 0.67, 0.68, 0.88, 0.0, 1.0, 0.78, 0.0, 0.69, 0.0, 1.0, 0.23, 0.85, 0.57, 0.31, 0.71, 0.78, 0.79, 0.79, 0.88, 0.78, 0.77, 0.84, 0.3, 0.6, 1.0, 0.0, 0.54, 0.62, 0.78, 0.09, 0.71, 1.0, 0.86, 0.1, 0.2, 0.45, 0.33, 0.68, 0.24, 0.68, 0.3, 0.76, 0.67, 0.79, 0.75, 0.74, 0.32, 0.25, 0.0, 0.65]"
962,804048,0.238,0.194,960,2025-02-23 07:24:01.988620,"['32219', '32221', '32224', '32228', '32233', '32248', '32251', '32262', '32263', '32265', '32266', '32275', '32278', '32283', '32286']","[734, 5256, 1164, 2072, 3255, 3113, 1117, 4543, 4725, 5157, 3063, 3975, 806, 5301, 5245, 4651, 2986, 391, 3310, 3786, 1750, 1682, 3829, 3295, 4371, 3376, 68, 2980, 5402, 1480, 4459, 1266, 4809, 1183, 182, 5313]","[0.2, 0.89, 0.8, 0.14, 0.86, 1.0, 0.37, 0.75, 0.17, 0.25, 1.0, 0.7, 0.3, 0.9, 1.0, 0.74, 0.19, 0.78, 0.74, 1.0, 0.67, 0.84, 0.19, 0.77, 0.86, 0.8, 0.86, 0.93, 0.3, 0.31, 0.87, 0.24, 0.79, 0.23, 0.25, 0.15, 0.9, 1.0, 0.25, 0.78, 0.85, 0.87, 0.86, 0.93, 0.67, 0.76, 0.9, 0.25, 1.0, 0.75, 0.22, 0.0, 0.75, 0.83, 0.1, 0.7, 0.25, 0.92, 0.1, 0.23, 0.38, 0.0, 0.8, 0.25, 0.17, 0.25, 0.84, 0.77, 0.83, 1.0, 0.79, 0.27, 0.0, 0.3, 0.73]"
963,538751,0.237,0.167,960,2025-02-23 07:24:02.105863,"['32219', '32221', '32224', '32234', '32242', '32243', '32247', '32263', '32265', '32266', '32270', '32274', '32275', '32283', '32286']","[3255, 3029, 5256, 5692, 2498, 1164, 3063, 4396, 3450, 3310, 3084, 2367, 214, 2668, 4547, 342, 1316, 756, 3406, 3330, 5065, 5027, 598, 2640, 5245, 2044, 1117, 4184, 3474, 1183, 2072, 1098, 1293, 1611, 3786, 5402]","[0.39, 0.82, 0.76, 0.37, 0.85, 1.0, 0.35, 1.0, 0.27, 0.19, 0.75, 0.66, 0.34, 0.89, 0.7, 0.78, 0.19, 0.77, 0.78, 0.69, 1.0, 0.9, 0.22, 0.79, 0.77, 0.71, 0.71, 0.9, 1.0, 0.75, 0.82, 0.28, 0.78, 0.0, 0.67, 0.17, 0.86, 0.62, 0.27, 0.78, 0.82, 0.84, 0.83, 0.91, 0.82, 0.83, 0.87, 0.2, 0.72, 0.25, 0.26, 0.75, 1.0, 0.79, 0.05, 0.8, 0.25, 0.89, 0.05, 0.12, 0.0, 0.17, 0.74, 0.19, 0.71, 0.25, 0.8, 0.7, 0.81, 0.25, 0.77, 0.29, 0.25, 0.36, 0.69]"
964,1237194,0.329,0.167,960,2025-02-23 07:24:02.223326,"['32215', '32217', '32218', '32219', '32222', '32223', '32224', '32226', '32230', '32231', '32249', '32253', '32274', '32281', '32287']","[3703, 3052, 4723, 4226, 3326, 539, 5195, 4846, 557, 506, 2378, 1553, 4003, 2840, 3720, 2948, 2612, 5782, 1331, 4033, 2744, 1359, 823, 3094, 5315, 4954, 117, 882, 4600, 253, 835, 5658, 576, 637, 5098, 650]","[0.42, 0.75, 0.75, 0.0, 1.0, 0.0, 0.21, 0.35, 0.25, 0.0, 0.75, 0.46, 1.0, 0.73, 0.26, 0.59, 0.75, 0.0, 0.63, 0.59, 0.27, 0.74, 0.58, 0.72, 0.43, 0.45, 0.45, 0.72, 0.63, 0.64, 0.51, 0.68, 0.35, 0.66, 0.52, 1.0, 0.77, 0.41, 0.47, 0.75, 0.58, 0.55, 0.58, 0.7, 0.74, 0.58, 0.65, 0.64, 0.24, 0.59, 0.58, 0.37, 0.41, 0.73, 0.28, 0.43, 0.58, 0.63, 0.29, 0.45, 0.67, 0.65, 0.43, 0.4, 0.66, 0.46, 0.55, 0.75, 0.72, 0.49, 0.63, 0.46, 0.56, 0.75, 0.47]"
965,43335,0.355,0.111,965,2025-02-23 07:24:02.485387,"['32214', '32225', '32226', '32230', '32239', '32242', '32248', '32249', '32269', '32270', '32275', '32276', '32281', '32283', '32288']","[539, 3703, 882, 4723, 3052, 2840, 835, 2612, 216, 5658, 557, 5195, 506, 2744, 117, 5782, 4003, 2499, 4033, 4065, 637, 2740, 4701, 823, 5918, 1553, 4226, 238, 3951, 4038, 3308, 3561, 2943, 5614, 1396, 2378]","[0.0, 0.56, 0.75, 0.29, 0.52, 0.58, 0.23, 0.37, 0.37, 0.56, 0.43, 1.0, 0.0, 0.77, 0.23, 0.57, 1.0, 0.37, 0.59, 0.57, 0.25, 0.69, 0.54, 0.7, 0.47, 0.75, 0.57, 0.75, 1.0, 0.56, 0.54, 0.62, 0.32, 0.61, 0.75, 0.75, 0.81, 0.42, 0.45, 0.49, 0.59, 0.55, 0.59, 0.73, 0.67, 0.47, 0.65, 0.67, 0.22, 0.58, 0.58, 0.27, 0.32, 0.76, 0.32, 0.0, 0.25, 0.66, 0.34, 0.58, 0.44, 0.67, 0.83, 0.42, 0.66, 0.48, 0.59, 0.25, 0.71, 0.5, 0.64, 0.42, 0.55, 0.52, 0.5]"
966,1290107,0.267,0.083,965,2025-02-23 07:24:02.605047,"['32214', '32217', '32221', '32231', '32234', '32236', '32242', '32247', '32251', '32261', '32263', '32270', '32275', '32281', '32286']","[4322, 2498, 3500, 2664, 1176, 1359, 5460, 1932, 2112, 2943, 342, 5692, 4455, 2465, 2058, 981, 3706, 4520, 4757, 5647, 4412, 49, 2761, 5065, 1316, 5238, 857, 5654, 5248, 2640, 712, 3285, 211, 2281, 4987, 5121]","[0.75, 0.69, 0.73, 0.75, 0.77, 0.61, 0.31, 0.75, 0.42, 0.23, 0.61, 0.59, 0.4, 0.86, 0.61, 0.76, 0.24, 0.75, 0.78, 0.72, 0.75, 0.9, 0.0, 0.78, 0.63, 0.57, 0.55, 0.83, 1.0, 0.68, 0.72, 0.4, 0.67, 0.0, 0.71, 0.26, 0.82, 0.0, 0.34, 0.72, 0.75, 0.78, 0.74, 0.85, 0.85, 0.81, 0.8, 0.0, 0.61, 0.0, 0.37, 0.74, 0.76, 0.76, 0.06, 0.78, 0.75, 0.82, 0.07, 0.13, 0.47, 0.67, 0.64, 0.19, 0.75, 0.32, 0.73, 0.75, 0.78, 0.4, 0.71, 0.31, 0.5, 0.42, 0.61]"
967,376658,0.292,0.333,965,2025-02-23 07:24:02.726562,"['32221', '32228', '32234', '32236', '32243', '32245', '32248', '32251', '32263', '32265', '32266', '32275', '32281', '32283', '32286']","[1164, 3063, 4396, 3255, 2668, 2072, 4725, 5256, 5459, 4459, 3084, 391, 4500, 3572, 2270, 3310, 3593, 342, 756, 5692, 5801, 5402, 4000, 216, 206, 2640, 5245, 1293, 1268, 2980, 1117, 148, 2420, 535, 4696, 3273]","[0.3, 0.82, 0.77, 0.25, 0.85, 0.83, 0.35, 1.0, 0.25, 0.26, 0.62, 0.67, 0.34, 0.9, 1.0, 0.74, 0.21, 0.73, 0.74, 0.67, 1.0, 0.87, 0.0, 0.77, 0.79, 0.72, 0.81, 0.91, 0.39, 1.0, 0.82, 0.0, 0.74, 0.29, 1.0, 0.19, 0.88, 1.0, 0.28, 0.77, 0.81, 0.84, 0.82, 0.92, 0.75, 0.77, 0.86, 0.28, 0.64, 0.0, 0.28, 0.25, 0.0, 0.81, 0.08, 0.72, 0.35, 0.9, 0.09, 0.21, 0.4, 0.33, 0.76, 0.23, 0.68, 0.28, 0.82, 0.75, 0.8, 0.25, 0.78, 0.27, 0.5, 0.34, 0.67]"
968,1148669,0.357,0.25,965,2025-02-23 07:24:02.848331,"['32221', '32224', '32236', '32239', '32243', '32245', '32246', '32248', '32261', '32263', '32269', '32281', '32283', '32286', '32288']","[835, 1268, 216, 5045, 391, 539, 117, 3406, 2840, 506, 2640, 5541, 5256, 2943, 5195, 2420, 1164, 2620, 3561, 734, 889, 5692, 2072, 3951, 712, 3593, 3255, 3310, 2753, 3263, 4396, 5700, 1942, 4442, 4600, 2050]","[0.27, 0.76, 0.77, 0.22, 0.77, 0.79, 0.31, 1.0, 0.26, 0.38, 0.75, 0.62, 0.4, 0.87, 0.47, 0.67, 0.32, 0.62, 0.68, 0.62, 0.49, 0.79, 0.25, 0.74, 0.71, 1.0, 0.78, 0.87, 0.4, 0.25, 0.76, 0.0, 0.25, 0.37, 0.25, 0.31, 0.87, 0.54, 0.33, 0.69, 0.75, 0.76, 0.76, 0.88, 0.68, 0.65, 0.81, 0.75, 0.47, 0.25, 0.37, 0.34, 0.41, 0.8, 0.17, 0.75, 0.34, 0.85, 0.18, 0.38, 0.4, 0.37, 0.7, 0.31, 0.65, 0.34, 0.76, 0.75, 0.78, 0.0, 0.75, 0.32, 0.25, 0.38, 0.5]"
969,1525180,0.229,0.222,965,2025-02-23 07:24:02.967632,"['32221', '32228', '32236', '32242', '32243', '32248', '32263', '32265', '32266', '32270', '32274', '32275', '32281', '32283', '32286']","[5256, 3255, 1164, 2668, 3063, 391, 216, 1117, 3406, 668, 2640, 4725, 5692, 2072, 5742, 1268, 5245, 1942, 342, 3310, 2943, 734, 3474, 4184, 835, 3263, 2367, 756, 5402, 4459, 4176, 133, 2620, 5744, 535, 1316]","[0.33, 0.8, 0.77, 0.28, 0.83, 0.8, 0.34, 1.0, 0.27, 0.26, 0.62, 0.66, 0.35, 0.89, 1.0, 0.74, 0.22, 0.72, 0.75, 0.68, 0.62, 0.87, 0.0, 0.77, 0.77, 0.7, 0.78, 0.9, 0.25, 0.75, 0.81, 0.31, 0.72, 0.32, 0.75, 0.2, 0.88, 0.6, 0.29, 0.76, 0.8, 0.82, 0.81, 0.91, 0.76, 0.77, 0.85, 0.29, 0.63, 0.75, 0.3, 0.25, 1.0, 0.8, 0.08, 0.72, 0.25, 0.89, 0.09, 0.21, 0.17, 0.17, 0.75, 0.23, 0.69, 0.29, 0.8, 0.75, 0.8, 0.5, 0.77, 0.28, 0.5, 0.35, 0.66]"
970,420546,0.378,0.278,970,2025-02-23 07:24:03.223371,"['32223', '32229', '32241', '32244', '32248', '32252', '32256', '32259', '32265', '32274', '32277', '32279', '32284', '32285', '32287']","[1569, 5562, 5915, 1585, 1596, 5326, 670, 2338, 2910, 4804, 5385, 5114, 4554, 3128, 2273, 715, 4927, 5192, 2011, 2879, 1204, 1178, 3349, 3011, 2260, 308, 4012, 905, 4156, 2586, 4438, 1788, 3484, 1964, 3898, 1497]","[0.6, 0.2, 0.69, 0.61, 0.19, 0.17, 0.13, 0.22, 0.64, 0.0, 0.3, 0.27, 0.71, 0.52, 0.08, 0.0, 0.8, 0.11, 0.52, 0.57, 0.1, 0.63, 0.81, 0.68, 0.13, 0.19, 0.16, 0.0, 0.8, 0.82, 0.0, 0.88, 0.08, 0.88, 1.0, 0.86, 0.66, 0.26, 1.0, 0.23, 0.33, 0.22, 0.0, 0.37, 0.77, 0.0, 0.34, 0.89, 0.07, 0.7, 0.81, 0.0, 0.33, 0.63, 0.49, 0.22, 0.75, 0.28, 0.49, 0.69, 1.0, 0.85, 0.19, 1.0, 0.72, 0.0, 0.26, 0.28, 0.59, 0.43, 0.0, 1.0, 0.62, 1.0, 0.27]"
971,1346417,0.315,0.222,970,2025-02-23 07:24:03.346799,"['32214', '32215', '32222', '32223', '32224', '32226', '32236', '32252', '32253', '32264', '32274', '32276', '32280', '32287', '32288']","[3052, 4226, 4003, 3720, 4455, 4033, 3285, 4953, 5195, 2316, 990, 1822, 4539, 1176, 5647, 3500, 4611, 5098, 2058, 1359, 2948, 4600, 5760, 3694, 4846, 4120, 3326, 3158, 2664, 5899, 3961, 5844, 5567, 3469, 4954, 3900]","[1.0, 0.25, 0.7, 0.65, 0.56, 0.37, 0.22, 0.36, 1.0, 0.0, 0.75, 0.46, 0.75, 0.74, 0.37, 0.67, 0.42, 0.43, 0.72, 0.69, 0.38, 0.86, 0.0, 0.75, 0.39, 0.4, 0.31, 0.68, 0.72, 0.77, 0.51, 0.62, 0.38, 0.67, 0.69, 0.48, 0.75, 0.45, 0.25, 1.0, 0.62, 0.57, 0.6, 0.7, 0.86, 0.7, 0.65, 0.49, 0.39, 0.57, 1.0, 0.7, 0.69, 0.68, 0.11, 0.64, 0.7, 0.64, 0.13, 0.23, 0.33, 0.72, 0.33, 0.28, 0.76, 0.4, 0.67, 0.44, 0.71, 0.38, 0.61, 0.43, 0.55, 0.75, 0.5]"
972,911392,0.267,0.222,970,2025-02-23 07:24:03.463667,"['32221', '32224', '32236', '32238', '32239', '32246', '32247', '32253', '32262', '32275', '32281', '32283', '32286', '32287', '32288']","[506, 3052, 2840, 5195, 5541, 4322, 835, 2753, 2761, 2664, 786, 216, 539, 3263, 1273, 117, 2050, 2943, 576, 712, 4033, 2379, 3406, 3951, 5692, 1553, 4600, 4846, 2505, 5758, 889, 1098, 5614, 4723, 2612, 391]","[0.39, 0.66, 0.76, 0.36, 0.68, 0.64, 0.27, 0.25, 0.35, 0.36, 0.75, 0.54, 0.45, 0.82, 0.42, 0.65, 0.38, 0.52, 0.69, 0.63, 0.43, 0.81, 0.75, 0.73, 0.75, 0.25, 0.6, 0.8, 0.53, 0.57, 0.67, 0.49, 1.0, 0.25, 0.54, 0.39, 0.83, 0.5, 0.38, 0.75, 0.7, 0.68, 0.71, 0.81, 0.76, 0.66, 0.75, 0.49, 0.0, 0.55, 0.44, 0.46, 0.5, 0.76, 0.16, 0.56, 0.47, 0.78, 0.19, 0.32, 0.46, 0.67, 0.58, 0.33, 0.68, 0.35, 0.64, 0.75, 0.75, 0.25, 0.69, 0.37, 0.5, 0.25, 0.75]"
973,1278739,0.357,0.444,970,2025-02-23 07:24:03.585400,"['32215', '32218', '32219', '32224', '32230', '32244', '32249', '32252', '32253', '32269', '32273', '32274', '32280', '32287', '32288']","[3052, 4226, 4119, 4319, 4003, 2586, 5760, 5195, 3720, 3158, 930, 4033, 2547, 4953, 3703, 1868, 5098, 5385, 557, 4455, 277, 4600, 374, 1770, 5918, 2263, 4988, 3326, 990, 1533, 701, 2656, 5899, 1929, 637, 4663]","[0.62, 0.25, 0.7, 0.63, 0.0, 0.0, 0.19, 0.31, 0.57, 0.46, 0.75, 0.4, 0.58, 0.68, 0.24, 0.6, 1.0, 0.3, 0.67, 0.65, 0.26, 0.81, 0.63, 0.73, 0.29, 0.33, 0.25, 0.61, 0.74, 0.79, 1.0, 0.72, 0.25, 0.75, 0.64, 0.75, 0.73, 0.39, 0.75, 0.75, 0.53, 0.45, 0.51, 0.6, 0.84, 0.6, 0.56, 0.65, 0.25, 0.61, 0.64, 0.61, 0.59, 0.67, 0.19, 0.75, 0.72, 0.52, 0.21, 0.0, 0.17, 0.77, 0.35, 0.36, 0.74, 0.47, 0.5, 0.39, 0.67, 0.4, 0.56, 0.48, 0.57, 0.75, 0.25]"
974,1638880,0.404,0.25,970,2025-02-23 07:24:03.709583,"['32221', '32224', '32231', '32236', '32243', '32246', '32249', '32251', '32252', '32261', '32265', '32274', '32280', '32286', '32287']","[835, 2753, 2840, 117, 2420, 734, 539, 391, 1268, 5692, 1273, 2072, 506, 3951, 4814, 5045, 5541, 5906, 5535, 3063, 3310, 4396, 1164, 3593, 216, 2612, 3406, 3263, 4000, 1316, 4161, 4459, 5483, 3255, 1787, 4160]","[0.22, 0.79, 0.8, 0.17, 0.76, 0.82, 0.31, 0.75, 0.22, 0.37, 0.75, 0.61, 0.39, 0.87, 0.46, 0.63, 0.34, 0.75, 0.66, 0.58, 0.47, 0.76, 1.0, 0.72, 0.74, 0.68, 0.8, 0.87, 0.37, 0.0, 0.78, 0.39, 1.0, 0.35, 0.43, 0.0, 0.88, 1.0, 0.0, 0.69, 0.76, 0.76, 0.78, 0.87, 0.65, 0.64, 0.82, 1.0, 0.46, 0.53, 0.35, 0.0, 0.34, 0.81, 0.19, 0.51, 0.29, 0.86, 0.23, 0.39, 1.0, 0.36, 0.68, 0.36, 0.61, 0.32, 1.0, 0.68, 0.78, 0.55, 0.75, 0.32, 1.0, 0.25, 0.64]"
975,777789,0.262,0.167,975,2025-02-23 07:24:03.963821,"['32221', '32223', '32230', '32231', '32239', '32242', '32243', '32248', '32263', '32266', '32270', '32275', '32281', '32283', '32286']","[835, 216, 539, 5195, 3951, 117, 2840, 5692, 2943, 1268, 3052, 4033, 2664, 2620, 506, 5465, 4600, 4322, 2761, 1098, 5045, 4520, 5216, 4003, 734, 2640, 2050, 4454, 5541, 5256, 2753, 5535, 3703, 5614, 4065, 2420]","[0.34, 0.7, 0.76, 0.3, 0.72, 0.7, 0.3, 0.25, 0.31, 0.0, 0.54, 0.56, 0.44, 0.84, 0.44, 0.68, 0.75, 1.0, 0.69, 0.63, 0.41, 0.81, 0.4, 0.74, 0.63, 1.0, 0.66, 0.81, 0.75, 0.75, 0.71, 0.46, 0.53, 0.49, 0.75, 0.35, 0.84, 0.51, 0.34, 0.63, 0.72, 0.71, 0.71, 0.83, 0.73, 0.67, 0.77, 0.49, 0.43, 0.75, 0.41, 0.4, 0.25, 0.78, 0.15, 0.56, 0.0, 0.8, 0.16, 0.33, 0.43, 0.17, 0.63, 0.29, 0.65, 0.35, 0.68, 0.75, 0.77, 0.5, 0.69, 0.36, 0.5, 0.43, 0.56]"
976,915347,0.364,0.194,975,2025-02-23 07:24:04.082817,"['32230', '32231', '32240', '32245', '32251', '32261', '32265', '32266', '32269', '32270', '32276', '32283', '32286', '32287', '32288']","[2050, 4322, 5195, 5541, 2943, 712, 4161, 4033, 2664, 216, 506, 5256, 835, 539, 3052, 4600, 3406, 3951, 1268, 2840, 2761, 1316, 2620, 2640, 4003, 2060, 5692, 4184, 5045, 3263, 3285, 3500, 3883, 1098, 406, 5238]","[0.35, 0.71, 0.76, 0.31, 0.73, 0.7, 0.3, 0.48, 0.31, 0.33, 0.55, 0.56, 0.43, 0.84, 0.44, 0.69, 0.0, 0.75, 0.7, 0.64, 0.42, 0.83, 0.39, 0.74, 0.64, 0.61, 0.75, 0.82, 0.49, 0.53, 0.72, 0.0, 0.54, 0.48, 0.55, 0.34, 0.84, 0.0, 0.34, 0.64, 0.73, 0.72, 0.71, 0.83, 0.75, 0.69, 0.78, 1.0, 0.44, 0.51, 0.4, 0.0, 0.75, 0.78, 0.13, 0.75, 1.0, 0.81, 0.14, 0.3, 0.44, 0.49, 1.0, 0.28, 0.66, 0.35, 0.69, 0.62, 0.77, 0.5, 0.69, 0.35, 0.5, 0.5, 0.75]"
977,1052779,0.332,0.389,975,2025-02-23 07:24:04.203152,"['32221', '32224', '32230', '32231', '32236', '32240', '32261', '32262', '32263', '32266', '32270', '32275', '32283', '32286', '32288']","[3052, 4322, 5541, 712, 3406, 3285, 2050, 4033, 2664, 5614, 506, 539, 576, 2943, 5195, 5098, 2761, 4003, 406, 2236, 786, 2640, 5692, 4442, 4000, 3263, 5110, 5700, 1786, 3951, 1273, 216, 4299, 1098, 3500, 5899]","[0.42, 0.67, 0.75, 0.39, 0.71, 0.63, 0.29, 0.25, 0.35, 0.32, 1.0, 0.55, 0.44, 0.83, 0.43, 0.69, 0.0, 0.0, 0.72, 0.66, 0.42, 0.84, 0.25, 0.75, 0.59, 0.58, 1.0, 0.79, 0.55, 0.59, 0.68, 0.48, 0.52, 0.52, 0.6, 0.35, 0.82, 0.51, 0.35, 0.63, 0.71, 0.7, 0.69, 0.81, 0.78, 0.7, 0.76, 0.25, 0.0, 0.25, 0.42, 0.5, 1.0, 0.77, 0.12, 0.61, 0.25, 0.78, 0.13, 0.27, 0.45, 0.67, 0.6, 0.27, 0.68, 0.35, 0.67, 0.59, 0.76, 0.25, 0.68, 0.36, 0.75, 0.46, 0.75]"
978,636341,0.505,0.111,975,2025-02-23 07:24:04.322270,"['32214', '32229', '32230', '32248', '32252', '32254', '32257', '32260', '32272', '32274', '32277', '32279', '32283', '32284', '32285']","[5385, 5326, 4554, 2338, 5915, 2762, 4780, 4319, 2879, 1007, 4119, 2586, 930, 525, 2547, 2910, 1585, 1204, 1596, 2609, 4156, 4226, 905, 4861, 2707, 2011, 3128, 4643, 5760, 4991, 4988, 2273, 5114, 4012, 277, 4438]","[0.0, 0.29, 0.7, 0.63, 0.26, 0.2, 0.16, 0.24, 0.6, 0.62, 0.35, 0.32, 0.67, 0.58, 0.1, 1.0, 1.0, 0.17, 0.58, 0.6, 0.1, 0.7, 0.8, 0.69, 0.19, 0.25, 0.19, 0.45, 0.79, 0.81, 0.26, 0.86, 0.12, 0.85, 1.0, 0.81, 0.65, 0.28, 1.0, 0.26, 0.0, 0.29, 0.33, 0.0, 0.77, 0.44, 0.0, 0.84, 0.09, 0.66, 0.77, 0.43, 0.43, 0.66, 0.35, 0.28, 0.74, 0.35, 0.0, 0.6, 0.67, 0.84, 0.25, 0.83, 0.71, 1.0, 0.31, 0.33, 0.61, 0.0, 1.0, 1.0, 0.59, 0.69, 0.28]"
979,495370,0.297,0.056,975,2025-02-23 07:24:04.441499,"['32214', '32215', '32223', '32224', '32226', '32230', '32244', '32249', '32256', '32269', '32271', '32274', '32276', '32280', '32281']","[3052, 4846, 3326, 1553, 4226, 2664, 4062, 4003, 2058, 1359, 4033, 4120, 3285, 2840, 5195, 712, 2050, 4322, 4600, 2943, 506, 3665, 3500, 3720, 539, 990, 4455, 4953, 4539, 5760, 1176, 4520, 5918, 5541, 5647, 823]","[1.0, 0.75, 0.73, 0.53, 0.61, 0.48, 0.25, 0.4, 0.45, 0.25, 0.75, 0.49, 0.25, 0.78, 0.35, 0.68, 0.75, 0.46, 0.71, 0.68, 0.35, 0.85, 0.51, 0.75, 0.47, 0.48, 0.44, 0.71, 0.65, 0.69, 0.25, 0.59, 0.43, 0.63, 0.66, 1.0, 0.77, 0.46, 0.4, 0.55, 0.64, 0.61, 1.0, 0.74, 0.82, 0.69, 0.68, 0.53, 0.36, 0.54, 0.51, 0.58, 0.61, 0.73, 0.13, 0.75, 0.62, 0.75, 0.14, 0.28, 0.67, 0.66, 0.67, 0.27, 0.72, 0.39, 1.0, 0.5, 0.73, 0.44, 0.62, 0.41, 0.53, 0.54, 0.48]"
980,1400131,0.274,0.028,980,2025-02-23 07:24:04.684014,"['32217', '32221', '32224', '32231', '32234', '32238', '32242', '32243', '32253', '32263', '32266', '32270', '32274', '32283', '32286']","[4520, 3255, 5692, 5256, 5460, 216, 342, 5195, 3029, 3310, 539, 835, 712, 4600, 2620, 4322, 1176, 2761, 1942, 1164, 1316, 2664, 981, 3500, 2943, 2640, 3592, 3406, 3474, 1098, 1538, 1932, 5216, 4033, 1612, 3248]","[0.41, 0.74, 0.75, 0.0, 0.79, 0.72, 0.3, 0.75, 0.32, 0.25, 0.75, 0.61, 0.39, 0.86, 0.58, 0.71, 0.24, 1.0, 0.75, 0.68, 1.0, 0.87, 0.32, 0.79, 0.25, 0.64, 0.67, 0.84, 0.75, 0.75, 0.76, 0.4, 0.66, 0.41, 0.61, 0.26, 0.84, 0.57, 0.32, 1.0, 0.76, 0.79, 0.77, 0.87, 0.79, 0.78, 0.83, 0.33, 0.59, 0.75, 0.36, 0.57, 1.0, 0.79, 0.1, 0.72, 0.25, 0.85, 0.1, 0.18, 0.0, 0.46, 0.66, 0.24, 0.7, 0.3, 0.73, 0.63, 0.79, 0.5, 0.73, 0.32, 0.5, 0.42, 0.64]"
981,1037685,0.391,0.278,980,2025-02-23 07:24:04.801591,"['32214', '32221', '32228', '32238', '32242', '32243', '32253', '32263', '32265', '32266', '32270', '32274', '32275', '32283', '32286']","[5692, 2761, 5460, 3310, 4547, 5065, 1316, 5256, 2498, 3474, 4184, 1942, 1932, 5541, 3029, 2281, 3406, 4322, 1117, 2664, 1098, 981, 1164, 4257, 1694, 4396, 114, 1871, 4757, 295, 1382, 342, 1611, 216, 2367, 2943]","[0.0, 0.77, 0.75, 0.39, 0.83, 0.76, 0.32, 1.0, 0.31, 0.21, 0.62, 0.63, 0.36, 0.88, 0.75, 0.74, 0.2, 0.71, 0.77, 0.69, 0.63, 0.89, 0.28, 0.8, 1.0, 0.67, 0.71, 0.86, 1.0, 0.25, 0.8, 0.35, 0.72, 0.36, 0.64, 0.21, 0.85, 0.6, 0.3, 1.0, 0.79, 0.83, 0.8, 0.89, 0.8, 0.81, 0.85, 0.27, 0.66, 0.75, 0.32, 1.0, 1.0, 0.79, 0.07, 0.77, 0.25, 0.88, 0.08, 0.14, 0.83, 0.33, 0.69, 0.21, 0.71, 0.27, 0.76, 0.66, 0.8, 0.0, 0.75, 0.3, 0.75, 0.4, 0.67]"
982,1636172,0.364,0.278,980,2025-02-23 07:24:04.916091,"['32221', '32224', '32228', '32234', '32242', '32243', '32246', '32248', '32253', '32263', '32265', '32275', '32276', '32283', '32286']","[3052, 5692, 2620, 835, 4520, 5195, 2664, 5460, 3951, 4033, 2050, 216, 4600, 712, 2943, 3255, 539, 2761, 1098, 5541, 506, 5256, 4322, 3500, 5065, 117, 3596, 2112, 5110, 391, 5216, 1176, 1932, 2840, 2640, 2498]","[0.4, 0.69, 0.75, 0.38, 0.73, 0.69, 0.27, 0.75, 0.34, 0.31, 0.75, 0.57, 0.42, 0.84, 0.25, 0.67, 0.31, 0.59, 0.71, 0.65, 1.0, 0.84, 0.38, 0.77, 0.61, 0.6, 0.64, 0.82, 1.0, 0.75, 0.71, 0.47, 0.75, 0.47, 1.0, 0.33, 0.83, 0.53, 0.36, 0.75, 0.72, 0.74, 0.73, 0.84, 0.76, 0.72, 0.79, 0.43, 0.5, 0.75, 0.41, 0.0, 0.57, 0.78, 0.14, 0.64, 0.47, 0.82, 0.14, 0.26, 0.46, 0.17, 0.83, 0.28, 0.69, 0.33, 0.69, 0.6, 0.77, 0.25, 0.71, 0.35, 0.75, 0.45, 0.6]"
983,555522,0.283,0.417,980,2025-02-23 07:24:05.040967,"['32219', '32225', '32226', '32231', '32247', '32249', '32253', '32264', '32269', '32270', '32274', '32276', '32281', '32286', '32287']","[3052, 4226, 4003, 5195, 3703, 506, 4723, 2840, 4033, 3285, 3326, 3720, 637, 2378, 5760, 2612, 539, 823, 4846, 4455, 557, 4600, 1176, 1359, 990, 2505, 5758, 3094, 2761, 4954, 2050, 2316, 449, 814, 5465, 5614]","[0.52, 0.52, 0.72, 0.51, 0.52, 1.0, 0.21, 0.35, 0.47, 0.43, 0.45, 0.25, 0.75, 0.75, 0.29, 0.61, 0.47, 0.75, 0.66, 0.63, 0.31, 0.79, 0.57, 0.75, 0.38, 0.42, 0.4, 0.7, 0.66, 0.71, 0.51, 0.67, 0.35, 0.75, 0.58, 0.75, 0.76, 0.43, 0.45, 0.75, 0.59, 0.57, 0.58, 0.7, 0.78, 0.63, 0.66, 0.61, 0.3, 0.57, 0.75, 0.51, 0.54, 0.72, 0.23, 0.75, 0.75, 0.65, 0.23, 0.37, 0.83, 0.65, 0.17, 0.35, 0.71, 0.43, 0.55, 0.75, 0.73, 0.46, 0.63, 0.43, 0.75, 0.75, 0.47]"
984,136843,0.261,0.278,980,2025-02-23 07:24:05.154877,"['32238', '32242', '32245', '32248', '32251', '32253', '32261', '32262', '32263', '32266', '32275', '32276', '32283', '32286', '32287']","[835, 2840, 539, 5541, 3052, 5692, 2943, 3951, 2761, 5195, 712, 5256, 2640, 1268, 4322, 506, 216, 391, 3406, 5614, 5123, 2664, 2050, 5045, 2620, 5700, 117, 1316, 1942, 1273, 5460, 2753, 3263, 4600, 5216, 3474]","[0.34, 0.72, 0.76, 0.31, 0.74, 0.74, 0.27, 0.48, 0.3, 0.33, 0.54, 0.58, 0.41, 0.84, 0.49, 0.65, 0.31, 0.59, 0.69, 0.63, 0.48, 0.82, 0.37, 0.77, 1.0, 0.63, 0.7, 0.84, 0.25, 0.51, 0.74, 0.25, 0.58, 0.44, 0.75, 0.32, 0.84, 0.75, 0.35, 1.0, 0.74, 0.76, 0.75, 0.85, 0.72, 0.7, 0.8, 0.75, 0.25, 0.75, 0.39, 0.43, 0.75, 0.79, 0.16, 0.6, 0.41, 0.84, 0.16, 0.3, 0.44, 0.17, 0.67, 0.31, 0.66, 0.33, 0.71, 0.62, 0.78, 0.5, 0.72, 0.35, 0.75, 0.5, 0.61]"
985,453960,0.299,0.056,985,2025-02-23 07:24:05.411439,"['32214', '32217', '32226', '32238', '32242', '32243', '32245', '32247', '32253', '32261', '32263', '32266', '32270', '32281', '32286']","[2664, 3052, 3285, 4539, 2112, 576, 4757, 2281, 3500, 5238, 5647, 4412, 1822, 5195, 2761, 5003, 5844, 981, 3151, 3706, 2494, 114, 4164, 3392, 2943, 5692, 331, 5460, 4673, 3665, 3406, 4322, 4600, 5594, 712, 1442]","[1.0, 0.64, 0.73, 1.0, 0.72, 0.54, 0.25, 0.44, 0.44, 0.24, 0.59, 0.53, 0.75, 0.84, 0.53, 0.77, 0.32, 0.62, 0.78, 0.7, 0.53, 0.88, 0.4, 0.79, 1.0, 0.54, 0.48, 0.78, 0.0, 1.0, 0.65, 0.0, 0.61, 0.75, 0.73, 0.32, 0.78, 0.54, 0.33, 1.0, 0.73, 0.71, 0.69, 0.83, 0.86, 0.81, 0.77, 0.25, 0.54, 0.75, 0.42, 0.72, 0.75, 0.74, 0.07, 0.75, 0.75, 0.78, 0.08, 0.16, 0.49, 0.59, 0.57, 0.23, 0.73, 0.37, 0.68, 0.75, 0.78, 0.38, 0.69, 0.35, 0.75, 0.49, 0.56]"
986,95384,0.365,0.222,985,2025-02-23 07:24:05.526148,"['32219', '32224', '32225', '32226', '32230', '32236', '32239', '32240', '32242', '32244', '32246', '32248', '32253', '32269', '32281']","[539, 4723, 2840, 117, 2612, 3703, 835, 5658, 506, 3052, 4065, 4033, 5195, 557, 216, 4003, 3951, 882, 990, 2289, 1553, 2620, 823, 2744, 4226, 2753, 637, 3561, 2050, 2948, 4038, 5541, 889, 3596, 2943, 3326]","[0.35, 0.64, 0.77, 0.29, 0.57, 1.0, 0.23, 0.41, 0.31, 0.44, 0.75, 1.0, 0.0, 0.8, 0.3, 0.61, 1.0, 0.42, 0.64, 0.55, 0.31, 0.71, 1.0, 0.72, 0.51, 0.75, 1.0, 0.78, 1.0, 0.55, 0.75, 0.6, 0.0, 0.58, 1.0, 0.51, 0.81, 0.46, 0.41, 0.75, 0.65, 0.61, 0.65, 0.78, 0.68, 0.6, 0.71, 0.65, 0.28, 0.55, 0.52, 0.31, 0.34, 0.76, 0.28, 0.0, 0.44, 0.73, 0.3, 0.53, 0.44, 0.5, 0.53, 0.38, 0.63, 0.46, 0.61, 0.5, 0.75, 0.49, 0.66, 0.41, 0.53, 0.51, 0.48]"
987,1264322,0.321,0.417,985,2025-02-23 07:24:05.644853,"['32215', '32222', '32252', '32253', '32254', '32255', '32256', '32260', '32269', '32271', '32273', '32274', '32279', '32281', '32285']","[3052, 4119, 3720, 4226, 4953, 5760, 3158, 2547, 4319, 3900, 4003, 5195, 5555, 4120, 3694, 4033, 1077, 4988, 2586, 4954, 4338, 2316, 930, 5385, 4062, 1868, 5899, 4600, 1533, 814, 1822, 5323, 1553, 4663, 3244, 786]","[0.69, 0.25, 0.69, 0.71, 0.47, 0.27, 0.17, 0.32, 0.75, 0.38, 0.48, 0.39, 0.58, 0.72, 0.29, 0.7, 0.53, 0.36, 0.72, 0.67, 0.31, 0.83, 0.63, 0.76, 0.27, 0.33, 0.24, 0.59, 0.77, 0.81, 0.4, 0.71, 0.32, 0.77, 0.74, 0.59, 0.69, 0.43, 1.0, 0.75, 0.75, 0.25, 0.25, 0.65, 0.87, 0.69, 1.0, 0.59, 0.28, 0.59, 0.63, 0.7, 0.71, 0.68, 0.14, 1.0, 0.76, 0.25, 0.16, 0.0, 0.67, 0.77, 0.34, 0.3, 0.74, 0.67, 0.47, 0.25, 0.7, 0.36, 0.57, 0.0, 0.58, 0.62, 0.41]"
988,1431786,0.328,0.472,985,2025-02-23 07:24:05.763003,"['32214', '32215', '32223', '32229', '32232', '32233', '32248', '32257', '32260', '32268', '32274', '32277', '32281', '32284', '32285']","[5385, 882, 2338, 3703, 2879, 2839, 905, 5915, 1007, 5884, 2744, 3484, 1204, 1020, 4804, 5114, 5237, 846, 525, 1596, 2011, 4319, 308, 2586, 3128, 1569, 1178, 5326, 122, 4861, 3115, 3885, 4554, 4438, 4643, 1585]","[0.25, 0.25, 0.73, 0.47, 0.22, 0.26, 0.13, 0.25, 0.52, 1.0, 0.31, 0.32, 0.66, 0.6, 0.09, 0.0, 0.77, 0.14, 0.75, 0.75, 0.1, 0.57, 0.79, 0.66, 0.19, 0.26, 0.26, 0.48, 0.71, 0.74, 0.26, 0.86, 0.11, 0.84, 0.25, 0.84, 0.68, 0.31, 0.6, 0.24, 0.39, 0.3, 0.37, 0.25, 0.7, 0.37, 0.0, 0.88, 0.07, 0.67, 0.79, 0.27, 0.26, 0.67, 0.25, 0.22, 0.66, 0.35, 0.53, 0.76, 0.33, 0.77, 0.23, 0.83, 0.64, 0.64, 0.31, 0.25, 0.62, 0.46, 0.25, 1.0, 0.61, 0.68, 0.27]"
989,573148,0.289,0.472,985,2025-02-23 07:24:05.878141,"['32215', '32217', '32222', '32244', '32252', '32255', '32256', '32265', '32269', '32271', '32273', '32274', '32279', '32280', '32281']","[3052, 4226, 3703, 5195, 4003, 539, 882, 4033, 4723, 506, 5760, 557, 4600, 2740, 5385, 1553, 2744, 2586, 5918, 637, 823, 838, 3326, 5658, 4319, 2096, 3720, 2050, 3266, 3308, 5782, 990, 4953, 2840, 825, 2378]","[0.49, 0.25, 0.74, 0.25, 0.45, 0.42, 0.18, 0.34, 0.75, 0.48, 0.43, 0.42, 0.56, 0.73, 0.23, 0.61, 0.58, 0.32, 0.64, 0.58, 0.25, 0.72, 0.62, 0.72, 0.35, 0.39, 0.4, 0.65, 0.64, 0.69, 0.25, 0.71, 0.28, 0.71, 0.55, 0.63, 0.75, 0.41, 0.0, 0.43, 0.56, 0.75, 0.25, 0.67, 0.76, 0.57, 0.6, 0.71, 0.21, 0.59, 0.63, 0.25, 0.43, 0.71, 0.28, 0.25, 0.6, 0.75, 0.3, 0.25, 0.83, 0.66, 0.39, 0.39, 0.67, 0.83, 0.67, 0.25, 0.7, 0.44, 0.59, 0.47, 0.56, 0.59, 0.4]"
990,1103374,0.265,0.25,990,2025-02-23 07:24:06.125267,"['32220', '32221', '32236', '32243', '32248', '32251', '32261', '32262', '32263', '32265', '32266', '32274', '32281', '32283', '32286']","[1164, 5256, 3063, 5402, 806, 1117, 4396, 4547, 3255, 5134, 2072, 2980, 3273, 2668, 535, 133, 2253, 4504, 3330, 2044, 3310, 1395, 5445, 4459, 5692, 2715, 3029, 391, 3080, 1196, 214, 1926, 3188, 216, 4500, 342]","[0.3, 0.85, 0.78, 0.25, 0.87, 0.86, 0.0, 1.0, 0.2, 0.21, 0.63, 0.68, 0.32, 0.9, 0.67, 0.75, 0.19, 0.76, 0.77, 0.67, 0.68, 0.87, 0.0, 0.79, 0.8, 0.76, 0.83, 0.91, 0.36, 0.0, 0.85, 0.25, 0.78, 0.28, 0.75, 0.17, 0.88, 0.75, 0.25, 0.79, 0.83, 0.86, 0.83, 0.91, 0.76, 0.8, 0.88, 0.0, 1.0, 0.0, 0.23, 0.0, 1.0, 0.81, 0.06, 0.76, 0.33, 0.91, 0.06, 0.16, 0.17, 0.32, 0.77, 0.2, 0.64, 0.24, 0.82, 0.75, 0.82, 0.0, 0.79, 0.26, 0.75, 0.32, 0.72]"
991,1296157,0.352,0.472,990,2025-02-23 07:24:06.247699,"['32219', '32223', '32225', '32230', '32236', '32239', '32242', '32243', '32247', '32253', '32259', '32269', '32281', '32287', '32288']","[539, 3703, 2840, 506, 835, 2612, 117, 4723, 5195, 3052, 216, 4003, 4033, 637, 5782, 823, 882, 2753, 1249, 3951, 2379, 889, 4065, 3682, 5614, 557, 5541, 2943, 3094, 3561, 4600, 238, 4442, 1553, 188, 2289]","[0.31, 0.64, 0.76, 0.25, 0.61, 0.75, 0.24, 0.42, 0.29, 0.25, 0.43, 0.75, 0.5, 0.8, 0.3, 0.59, 1.0, 0.39, 0.62, 0.55, 0.3, 0.7, 0.75, 0.72, 0.55, 1.0, 0.66, 0.8, 0.25, 0.25, 0.61, 0.58, 0.4, 1.0, 0.44, 0.5, 0.82, 0.43, 0.39, 0.75, 0.63, 0.62, 0.65, 0.78, 0.65, 1.0, 0.71, 0.65, 0.24, 0.56, 0.49, 0.28, 0.32, 0.78, 0.3, 0.0, 0.4, 0.74, 0.28, 0.55, 0.43, 0.49, 0.55, 0.41, 0.6, 0.4, 0.63, 0.75, 0.74, 0.52, 0.68, 0.39, 0.55, 0.25, 0.0]"
992,1224943,0.321,0.056,990,2025-02-23 07:24:06.367093,"['32219', '32224', '32226', '32236', '32239', '32242', '32253', '32266', '32270', '32273', '32275', '32276', '32281', '32283', '32288']","[539, 3703, 2840, 835, 506, 3052, 117, 2612, 557, 4723, 823, 2753, 882, 216, 5782, 5195, 5658, 3951, 2379, 4065, 1553, 4033, 889, 3326, 3561, 4226, 238, 2050, 637, 1706, 4701, 5541, 4003, 2744, 2943, 4600]","[0.31, 0.63, 0.76, 0.26, 0.6, 1.0, 0.24, 0.41, 0.3, 0.5, 0.75, 0.51, 0.25, 0.79, 0.29, 0.58, 0.49, 0.39, 0.62, 0.55, 0.3, 0.71, 0.75, 0.72, 0.54, 0.25, 0.64, 0.79, 1.0, 0.53, 0.6, 0.59, 0.39, 0.56, 0.45, 0.51, 0.82, 0.42, 0.4, 0.75, 0.62, 0.61, 0.64, 0.77, 0.66, 0.54, 0.7, 0.65, 0.24, 0.56, 0.5, 0.28, 0.0, 0.77, 0.3, 0.42, 0.25, 0.73, 0.28, 0.75, 0.43, 0.83, 1.0, 0.41, 0.6, 0.4, 0.62, 0.75, 0.73, 0.5, 0.68, 0.39, 0.55, 0.48, 0.5]"
993,1625228,0.261,0.472,990,2025-02-23 07:24:06.484144,"['32214', '32215', '32217', '32229', '32248', '32252', '32257', '32259', '32260', '32271', '32273', '32274', '32279', '32281', '32285']","[2586, 4119, 4226, 4319, 1596, 3703, 2338, 930, 277, 882, 5385, 2547, 3052, 5760, 5918, 3998, 5655, 4988, 2879, 5072, 1868, 525, 5195, 3326, 1497, 3755, 2744, 1533, 5562, 1770, 3383, 3720, 5915, 539, 2910, 374]","[1.0, 0.0, 0.7, 0.75, 0.36, 0.28, 0.17, 0.28, 0.56, 0.57, 0.36, 0.36, 0.62, 0.66, 0.17, 0.75, 0.66, 0.21, 0.61, 0.6, 0.17, 0.72, 0.71, 0.71, 0.23, 0.31, 0.26, 0.57, 0.74, 0.77, 0.34, 0.8, 0.2, 0.8, 0.75, 0.74, 0.7, 0.34, 0.25, 0.36, 0.43, 0.38, 0.42, 1.0, 0.78, 0.25, 0.75, 0.77, 0.12, 0.64, 0.7, 0.46, 0.47, 0.69, 0.35, 0.39, 0.69, 0.0, 0.32, 1.0, 0.0, 0.77, 0.3, 0.41, 0.69, 0.33, 0.41, 0.25, 0.64, 0.43, 0.56, 0.5, 0.6, 0.64, 0.34]"
994,1004913,0.253,0.333,990,2025-02-23 07:24:06.600728,"['32214', '32224', '32228', '32234', '32238', '32245', '32247', '32251', '32253', '32265', '32266', '32269', '32273', '32275', '32281']","[4322, 5614, 3052, 5541, 2060, 576, 2664, 712, 2050, 4000, 506, 3406, 2943, 4455, 2761, 5700, 2640, 3500, 835, 5692, 4757, 2620, 5195, 5460, 114, 5123, 3951, 3263, 2236, 5647, 4975, 4003, 3474, 786, 5238, 406]","[0.0, 0.68, 0.74, 0.43, 0.73, 0.64, 0.28, 0.46, 0.35, 0.3, 0.75, 0.56, 0.43, 0.84, 0.25, 0.7, 0.33, 0.57, 0.74, 0.67, 0.25, 0.85, 0.38, 0.77, 1.0, 0.59, 0.6, 0.82, 0.55, 0.62, 0.69, 0.0, 0.59, 0.75, 0.64, 0.35, 0.82, 0.75, 0.34, 0.25, 0.71, 0.72, 0.7, 0.82, 0.8, 0.73, 0.77, 0.4, 0.45, 0.51, 0.39, 1.0, 1.0, 0.76, 0.1, 0.75, 0.52, 0.8, 0.1, 0.25, 0.46, 0.33, 0.59, 0.24, 0.69, 0.33, 0.69, 0.5, 0.76, 0.42, 0.71, 0.35, 0.52, 0.45, 0.58]"
995,519219,0.339,0.306,995,2025-02-23 07:24:06.847610,"['32223', '32225', '32226', '32228', '32230', '32239', '32246', '32249', '32251', '32253', '32266', '32274', '32276', '32281', '32287']","[3052, 4003, 576, 4322, 3720, 4846, 2050, 786, 1553, 2943, 2664, 5195, 4954, 4455, 4412, 2058, 3106, 4062, 5647, 4622, 3134, 2761, 4325, 4600, 1176, 5541, 3326, 814, 2948, 2847, 1822, 1359, 4033, 3266, 857, 2505]","[0.55, 0.59, 0.74, 0.54, 0.66, 0.51, 0.25, 0.41, 0.45, 0.0, 0.55, 0.25, 0.25, 0.78, 0.0, 0.68, 0.75, 0.52, 0.74, 0.69, 0.41, 0.85, 0.47, 0.76, 0.46, 0.25, 0.45, 0.74, 0.63, 0.7, 0.6, 0.53, 1.0, 0.58, 0.67, 0.0, 0.78, 0.25, 0.41, 0.75, 0.67, 0.68, 0.64, 0.8, 0.83, 0.72, 0.72, 0.44, 0.42, 0.54, 0.47, 0.64, 1.0, 0.74, 0.12, 0.66, 0.64, 0.74, 0.1, 0.25, 0.83, 0.62, 0.5, 0.26, 0.74, 0.39, 0.63, 0.5, 0.74, 0.4, 0.67, 0.39, 0.56, 0.5, 0.53]"
996,466691,0.333,0.278,995,2025-02-23 07:24:06.966518,"['32217', '32218', '32224', '32229', '32252', '32253', '32254', '32256', '32259', '32260', '32271', '32274', '32279', '32280', '32285']","[3052, 5195, 1077, 5760, 4953, 3863, 4226, 2664, 4539, 4062, 3720, 4600, 5899, 4119, 4033, 4003, 712, 1359, 3285, 449, 5844, 4455, 4120, 637, 3500, 2379, 2378, 5647, 3266, 4846, 2112, 4954, 3326, 5758, 616, 990]","[0.61, 0.49, 0.72, 1.0, 1.0, 0.4, 0.22, 0.36, 0.52, 0.38, 0.75, 0.44, 0.55, 0.74, 0.34, 0.75, 0.44, 0.43, 0.73, 0.69, 0.34, 0.84, 0.55, 0.75, 0.36, 0.42, 0.34, 0.67, 0.69, 0.75, 0.51, 0.63, 0.4, 0.66, 0.68, 0.51, 0.74, 0.45, 0.75, 0.25, 0.75, 0.59, 0.0, 0.73, 0.84, 1.0, 0.75, 0.52, 0.34, 0.57, 0.55, 0.65, 0.66, 0.72, 0.15, 0.62, 0.71, 0.25, 0.13, 0.29, 0.33, 0.7, 0.42, 0.28, 0.75, 0.17, 0.67, 0.43, 0.71, 0.38, 0.63, 0.5, 0.58, 0.54, 0.47]"
997,169921,0.351,0.083,995,2025-02-23 07:24:07.084314,"['32218', '32223', '32224', '32236', '32238', '32239', '32243', '32249', '32252', '32253', '32255', '32256', '32261', '32273', '32280']","[3703, 882, 3052, 5195, 2586, 4723, 2740, 3308, 5658, 4033, 506, 2744, 5385, 4003, 5760, 838, 2840, 539, 5465, 5782, 557, 4226, 2378, 4732, 3326, 2499, 637, 2612, 825, 823, 1761, 1788, 4319, 3755, 1553, 5918]","[0.42, 0.48, 0.75, 0.4, 0.0, 0.43, 0.19, 0.34, 0.42, 1.0, 0.25, 0.39, 0.59, 0.7, 0.2, 0.53, 0.6, 0.29, 0.62, 0.58, 0.21, 0.68, 1.0, 0.7, 1.0, 1.0, 0.43, 0.67, 0.59, 1.0, 0.47, 0.71, 0.24, 0.67, 0.48, 1.0, 0.76, 0.37, 1.0, 0.75, 0.55, 1.0, 1.0, 0.69, 0.69, 0.49, 0.59, 1.0, 0.18, 0.61, 0.62, 0.33, 0.35, 0.73, 0.35, 0.36, 0.58, 0.6, 0.31, 0.25, 0.47, 0.62, 0.39, 0.42, 0.66, 0.51, 0.0, 0.44, 0.68, 0.47, 0.59, 0.48, 0.58, 0.54, 0.41]"
998,111603,0.349,0.333,995,2025-02-23 07:24:07.201797,"['32217', '32221', '32228', '32234', '32242', '32243', '32247', '32251', '32253', '32263', '32265', '32266', '32270', '32275', '32286']","[2761, 4547, 1316, 5256, 3474, 5460, 4184, 5692, 2664, 3376, 3255, 712, 295, 342, 3406, 5065, 1098, 981, 114, 3263, 4000, 4322, 1611, 1538, 4161, 3706, 2756, 3500, 5541, 2640, 3367, 214, 1787, 2840, 2843, 4520]","[0.44, 0.75, 0.76, 0.0, 0.81, 0.72, 0.31, 0.75, 0.33, 0.24, 0.62, 0.6, 0.42, 0.86, 1.0, 0.72, 0.24, 0.68, 0.78, 0.7, 0.0, 0.88, 0.31, 0.78, 0.66, 0.64, 0.67, 0.84, 0.25, 0.75, 0.75, 0.35, 0.69, 0.0, 0.65, 0.24, 0.84, 0.75, 0.32, 1.0, 0.78, 0.8, 0.76, 0.88, 0.81, 0.78, 0.82, 0.3, 0.6, 0.75, 0.33, 1.0, 1.0, 0.79, 0.07, 0.75, 1.0, 0.86, 0.07, 0.18, 0.44, 0.0, 0.66, 0.22, 0.72, 0.31, 0.75, 0.64, 0.78, 0.43, 0.75, 0.32, 0.75, 0.4, 0.63]"
999,1338528,0.33,0.194,995,2025-02-23 07:24:07.324950,"['32219', '32223', '32226', '32230', '32236', '32247', '32249', '32252', '32253', '32270', '32273', '32275', '32279', '32281', '32287']","[835, 3703, 216, 539, 5195, 3052, 506, 117, 5614, 2840, 637, 4003, 2378, 712, 4033, 4723, 2943, 4600, 4065, 5541, 4701, 5658, 3951, 2050, 4442, 391, 3285, 990, 4322, 3263, 882, 5465, 1786, 449, 2620, 823]","[0.34, 0.66, 0.76, 0.31, 0.64, 0.75, 0.25, 0.43, 0.32, 0.75, 0.5, 0.5, 0.75, 0.79, 0.36, 0.6, 0.25, 0.47, 0.68, 0.6, 0.36, 0.75, 0.25, 0.73, 0.56, 0.56, 0.63, 0.79, 0.48, 0.54, 0.64, 0.52, 0.45, 0.75, 0.49, 0.75, 0.82, 0.47, 0.25, 0.25, 0.69, 0.67, 0.66, 0.8, 0.69, 0.59, 0.73, 0.55, 0.34, 0.55, 0.47, 0.35, 0.41, 0.77, 0.24, 0.48, 0.25, 0.77, 0.21, 0.25, 0.43, 0.33, 0.55, 0.35, 0.65, 0.0, 0.64, 0.75, 0.73, 0.49, 0.68, 0.4, 0.54, 0.5, 0.52]"
